TransactionID,UserID,TransactionDate,TransactionTime,TransactionAmount,TransactionType,MerchantID,Currency,TransactionStatus,DeviceType,DeviceID,IP_Address,PaymentMethod,Location,LocationCoordinates,Age,Gender,AccountCreationDate,AccountStatus,UserProfileCompleteness,PreviousFraudAttempts,SuspiciousFlag,IsFraud,ReviewStatus,AnomalyScore,year
4b73edd4-1bcd-4b4c-8b45-837c091422f0,U000347,2022-01-23 20:23:05,20:23:05,714806.34,online_payment,M00100,USD,success,atm,D002974,60.66.114.211,bank_transfer,Kuala Lumpur,"12.143206,106.680664",37,F,2016-09-18,active,0.61,1,0,0,auto_approved,0.3775,2022
0778de38-64fa-43ed-8b39-bf071b524cce,U001903,2022-04-23 19:50:17,19:50:17,215116.55,cash_withdrawal,M00296,VND,success,mobile,D001436,128.148.14.21,mobile_wallet,Kuala Lumpur,"20.383354,107.846507",63,M,2016-04-25,active,0.86,0,1,1,pending_review,0.3746,2022
61ce3c57-a0ef-46e2-bfbd-9946d174777b,U001420,2022-08-07 04:47:00,04:47:00,1117049.74,bill_payment,M00164,USD,success,desktop,D002809,119.233.58.230,bank_transfer,Singapore,"18.262562,108.387806",32,F,2019-07-08,active,0.94,0,0,0,auto_approved,0.0427,2022
5f8c4ff3-34b9-40af-978f-be78fe2c1b6b,U001783,2022-07-02 23:55:26,23:55:26,59926.56,purchase,M00106,USD,success,mobile,D000970,81.109.209.28,debit_card,Ho Chi Minh City,"13.461609,107.603482",59,F,2015-04-24,active,0.47,0,1,0,auto_approved,0.3093,2022
149ff425-d351-41ee-9be7-0b9e1b3cc241,U000269,2022-11-01 14:46:35,14:46:35,2500293.34,online_payment,M00288,VND,success,atm,D000131,17.107.56.165,debit_card,Bangkok,"15.717425,107.483467",45,F,2020-06-15,active,0.83,1,0,0,auto_approved,0.5328,2022
256659ac-0885-458b-963b-292949af2693,U001184,2022-01-29 11:34:59,11:34:59,81785.93,purchase,M00186,USD,success,desktop,D000081,197.69.129.158,bank_transfer,Hanoi,"18.83948,102.471601",62,M,2019-10-25,active,0.64,0,0,0,auto_approved,0.3351,2022
3063e471-3051-47af-9acd-21dfdd699949,U001586,2022-01-13 06:40:36,06:40:36,326071.04,transfer,M00302,USD,success,atm,D001504,103.130.98.64,bank_transfer,Singapore,"15.649207,105.16598",43,F,2021-04-12,active,0.54,0,0,0,auto_approved,0.342,2022
d37d72b7-9dc5-4f75-bb1e-8af770e5d82a,U000601,2022-06-17 15:08:19,15:08:19,24614.54,transfer,M00399,VND,success,desktop,D001212,80.167.49.61,bank_transfer,Kuala Lumpur,"19.208777,108.509231",36,F,2019-03-21,active,0.46,0,0,0,auto_approved,0.139,2022
caa6aa8b-f485-4de5-a2b5-613ea564b7f9,U000557,2022-05-26 17:28:03,17:28:03,63467.04,transfer,M00351,VND,success,desktop,D002042,157.80.58.69,debit_card,Kuala Lumpur,"10.228971,106.309513",26,M,2016-07-05,active,0.45,0,0,0,auto_approved,0.309,2022
5713f9a0-e4f7-43e2-83c2-8298e798ac15,U000458,2022-02-16 23:08:19,23:08:19,154270.38,online_payment,M00280,VND,success,mobile,D002677,111.171.68.67,debit_card,Hanoi,"15.000962,104.922981",22,M,2014-05-31,active,0.77,0,0,0,auto_approved,0.3291,2022
4b3bbe1b-7efc-4bb7-97c0-791391b36372,U001801,2022-05-16 00:26:04,00:26:04,1656901.83,bill_payment,M00341,VND,success,mobile,D000017,48.45.132.40,bank_transfer,Bangkok,"19.0878,106.394233",35,M,2020-04-22,active,0.71,0,0,0,auto_approved,0.2768,2022
86fb71f3-c28b-4d98-a7be-44a609c8e30f,U000119,2022-06-26 06:46:43,06:46:43,528520.13,purchase,M00085,VND,success,desktop,D001124,42.134.209.151,debit_card,Da Nang,"19.53724,107.009946",20,M,2018-08-06,active,0.53,0,0,0,auto_approved,0.1807,2022
c628a027-5ea9-4a4f-9839-e8a13306ce72,U000917,2022-08-08 22:03:28,22:03:28,368723.65,transfer,M00007,USD,pending,mobile,D000507,70.244.84.13,debit_card,Da Nang,"13.885652,104.619503",31,M,2018-12-12,active,0.71,0,0,0,auto_approved,0.2995,2022
e375aecc-6ccf-4828-8dbd-c3ed5ac75ecd,U000987,2022-08-02 03:44:29,03:44:29,954460.33,online_payment,M00169,VND,success,atm,D000945,219.6.209.129,credit_card,Singapore,"8.785191,106.170228",44,M,2019-05-11,active,0.94,2,1,0,auto_approved,0.4787,2022
de2889f0-988f-4705-a210-085f5697a603,U000457,2022-09-05 00:02:06,00:02:06,46873.68,online_payment,M00274,USD,success,atm,D001582,60.86.161.92,debit_card,Kuala Lumpur,"18.050729,108.434692",55,F,2019-12-03,active,0.82,0,0,0,auto_approved,0.0297,2022
a2bb0564-a7b1-4f4c-bb4a-7c302f3f9655,U000534,2022-07-17 05:45:48,05:45:48,1005074.93,bill_payment,M00366,USD,success,pos,D000327,38.14.5.83,credit_card,Da Nang,"21.242337,103.063616",61,F,2017-09-17,active,0.83,0,0,0,auto_approved,0.3081,2022
a53fb0c5-712a-4574-8688-745ea311e556,U000714,2022-04-19 00:41:30,00:41:30,132131.02,cash_withdrawal,M00165,USD,success,pos,D001545,127.218.11.192,mobile_wallet,Hanoi,"19.906432,106.708496",65,M,2020-11-12,active,0.47,0,0,0,auto_approved,0.125,2022
c1c963f6-2ea3-4f2d-a4da-db81d4fc5f78,U000475,2022-02-05 15:10:38,15:10:38,1589048.37,bill_payment,M00478,USD,success,desktop,D000554,7.250.11.92,mobile_wallet,Kuala Lumpur,"8.690339,107.467226",47,F,2014-07-10,active,0.9,0,0,0,auto_approved,0.1437,2022
e9f006b6-4150-43a8-b727-3aac7a37b96e,U000959,2022-10-10 22:06:57,22:06:57,831360.8,bill_payment,M00323,VND,success,desktop,D002264,76.186.199.150,debit_card,Kuala Lumpur,"13.867807,105.408408",59,M,2022-07-27,active,0.63,0,0,0,auto_approved,0.218,2022
d5b95f2e-d467-470c-bad2-110273b6079a,U000858,2022-06-29 16:59:04,16:59:04,75883.31,cash_withdrawal,M00190,USD,success,pos,D000141,112.75.145.2,bank_transfer,Kuala Lumpur,"16.19597,107.354325",56,M,2015-09-05,under_review,0.87,1,0,0,auto_approved,0.5631,2022
9e4cd705-7795-4638-bdfb-3c8f738926a9,U000528,2022-08-16 19:47:37,19:47:37,239579.16,online_payment,M00355,VND,success,atm,D002469,81.69.170.84,credit_card,Kuala Lumpur,"12.370187,105.657012",24,F,2021-09-05,active,0.99,1,0,0,auto_approved,0.2027,2022
713fa1ec-0093-489f-8a42-650fd35d85a5,U000238,2022-08-29 18:51:35,18:51:35,134704.02,bill_payment,M00146,USD,success,pos,D000790,84.172.71.151,mobile_wallet,Kuala Lumpur,"13.058595,102.525588",38,M,2021-03-29,active,0.78,1,0,0,auto_approved,0.4484,2022
295cc6f8-57e6-452a-8a9c-b9ae981f91f0,U000079,2022-04-14 00:37:44,00:37:44,837714.36,online_payment,M00102,USD,success,pos,D001147,213.59.152.17,mobile_wallet,Kuala Lumpur,"21.635117,108.277868",26,F,2014-09-01,active,0.56,0,0,0,auto_approved,0.3498,2022
f09aa8e7-bb48-4976-919e-33a6b00d5454,U001897,2022-05-28 06:40:41,06:40:41,686711.79,transfer,M00290,USD,success,atm,D002007,32.47.138.43,mobile_wallet,Hanoi,"15.416896,105.282814",66,M,2014-11-19,active,0.63,1,0,0,auto_approved,0.1934,2022
6d360cf6-6dce-4b39-88c7-bef333c94c94,U000519,2022-01-15 00:37:49,00:37:49,496076.55,transfer,M00157,USD,success,mobile,D001051,60.194.175.24,debit_card,Singapore,"8.644747,103.799751",51,F,2014-06-19,blocked,0.72,1,0,0,auto_approved,0.3753,2022
b713c850-f138-489d-8d07-ab8f5db27085,U000363,2022-02-19 16:38:17,16:38:17,1498553.12,bill_payment,M00128,VND,success,desktop,D002530,43.58.75.223,bank_transfer,Singapore,"20.927252,102.953316",34,M,2019-12-16,active,0.52,3,1,1,pending_review,0.5705,2022
bb0c8016-4e19-46ec-99f0-195e6fd5866f,U001697,2022-06-14 07:34:06,07:34:06,74125.06,online_payment,M00269,VND,success,mobile,D000976,68.70.238.119,credit_card,Hanoi,"10.586942,107.007605",61,F,2021-05-28,active,0.52,0,0,0,auto_approved,0.3331,2022
c97cdf09-df7b-4615-a701-44b6b503730c,U000448,2022-03-28 22:00:56,22:00:56,2124013.29,purchase,M00238,VND,success,pos,D001283,98.6.221.96,credit_card,Singapore,"13.429964,106.497816",22,M,2020-06-28,active,0.98,0,0,0,auto_approved,0.2409,2022
78e732d1-a79b-4b09-92c1-379f83b862a4,U001632,2022-06-28 07:08:48,07:08:48,158818.64,cash_withdrawal,M00308,USD,success,desktop,D000478,199.156.216.7,mobile_wallet,Kuala Lumpur,"10.778428,108.003984",20,M,2018-06-09,active,0.56,0,0,0,auto_approved,0.4333,2022
6fec5e3b-80e3-4400-95ff-6bb934f91af6,U000330,2022-12-05 03:27:33,03:27:33,87248.04,transfer,M00437,VND,success,mobile,D000345,80.194.53.204,bank_transfer,Kuala Lumpur,"14.727258,104.496616",43,F,2021-11-14,active,0.82,0,0,0,auto_approved,0.3928,2022
2d8c271d-b600-49eb-b8f6-700c03b40708,U000962,2022-03-01 11:47:28,11:47:28,344570.03,transfer,M00186,VND,success,desktop,D001399,152.108.146.214,mobile_wallet,Kuala Lumpur,"15.871594,104.310273",38,F,2014-02-26,active,0.45,1,0,0,auto_approved,0.4143,2022
7994948d-8a6a-4823-b636-bee2314d5763,U000962,2022-05-06 03:19:40,03:19:40,80171.77,online_payment,M00381,USD,success,atm,D002852,135.166.89.179,mobile_wallet,Hanoi,"8.710747,103.731152",34,M,2021-12-25,active,0.62,0,1,1,pending_review,0.4488,2022
4b57826c-143c-4259-92be-5961a2cf922d,U001986,2022-03-21 08:26:12,08:26:12,419584.35,purchase,M00406,USD,success,atm,D000921,198.86.129.9,bank_transfer,Hanoi,"9.485419,107.814291",45,M,2020-08-17,active,0.67,0,0,0,auto_approved,0.2933,2022
34c35af0-ca24-48d2-acc6-7916dc9afe28,U000726,2022-03-08 15:59:04,15:59:04,76904.68,online_payment,M00178,VND,success,pos,D001256,224.31.86.52,debit_card,Da Nang,"9.522691,108.833479",32,F,2018-07-22,active,0.47,0,0,0,auto_approved,0.4442,2022
d4eccb26-069e-4d45-9004-209c64346d1a,U000395,2022-09-20 04:55:19,04:55:19,1502278.8,transfer,M00195,USD,success,mobile,D002610,27.52.127.247,bank_transfer,Hanoi,"16.449048,105.067008",18,M,2020-03-21,active,0.56,0,0,0,auto_approved,0.4054,2022
08a20c36-b730-497f-91d7-d95752c94b0b,U000450,2022-08-15 19:15:07,19:15:07,463208.89,online_payment,M00098,VND,success,desktop,D002830,152.14.226.199,debit_card,Hanoi,"9.992759,105.385093",33,F,2021-08-02,active,0.79,0,0,0,auto_approved,0.3334,2022
60aed40f-ae77-4dfb-b1b6-b2b8b1fe14d7,U000882,2022-04-10 13:29:12,13:29:12,607830.2,cash_withdrawal,M00482,USD,failed,desktop,D000535,108.66.9.147,mobile_wallet,Ho Chi Minh City,"18.534448,108.024258",47,F,2019-05-17,active,0.49,0,0,0,auto_approved,0.2086,2022
b8128fed-f1e5-429e-a59f-f5de2561aa13,U000869,2022-06-11 20:23:05,20:23:05,158644.55,cash_withdrawal,M00027,VND,success,desktop,D000113,218.112.246.25,credit_card,Bangkok,"10.612916,108.342294",49,M,2019-03-24,active,0.79,0,0,0,auto_approved,0.1079,2022
601d49aa-d682-46a5-b7a6-e467fd77d564,U001621,2022-08-11 07:17:45,07:17:45,217056.64,cash_withdrawal,M00469,USD,success,pos,D000689,216.214.46.157,mobile_wallet,Singapore,"16.46089,108.282566",34,M,2018-09-04,active,0.67,0,0,0,auto_approved,0.3426,2022
5ed0cb33-22e4-4f10-a43c-32500b5c6e9d,U000965,2022-06-24 13:04:24,13:04:24,2725387.4,cash_withdrawal,M00333,VND,success,atm,D000170,207.56.243.42,mobile_wallet,Hanoi,"9.95486,103.75502",36,F,2014-08-19,active,0.72,0,0,0,auto_approved,0.372,2022
660004e5-3151-4cb4-ad48-4f9ed3be1455,U000285,2022-07-08 08:06:02,08:06:02,641465.11,purchase,M00339,VND,success,atm,D001138,189.196.142.124,mobile_wallet,Ho Chi Minh City,"14.505154,107.922644",53,M,2014-08-14,active,0.5,0,0,0,auto_approved,0.2376,2022
65e28e63-ae62-4c6e-acc8-411895a7e97e,U001640,2022-01-10 00:04:24,00:04:24,29328.83,bill_payment,M00246,VND,success,pos,D000722,58.95.220.191,credit_card,Ho Chi Minh City,"14.667484,105.57914",65,F,2019-02-16,blocked,0.99,1,0,0,auto_approved,0.2064,2022
85ac9167-9e45-4b98-9f08-61dd60c8e404,U000616,2022-11-06 04:42:07,04:42:07,3075877.13,purchase,M00136,VND,success,pos,D002084,73.24.131.83,credit_card,Hanoi,"14.454641,104.66211",45,F,2020-03-08,active,0.84,0,1,0,auto_approved,0.4771,2022
6c19b801-55a3-4368-9e18-6d2a922aa49e,U001928,2022-01-01 02:12:28,02:12:28,310442.25,bill_payment,M00416,VND,success,mobile,D002203,113.132.75.132,bank_transfer,Hanoi,"20.72802,102.507801",58,M,2014-06-07,active,0.98,0,0,0,auto_approved,0.0209,2022
591078db-b4fa-4217-a456-65524ec8833b,U000954,2022-05-25 14:02:54,14:02:54,2603549.95,transfer,M00301,USD,success,desktop,D001252,97.231.40.163,debit_card,Kuala Lumpur,"9.746729,103.742296",18,F,2021-02-24,active,0.94,0,0,0,auto_approved,0.1855,2022
6b10d31e-1024-4020-8526-4cdf51a56e95,U001927,2022-11-21 13:27:03,13:27:03,487698.09,transfer,M00221,VND,success,atm,D002704,56.247.244.3,mobile_wallet,Ho Chi Minh City,"11.39898,103.713013",30,F,2020-06-09,active,0.73,0,0,0,auto_approved,0.2778,2022
bbc3e92d-6eca-425e-9484-60484245949d,U000995,2022-06-10 12:40:24,12:40:24,2612336.53,bill_payment,M00497,USD,success,atm,D002598,132.62.79.117,credit_card,Bangkok,"11.319856,105.298304",43,M,2017-11-10,blocked,0.66,2,1,0,auto_approved,0.5701,2022
75f9f5e4-be07-40fd-97e9-f7768da9c437,U000205,2022-03-07 10:20:33,10:20:33,283541.55,bill_payment,M00265,USD,success,mobile,D000752,146.86.213.129,mobile_wallet,Kuala Lumpur,"21.091766,102.023503",53,M,2020-08-26,active,0.88,1,0,0,auto_approved,0.1448,2022
25c4fef1-3a39-4152-9413-7ee62ebb4582,U000531,2022-09-01 18:03:38,18:03:38,1449655.33,cash_withdrawal,M00267,VND,success,atm,D002372,209.174.77.131,mobile_wallet,Da Nang,"8.906124,104.712704",34,M,2019-02-16,under_review,0.66,0,0,0,auto_approved,0.0694,2022
c2dd076e-bc87-4a19-aa8d-df0e8ecd7df8,U000834,2022-11-20 00:02:59,00:02:59,833204.78,online_payment,M00429,USD,success,atm,D001505,94.165.202.37,credit_card,Singapore,"9.351142,102.339569",26,M,2021-12-23,active,0.56,2,1,0,auto_approved,0.4856,2022
36730f89-9f6a-4761-9eec-96dc39848c84,U000326,2022-03-10 18:11:22,18:11:22,239436.17,purchase,M00419,VND,success,desktop,D001784,134.89.228.95,bank_transfer,Da Nang,"16.375482,104.239401",24,F,2016-02-03,active,0.62,2,1,0,auto_approved,0.1296,2022
1953e73a-a0bf-4397-97c6-b794b3ff5e62,U001998,2022-11-20 05:56:40,05:56:40,403699.66,transfer,M00186,VND,success,pos,D002935,175.234.183.195,bank_transfer,Bangkok,"17.409144,107.408914",41,F,2014-12-03,active,0.94,0,0,0,auto_approved,0.0984,2022
773598c9-54d3-4b74-a690-2ce1ffa8372d,U000632,2022-04-12 17:41:15,17:41:15,142194.33,purchase,M00345,VND,success,atm,D000452,165.241.246.35,debit_card,Bangkok,"11.415409,108.859516",20,M,2014-11-19,active,0.56,0,0,0,auto_approved,0.0639,2022
b7e9d6f3-13e7-4d62-9016-923b9b7c2317,U000399,2022-11-23 01:25:14,01:25:14,147777.9,purchase,M00410,USD,success,atm,D000598,65.192.165.190,debit_card,Singapore,"10.588293,102.609555",70,M,2019-12-15,active,0.48,0,0,0,auto_approved,0.0798,2022
7eb2e777-a7dc-4d24-91d2-0e70ca910664,U001242,2022-06-15 19:23:25,19:23:25,352684.82,bill_payment,M00026,USD,success,atm,D002132,231.237.67.203,credit_card,Kuala Lumpur,"13.908596,108.273022",50,F,2020-07-05,active,0.48,0,0,0,auto_approved,0.267,2022
a76e2a37-cbbb-4a11-b73f-24f769471d48,U001451,2022-07-03 15:59:26,15:59:26,666180.44,online_payment,M00340,USD,success,desktop,D002208,126.29.217.199,debit_card,Singapore,"13.853076,103.304513",48,F,2020-12-03,active,0.99,0,0,0,auto_approved,0.2971,2022
c0375dea-3a71-44dc-b8a0-75677a63b3a9,U000257,2022-04-12 00:11:51,00:11:51,655827.75,purchase,M00319,USD,success,pos,D002043,251.241.211.38,mobile_wallet,Ho Chi Minh City,"21.939615,103.811333",59,M,2022-02-10,active,0.48,0,0,0,auto_approved,0.2106,2022
af43b67e-dba2-4e60-933f-2575ad1162a7,U000112,2022-11-20 18:24:11,18:24:11,1181090.67,purchase,M00254,VND,success,desktop,D001453,164.114.169.255,credit_card,Ho Chi Minh City,"12.275787,107.280982",63,M,2021-01-20,active,0.97,0,0,0,auto_approved,0.0846,2022
13d486d3-1b96-4ebc-97d7-251992adc25e,U000819,2022-08-08 15:46:51,15:46:51,434157.0,transfer,M00348,USD,success,mobile,D002226,32.153.189.15,credit_card,Bangkok,"19.114943,108.820427",29,M,2016-06-19,active,0.53,0,0,0,auto_approved,0.37,2022
19bae5b6-7ab4-4c68-8366-43fdf2bd0ea6,U000314,2022-10-28 08:36:21,08:36:21,943546.85,transfer,M00028,USD,success,desktop,D002951,246.197.109.130,bank_transfer,Da Nang,"18.68495,103.21388",58,M,2014-12-07,active,0.68,0,0,0,auto_approved,0.3394,2022
82fcbbec-4e61-4e4a-99e6-f6f1906f51ff,U000604,2022-10-27 01:14:25,01:14:25,167744.04,online_payment,M00042,USD,success,pos,D002555,119.225.159.173,bank_transfer,Bangkok,"8.327001,107.968008",62,F,2016-11-30,active,0.48,0,0,0,auto_approved,0.0992,2022
0230e6db-c79b-4de0-b822-f6adbe90e8ae,U001265,2022-02-03 04:08:55,04:08:55,1509642.63,cash_withdrawal,M00101,VND,success,pos,D002231,4.2.78.128,credit_card,Singapore,"17.966504,105.611477",61,F,2014-11-22,active,0.98,0,0,0,auto_approved,0.2549,2022
c3d05684-f406-4cc1-bbff-a5ec85c7deac,U000269,2022-10-16 20:55:52,20:55:52,431344.7,cash_withdrawal,M00210,USD,success,atm,D002646,81.216.7.232,mobile_wallet,Singapore,"15.383454,103.140617",31,F,2017-03-01,active,0.69,0,0,0,auto_approved,0.3227,2022
4f381860-26ed-4858-a1e4-fbe0371257f9,U001818,2022-02-12 23:38:03,23:38:03,43863.53,cash_withdrawal,M00481,USD,success,mobile,D001453,26.121.65.1,debit_card,Hanoi,"12.184134,103.71478",43,F,2016-12-25,active,0.62,2,1,0,auto_approved,0.5474,2022
5be39a63-b55d-4b67-aafb-9b1a4b65db03,U001076,2022-09-13 10:05:11,10:05:11,606072.32,transfer,M00150,USD,success,desktop,D000641,23.102.25.98,bank_transfer,Hanoi,"11.523823,104.964429",33,F,2018-11-02,active,0.6,0,0,0,auto_approved,0.3525,2022
517e87b2-664c-4a79-bf17-b7fa58d56515,U001927,2022-01-12 04:03:02,04:03:02,515397.83,online_payment,M00222,VND,success,desktop,D000763,166.251.223.32,mobile_wallet,Kuala Lumpur,"11.308928,108.376909",44,M,2017-03-24,active,0.71,1,0,0,auto_approved,0.3238,2022
e8b20304-194e-4729-9b3a-694ed8b147bd,U001496,2022-06-25 12:17:31,12:17:31,266081.55,bill_payment,M00001,VND,success,mobile,D000068,178.165.180.47,bank_transfer,Bangkok,"20.856374,104.392027",68,M,2018-01-22,active,0.58,0,0,0,auto_approved,0.1114,2022
c1d7e71c-a8b7-4833-ae95-dc121443fd55,U001047,2022-01-28 16:32:08,16:32:08,1141934.83,purchase,M00344,VND,success,pos,D002357,187.236.97.231,credit_card,Hanoi,"21.465331,107.989223",35,M,2015-09-14,active,0.48,0,0,0,auto_approved,0.1381,2022
3ca800ef-fa40-443a-ad58-6cc9417260ca,U001598,2022-01-09 06:13:06,06:13:06,1285559.55,bill_payment,M00286,USD,success,pos,D001053,88.20.149.46,credit_card,Bangkok,"13.515983,108.577573",58,M,2016-04-30,active,0.67,0,0,0,auto_approved,0.2936,2022
2e1060d3-9164-49e3-9c10-269ea163c08d,U001428,2022-09-30 19:33:22,19:33:22,22813.08,transfer,M00182,USD,pending,mobile,D002682,190.28.24.118,mobile_wallet,Bangkok,"18.781279,105.27651",55,F,2017-08-21,active,0.54,0,0,0,auto_approved,0.2569,2022
5e3a090c-7218-4822-be61-cf8f5753bbe4,U001524,2022-02-07 22:37:59,22:37:59,336027.47,purchase,M00460,USD,success,pos,D001765,67.252.244.176,debit_card,Hanoi,"11.150906,104.549791",41,F,2021-05-08,active,0.77,0,0,0,auto_approved,0.1138,2022
a2153f0d-8516-42d3-8ff7-1051fd22a311,U000666,2022-05-01 01:06:13,01:06:13,291070.51,bill_payment,M00104,VND,success,desktop,D000647,228.248.233.221,bank_transfer,Singapore,"9.685305,102.569308",55,M,2020-04-25,active,0.72,0,0,0,auto_approved,0.3526,2022
bb9ad3f0-ff31-420e-9653-baacc6bacc3e,U000919,2022-10-27 03:21:17,03:21:17,907387.29,online_payment,M00462,VND,success,pos,D000342,96.126.125.34,mobile_wallet,Singapore,"15.482118,105.213999",36,M,2017-02-27,active,0.71,0,0,0,auto_approved,0.239,2022
360082d3-fa1d-4a1b-8fbf-9be984f45563,U000702,2022-04-27 01:57:47,01:57:47,1648175.47,cash_withdrawal,M00317,VND,success,mobile,D001444,94.138.185.57,bank_transfer,Da Nang,"16.966336,103.870082",27,M,2021-06-06,active,0.59,0,1,0,auto_approved,0.2405,2022
a3ad2048-2924-46c0-b57f-ebe3cb5e0661,U000020,2022-04-30 04:23:10,04:23:10,91615.7,bill_payment,M00310,USD,success,mobile,D002161,31.254.199.252,debit_card,Singapore,"20.240426,107.216193",41,F,2017-08-03,active,0.75,0,0,0,auto_approved,0.3853,2022
eaa18edb-9a55-4857-bad8-49d08f4cd412,U001351,2022-03-28 03:59:40,03:59:40,1017802.55,purchase,M00242,VND,success,desktop,D000922,238.149.11.242,bank_transfer,Ho Chi Minh City,"19.455772,105.867816",45,F,2018-12-06,active,0.64,0,0,0,auto_approved,0.3496,2022
3e4eb400-00ef-4962-848b-5119d1cf3e37,U001366,2022-01-05 15:26:01,15:26:01,1030537.48,bill_payment,M00410,VND,success,atm,D001099,221.88.213.152,debit_card,Kuala Lumpur,"18.756647,103.222787",70,F,2014-11-20,active,0.82,0,0,0,auto_approved,0.3834,2022
536f20b4-881f-448a-ae73-e642075de76d,U001630,2022-09-20 23:48:01,23:48:01,1581072.5,bill_payment,M00204,VND,success,pos,D002193,216.120.234.76,credit_card,Kuala Lumpur,"11.044263,104.63689",35,F,2015-05-08,active,0.51,0,0,0,auto_approved,0.3871,2022
ac8233d9-a26e-4951-b9f7-cecea4ccada8,U001005,2022-09-06 09:00:52,09:00:52,591412.1,bill_payment,M00078,VND,success,mobile,D002213,217.68.219.25,mobile_wallet,Singapore,"19.886808,105.472937",42,M,2021-01-30,active,0.56,0,0,0,auto_approved,0.203,2022
17f9ef32-2f0d-409b-a9e0-2f40d41b35b0,U001114,2022-08-24 21:34:35,21:34:35,87359.84,bill_payment,M00251,USD,success,mobile,D002544,230.233.121.5,credit_card,Hanoi,"15.737476,108.651367",27,F,2019-04-08,active,0.86,0,0,0,auto_approved,0.2216,2022
d0d28b97-01ff-414c-b159-2a826e15b20b,U001030,2022-01-14 17:18:41,17:18:41,63890.73,transfer,M00269,USD,success,atm,D002239,236.83.171.137,credit_card,Bangkok,"9.575685,107.713582",22,F,2014-05-10,active,0.55,0,1,1,pending_review,0.4778,2022
4c83c9d2-1365-453e-be05-0a5f738289f2,U000725,2022-04-25 03:42:02,03:42:02,1444737.09,purchase,M00390,USD,failed,pos,D002998,2.31.48.174,debit_card,Ho Chi Minh City,"8.540531,104.139016",60,F,2016-01-03,active,0.86,0,0,0,auto_approved,0.1348,2022
ef2ab6cc-1cd3-4cdb-900f-15fbf666e0c4,U000355,2022-01-09 20:19:32,20:19:32,295201.33,transfer,M00217,USD,success,pos,D002940,65.207.209.216,debit_card,Kuala Lumpur,"18.979124,103.891213",61,F,2014-07-18,active,0.65,2,1,0,auto_approved,0.1367,2022
0254ea2f-e3ae-4536-8f9b-c53cd3143dd1,U000926,2022-02-23 02:57:58,02:57:58,166647.88,bill_payment,M00437,VND,success,atm,D000250,68.21.94.242,mobile_wallet,Kuala Lumpur,"13.567234,103.646927",68,M,2016-03-16,active,0.91,0,0,0,auto_approved,0.3844,2022
e2355338-db73-4a34-9ddb-ee80e6baacc5,U001714,2022-08-02 07:11:07,07:11:07,336976.38,transfer,M00497,VND,success,desktop,D000867,132.227.85.34,debit_card,Da Nang,"10.274603,107.506174",29,M,2017-08-01,active,0.51,0,0,0,auto_approved,0.0994,2022
2a64acd2-8bed-4e0f-881e-c7103f8444be,U001885,2022-08-23 15:30:00,15:30:00,21462.61,purchase,M00107,VND,success,atm,D000405,131.83.151.31,debit_card,Bangkok,"14.842247,104.111701",43,F,2017-12-02,active,0.54,0,0,0,auto_approved,0.2675,2022
5a428135-e7ea-48f0-a6fb-c04183f3cad7,U001784,2022-04-03 01:57:45,01:57:45,269659.89,cash_withdrawal,M00054,VND,failed,pos,D002863,96.237.175.162,mobile_wallet,Kuala Lumpur,"18.343369,108.101911",25,F,2019-10-13,active,0.74,0,1,0,auto_approved,0.2899,2022
29ab86cd-bb5e-450b-9b7d-f6b8fbee0e0b,U001677,2022-02-27 18:29:32,18:29:32,964165.3,cash_withdrawal,M00376,VND,success,mobile,D000801,20.116.225.144,bank_transfer,Singapore,"13.684898,105.959645",32,M,2015-07-21,active,0.67,0,0,0,auto_approved,0.3916,2022
b766d675-0246-4833-9b4a-5dcd3402bd52,U001742,2022-03-13 18:42:08,18:42:08,400899.59,bill_payment,M00460,VND,success,pos,D001491,184.141.92.223,mobile_wallet,Hanoi,"16.326169,102.885903",59,F,2014-01-04,active,0.92,0,0,0,auto_approved,0.079,2022
3a6ef947-cb11-44cc-95d4-2191b3c979a1,U000904,2022-07-09 05:11:23,05:11:23,264134.65,purchase,M00224,VND,success,pos,D000202,11.143.85.227,mobile_wallet,Da Nang,"19.055703,103.396565",40,F,2014-12-08,active,0.96,0,0,0,auto_approved,0.2172,2022
44583524-958e-4e9a-9153-a5c8b2d7a404,U001498,2022-03-17 21:11:20,21:11:20,582329.25,cash_withdrawal,M00004,USD,failed,pos,D000255,28.188.54.133,credit_card,Kuala Lumpur,"21.126153,102.271107",46,M,2021-04-30,active,0.65,0,0,0,auto_approved,0.1212,2022
41c5486c-c8da-4929-a31d-d71d37659643,U000065,2022-03-14 17:44:21,17:44:21,495209.6,cash_withdrawal,M00392,VND,success,mobile,D002259,190.22.241.108,bank_transfer,Ho Chi Minh City,"12.879164,103.618752",43,F,2018-10-06,active,0.67,0,0,0,auto_approved,0.2731,2022
30b20189-c9d3-4924-915b-6ecd5c5d6466,U000934,2022-06-03 20:47:10,20:47:10,82625.68,transfer,M00158,USD,success,pos,D002519,233.117.172.66,mobile_wallet,Singapore,"11.253837,106.086797",36,F,2020-02-21,active,0.96,0,0,0,auto_approved,0.0537,2022
c687421f-5069-411d-a4bc-d012c3ad66d9,U001553,2022-08-31 03:57:37,03:57:37,1259168.64,online_payment,M00125,VND,success,desktop,D002658,88.222.212.183,credit_card,Kuala Lumpur,"14.845419,103.539202",18,F,2015-10-22,active,0.64,3,1,1,pending_review,0.2996,2022
2d01be30-1a7c-40fa-9334-e912580d6af5,U001883,2022-05-15 08:48:09,08:48:09,497183.01,online_payment,M00121,USD,success,mobile,D000239,140.8.108.45,credit_card,Hanoi,"14.718837,103.684471",26,M,2019-10-09,active,0.84,0,1,1,pending_review,0.3465,2022
5097e15f-7e19-4937-82af-5c11fa8ae474,U000609,2022-10-02 19:31:58,19:31:58,488322.61,cash_withdrawal,M00018,VND,success,desktop,D000929,240.69.197.203,debit_card,Ho Chi Minh City,"8.278478,102.242348",27,M,2021-04-14,active,0.74,0,0,0,auto_approved,0.0464,2022
4bfad2ac-0c6c-4d0a-8912-ec64bbf0b852,U001615,2022-02-11 19:00:05,19:00:05,1279783.91,online_payment,M00386,VND,success,desktop,D001843,217.158.245.3,credit_card,Bangkok,"19.099248,104.157298",28,F,2020-03-18,under_review,1.0,0,0,0,auto_approved,0.3649,2022
234c23db-41bb-4813-a1a2-3676f4a0b497,U000763,2022-09-07 22:09:28,22:09:28,1975675.45,cash_withdrawal,M00439,USD,success,atm,D000505,200.165.227.24,bank_transfer,Kuala Lumpur,"18.452722,105.58067",44,M,2019-09-30,active,0.93,0,0,0,auto_approved,0.3911,2022
c700c69a-1554-4feb-b604-239f143d7f0a,U001333,2022-12-04 16:37:08,16:37:08,124062.52,online_payment,M00371,VND,failed,pos,D002562,200.243.103.138,mobile_wallet,Hanoi,"9.055641,106.690963",55,F,2017-11-02,active,0.66,0,0,0,auto_approved,0.0784,2022
10275e7b-a740-4a82-8746-ed7ff2eda0af,U000697,2022-11-03 17:00:32,17:00:32,1127034.63,bill_payment,M00270,VND,success,pos,D000213,164.77.163.236,mobile_wallet,Bangkok,"14.138905,106.135812",50,M,2018-06-03,active,0.9,0,0,0,auto_approved,0.3809,2022
bda8ba5f-1eb6-42e9-9c36-437d769703b4,U001979,2022-01-03 05:58:35,05:58:35,39836.1,purchase,M00027,VND,success,atm,D000923,23.242.141.10,bank_transfer,Hanoi,"8.273447,105.425256",33,M,2015-10-01,active,0.64,0,0,0,auto_approved,0.4447,2022
8263cb01-c481-4152-bfed-9e5f444a9494,U000159,2022-03-28 05:24:31,05:24:31,56142.61,online_payment,M00444,USD,success,atm,D002988,137.112.102.167,mobile_wallet,Ho Chi Minh City,"12.80699,103.33032",64,F,2015-01-28,active,0.9,0,0,0,auto_approved,0.097,2022
f6313a5b-f9f6-498a-95c9-d2992ab4be9a,U000558,2022-10-12 17:00:53,17:00:53,578108.23,purchase,M00075,USD,success,desktop,D002965,33.144.92.31,bank_transfer,Singapore,"12.872018,106.859536",29,F,2020-08-19,active,0.5,0,0,0,auto_approved,0.1601,2022
74a5a654-0d8f-4dd6-b8ab-9609d9354a01,U000965,2022-12-08 10:29:22,10:29:22,69798.13,bill_payment,M00394,USD,success,atm,D001595,121.19.120.254,credit_card,Da Nang,"21.002831,104.101498",20,F,2017-11-08,active,0.57,2,1,0,auto_approved,0.3994,2022
053b6756-539d-4c2d-89d0-a9a21c419801,U001499,2022-11-11 06:48:28,06:48:28,1023558.49,purchase,M00423,USD,success,pos,D000695,85.89.128.148,bank_transfer,Bangkok,"20.515027,102.30257",27,F,2015-01-12,active,0.47,1,0,0,auto_approved,0.4508,2022
a3287ead-38fa-4a56-9ff6-6cb763f50a6f,U000356,2022-11-30 02:02:37,02:02:37,71843.54,purchase,M00443,USD,success,pos,D000133,200.51.200.89,credit_card,Bangkok,"19.778892,105.002323",49,M,2015-07-28,active,0.9,0,0,0,auto_approved,0.1727,2022
d2b5ab90-7cdb-4dcc-ba62-9ab99d92cb42,U001485,2022-10-28 07:14:49,07:14:49,1045117.51,transfer,M00118,USD,success,mobile,D000241,31.98.49.116,mobile_wallet,Da Nang,"17.843028,108.579073",50,F,2017-10-29,active,0.8,0,0,0,auto_approved,0.4268,2022
425f1190-801b-470a-bd7a-28cbe0770cee,U001225,2022-07-05 16:22:40,16:22:40,214293.46,purchase,M00069,VND,success,desktop,D002672,110.41.232.92,debit_card,Bangkok,"17.147892,108.199059",65,F,2014-07-18,active,0.5,0,0,0,auto_approved,0.0229,2022
42ad0519-e4f8-4f99-9355-ae632bea5334,U001937,2022-04-25 20:08:09,20:08:09,65994.87,cash_withdrawal,M00491,USD,success,desktop,D002360,222.39.94.74,credit_card,Ho Chi Minh City,"11.521808,102.02079",50,F,2017-08-01,active,0.84,0,0,0,auto_approved,0.1659,2022
ecaaad45-caf5-410f-a8b8-0cac7d735c13,U001339,2022-08-03 10:54:18,10:54:18,84820.12,transfer,M00225,VND,success,mobile,D002294,93.44.69.132,credit_card,Da Nang,"10.92824,107.427854",67,F,2020-09-24,active,0.92,0,0,0,auto_approved,0.3951,2022
d5ccfcdb-fdf7-4dd6-89ad-c06ac2f03501,U000493,2022-05-22 17:42:45,17:42:45,1351161.67,transfer,M00386,VND,success,mobile,D001187,200.62.55.69,mobile_wallet,Bangkok,"12.020896,104.186933",69,M,2020-05-23,active,0.79,0,0,0,auto_approved,0.1078,2022
e218f936-abd7-421b-881f-00b3b7049267,U001396,2022-06-12 18:33:15,18:33:15,946349.97,transfer,M00161,USD,success,desktop,D002319,178.13.76.43,mobile_wallet,Bangkok,"11.219579,102.340282",51,F,2016-09-17,active,0.53,0,0,0,auto_approved,0.1954,2022
46f9c8de-961e-4418-89db-f7882e7b7069,U001183,2022-05-25 11:45:53,11:45:53,9066.19,online_payment,M00046,VND,success,mobile,D001850,167.215.85.20,bank_transfer,Bangkok,"10.707596,106.723819",52,F,2020-10-05,active,0.77,0,0,0,auto_approved,0.1956,2022
c64187ee-0c32-44a4-9e0b-8a053778f1e1,U001547,2022-05-25 21:08:09,21:08:09,355429.68,transfer,M00481,VND,success,desktop,D002935,6.178.100.66,credit_card,Kuala Lumpur,"11.413151,102.718277",36,M,2017-05-08,active,0.79,0,0,0,auto_approved,0.2108,2022
351d9dbd-1258-4a7a-8644-056e4aad5d13,U001466,2022-12-09 10:57:16,10:57:16,269751.06,transfer,M00392,USD,success,pos,D001116,158.37.11.168,credit_card,Da Nang,"12.831205,102.498942",53,M,2014-11-02,active,0.58,0,0,0,auto_approved,0.3231,2022
3c06109c-5732-4eea-975f-697e29a1f6f7,U001776,2022-09-14 06:24:55,06:24:55,2369340.8,purchase,M00266,VND,success,mobile,D002397,106.106.166.223,credit_card,Singapore,"15.744129,105.479315",21,F,2018-08-03,active,0.94,0,1,0,auto_approved,0.5534,2022
8d13b213-f871-4422-b668-c1f248972496,U001832,2022-01-12 18:50:08,18:50:08,316793.19,online_payment,M00132,VND,success,pos,D002433,45.167.0.16,mobile_wallet,Da Nang,"8.43186,107.101856",54,F,2014-02-08,active,0.67,0,0,0,auto_approved,0.4125,2022
dfc2a6d7-1405-43ae-986a-6e4da2926f5e,U001361,2022-01-07 04:09:29,04:09:29,409046.73,cash_withdrawal,M00229,VND,success,atm,D002686,151.248.142.204,debit_card,Kuala Lumpur,"14.293506,104.810938",30,M,2020-12-21,active,0.71,1,0,0,auto_approved,0.2458,2022
7be85bbf-66a1-4f5d-80c1-276df7ddedc2,U000731,2022-09-26 06:49:10,06:49:10,269981.25,purchase,M00268,VND,success,pos,D002312,156.28.120.73,debit_card,Singapore,"10.730906,106.431116",52,M,2016-08-03,active,0.56,0,0,0,auto_approved,0.3762,2022
6a076c48-ce9d-4a36-aaeb-e74e0611fdf4,U000395,2022-08-08 00:51:49,00:51:49,767550.69,cash_withdrawal,M00043,VND,success,atm,D002768,134.48.45.197,credit_card,Da Nang,"21.56427,108.819486",37,F,2018-09-12,active,0.93,1,0,0,auto_approved,0.5039,2022
6aba7ecb-f390-4c62-8b2f-8be7f804cdae,U001634,2022-02-08 15:01:21,15:01:21,491547.32,bill_payment,M00177,VND,success,pos,D000166,23.136.188.28,bank_transfer,Hanoi,"17.386079,107.728581",36,F,2018-02-27,active,0.71,2,1,0,auto_approved,0.512,2022
2a04d286-bb4e-4da7-b086-0b00b1df6a71,U001290,2022-03-22 21:07:56,21:07:56,1005136.04,purchase,M00138,USD,success,mobile,D001889,20.130.156.249,credit_card,Hanoi,"15.299698,103.736671",28,M,2019-09-13,under_review,0.76,1,0,0,auto_approved,0.4551,2022
5c4fb51c-a316-48ea-90c7-d59fd9d892f7,U001990,2022-04-02 11:55:31,11:55:31,272385.33,transfer,M00010,VND,success,atm,D000555,242.83.108.92,mobile_wallet,Hanoi,"19.042052,105.771467",63,F,2020-07-16,active,0.91,0,0,0,auto_approved,0.0978,2022
0ed4ef32-47d0-4072-8159-f3ba23b66d08,U000579,2022-05-08 21:55:43,21:55:43,416300.95,online_payment,M00168,VND,success,pos,D000445,71.235.193.100,mobile_wallet,Bangkok,"15.970596,103.641732",62,F,2017-11-19,active,0.51,0,1,0,auto_approved,0.4093,2022
8773a531-a35e-46ad-b322-51cee02ddfb7,U001119,2022-12-09 09:51:55,09:51:55,487304.6,transfer,M00446,USD,success,atm,D000333,54.121.189.90,mobile_wallet,Bangkok,"8.822768,104.80685",29,M,2017-01-26,active,0.86,0,0,0,auto_approved,0.1703,2022
37ecd0c4-b85f-4327-832a-eafe614b4aed,U000420,2022-02-20 12:16:14,12:16:14,1895975.99,cash_withdrawal,M00467,VND,failed,atm,D001449,106.157.136.81,bank_transfer,Ho Chi Minh City,"10.257117,102.55788",44,M,2017-12-19,active,0.96,0,0,0,auto_approved,0.3402,2022
733de91a-1530-4162-a60b-3f0e641cdaff,U001224,2022-03-27 02:02:19,02:02:19,330479.45,transfer,M00099,USD,success,pos,D000307,240.172.5.97,mobile_wallet,Kuala Lumpur,"14.769636,102.716413",64,F,2017-11-16,active,0.49,0,0,0,auto_approved,0.1794,2022
a6f22a32-52ea-4051-8da3-cb1646dbccd7,U001183,2022-12-28 22:29:51,22:29:51,820050.27,purchase,M00293,VND,success,atm,D000377,124.58.66.240,credit_card,Hanoi,"21.170228,108.796653",19,F,2019-12-31,active,0.96,0,0,0,auto_approved,0.1454,2022
1e0cbe5b-b8bd-485a-ab7d-f027a1c7ed63,U001921,2022-11-04 22:43:27,22:43:27,315219.9,cash_withdrawal,M00334,VND,success,mobile,D000788,9.73.111.206,bank_transfer,Hanoi,"18.21807,102.519706",51,M,2016-08-30,active,0.64,0,0,0,auto_approved,0.3246,2022
c0e950e6-7f4e-46fb-beb7-6d9d23c00893,U000330,2022-08-11 07:47:16,07:47:16,1381357.91,transfer,M00036,USD,success,atm,D000220,142.105.239.6,mobile_wallet,Singapore,"8.727065,107.761791",40,M,2018-12-18,active,0.58,0,0,0,auto_approved,0.0202,2022
bc621c2b-c8a8-4308-a167-16f599d7eb0c,U001214,2022-07-17 16:29:30,16:29:30,187062.39,online_payment,M00182,USD,success,pos,D001381,54.70.247.86,mobile_wallet,Singapore,"9.908957,103.861921",58,M,2016-10-10,active,0.98,0,0,0,auto_approved,0.0429,2022
079be809-4e17-403d-a37f-57cf4bf8d871,U000133,2022-03-19 09:06:37,09:06:37,254643.25,transfer,M00360,VND,success,atm,D002080,83.255.29.57,debit_card,Hanoi,"9.856573,106.760201",24,F,2015-10-09,active,0.96,0,0,0,auto_approved,0.2837,2022
f5bf753b-df2b-44fe-b208-2912ae87b445,U001798,2022-02-18 16:49:52,16:49:52,425189.05,transfer,M00326,USD,success,mobile,D002180,108.136.219.92,mobile_wallet,Singapore,"10.534216,106.319154",64,F,2020-01-12,active,0.71,1,0,0,auto_approved,0.5263,2022
c6a3ab7b-e6b4-4e78-94f3-5017f3b3db37,U001620,2022-10-14 17:58:23,17:58:23,8442.71,purchase,M00402,USD,success,desktop,D001636,186.236.130.232,debit_card,Kuala Lumpur,"8.163526,103.411372",49,M,2018-08-03,active,0.59,0,0,0,auto_approved,0.0277,2022
801da2f6-c0b2-4c6a-a1f4-c323bcf06652,U001671,2022-12-04 20:59:58,20:59:58,593993.5,cash_withdrawal,M00116,VND,success,atm,D002116,176.157.54.61,mobile_wallet,Da Nang,"20.146399,104.273438",58,M,2016-01-31,active,0.77,2,1,1,pending_review,0.5162,2022
340d843e-f142-4464-9a51-928774df5b61,U000555,2022-05-26 16:16:40,16:16:40,245385.77,purchase,M00039,USD,success,mobile,D000060,222.95.145.107,mobile_wallet,Hanoi,"11.672261,107.585674",22,F,2020-02-06,active,0.85,0,0,0,auto_approved,0.239,2022
12ba6882-abb0-4757-95e3-df3232e92f69,U000282,2022-03-29 10:36:05,10:36:05,978089.84,online_payment,M00028,USD,pending,pos,D002496,161.249.160.26,mobile_wallet,Ho Chi Minh City,"13.991642,107.837158",56,F,2021-08-19,active,0.84,2,1,1,pending_review,0.7983,2022
9881e383-f55b-4141-ab93-f5c4e5fd5889,U001775,2022-03-10 18:31:16,18:31:16,918066.71,transfer,M00129,VND,success,atm,D000490,242.106.54.195,bank_transfer,Da Nang,"20.182655,102.322962",34,F,2015-08-07,active,0.47,0,1,1,pending_review,0.3187,2022
14cb1f17-6342-44bb-8900-4400b3f0c7c8,U001341,2022-09-19 01:15:41,01:15:41,649211.02,online_payment,M00379,USD,success,mobile,D000280,94.32.217.216,debit_card,Bangkok,"17.795368,102.037345",47,F,2015-11-11,active,0.99,3,1,0,auto_approved,0.3194,2022
0592ca24-e626-44a2-a79b-e2f2b1021b26,U000011,2022-04-10 18:17:00,18:17:00,1079209.46,cash_withdrawal,M00004,VND,success,pos,D002407,104.226.16.122,mobile_wallet,Bangkok,"14.85819,108.838622",36,M,2020-03-24,active,1.0,0,0,0,auto_approved,0.0905,2022
796988e3-dfe8-4b29-81b2-376f10d13190,U000826,2022-03-14 04:04:58,04:04:58,1574446.79,online_payment,M00385,USD,success,desktop,D002845,36.247.180.103,credit_card,Da Nang,"10.201826,106.148216",59,F,2015-02-13,active,1.0,0,0,0,auto_approved,0.0751,2022
29b2fdd6-7718-4e9e-b48d-2dbe4fc63a7f,U001206,2022-01-16 16:54:23,16:54:23,344004.75,online_payment,M00214,VND,success,mobile,D002975,179.140.0.149,bank_transfer,Ho Chi Minh City,"15.887301,104.328881",58,F,2018-03-10,active,0.96,0,0,0,auto_approved,0.1709,2022
f05f83f5-4b97-4dca-b89d-4c69c041df85,U001417,2022-06-08 05:09:21,05:09:21,768785.52,online_payment,M00028,USD,success,desktop,D002679,242.1.105.126,debit_card,Kuala Lumpur,"16.727912,102.717403",34,M,2020-04-12,active,0.71,1,0,0,auto_approved,0.5036,2022
9f2f39f1-847c-408a-8c61-f1cc00a8331f,U000713,2022-12-29 14:03:19,14:03:19,539570.75,purchase,M00064,VND,success,pos,D000939,159.40.138.249,mobile_wallet,Ho Chi Minh City,"10.614864,102.939663",50,M,2018-06-23,active,0.81,0,0,0,auto_approved,0.167,2022
26791509-12d7-402c-8d89-be46e6eddfeb,U000506,2022-08-05 03:58:12,03:58:12,460506.05,purchase,M00465,VND,success,mobile,D000071,65.59.133.202,mobile_wallet,Bangkok,"13.108222,102.063338",28,M,2020-04-02,active,0.65,0,0,0,auto_approved,0.1413,2022
2f562d87-744f-4268-8d2b-1c987d834737,U000470,2022-04-15 14:29:35,14:29:35,8406.84,cash_withdrawal,M00250,USD,success,mobile,D000342,13.101.126.78,credit_card,Hanoi,"14.447617,103.819352",22,M,2020-01-06,active,0.88,0,0,0,auto_approved,0.2461,2022
9e6064c3-f219-4efe-96aa-b5d59ec4d3a5,U000012,2022-03-19 11:00:46,11:00:46,2492207.09,online_payment,M00001,VND,success,desktop,D002466,200.209.252.221,credit_card,Bangkok,"20.785553,107.789327",46,F,2018-03-07,active,0.77,0,0,0,auto_approved,0.1743,2022
cbf111fd-6ff9-4d7a-b18a-79e24ce4aaaa,U001068,2022-03-31 17:42:26,17:42:26,34018.3,purchase,M00354,USD,success,atm,D002022,173.23.178.247,credit_card,Singapore,"12.992174,105.203283",65,F,2016-05-12,active,0.66,0,0,0,auto_approved,0.3561,2022
f93f6b29-9271-4251-affa-cf41cb146bf7,U001420,2022-11-23 08:27:25,08:27:25,23662.2,transfer,M00167,USD,success,atm,D000104,237.208.158.67,credit_card,Singapore,"19.322357,107.151827",60,F,2018-01-07,active,0.66,0,0,0,auto_approved,0.0341,2022
47940f60-af2d-4f58-a391-30ab2042bb28,U000741,2022-07-11 03:33:13,03:33:13,720411.14,cash_withdrawal,M00039,VND,failed,atm,D001823,146.254.132.113,debit_card,Singapore,"19.917724,107.936597",56,F,2019-03-12,active,0.55,0,0,0,auto_approved,0.1573,2022
43e278bb-7b7c-45b7-bb14-030e70ab28b3,U000376,2022-09-29 09:52:58,09:52:58,62420.42,transfer,M00308,USD,success,atm,D001574,208.26.64.251,credit_card,Singapore,"20.973922,103.349612",51,M,2019-06-19,active,0.91,2,1,0,auto_approved,0.4252,2022
b976e73e-126d-41df-959b-42ffee0f0006,U001391,2022-07-29 23:10:22,23:10:22,3593763.42,cash_withdrawal,M00124,VND,success,pos,D002090,100.112.32.30,debit_card,Hanoi,"12.429488,104.186683",54,M,2017-11-22,active,0.85,0,1,0,auto_approved,0.4487,2022
9b265491-62db-4ce4-84fe-80976e6dd813,U000930,2022-08-18 04:46:44,04:46:44,21781.49,transfer,M00487,USD,success,pos,D000387,195.48.45.30,debit_card,Hanoi,"10.800516,102.705195",53,F,2014-10-12,active,0.81,0,0,0,auto_approved,0.1111,2022
05d486b0-34c7-49f4-a50e-674986ccdf3f,U000663,2022-06-03 01:08:09,01:08:09,533389.04,purchase,M00426,USD,success,pos,D001389,82.224.234.24,bank_transfer,Bangkok,"21.876582,107.482046",40,M,2021-04-20,active,0.91,0,0,0,auto_approved,0.2128,2022
84307b0e-06c8-402b-ac7d-b05bb1e609f2,U000943,2022-09-06 21:16:55,21:16:55,829411.04,purchase,M00312,USD,success,mobile,D001077,201.231.112.16,mobile_wallet,Bangkok,"19.514331,107.517051",35,M,2017-06-16,active,0.53,0,0,0,auto_approved,0.0693,2022
498fa71b-4ff4-4b66-adc6-aa1429f48a94,U001826,2022-08-30 03:13:27,03:13:27,85718.31,transfer,M00023,USD,success,mobile,D002471,61.235.171.125,mobile_wallet,Da Nang,"12.884195,103.104332",70,F,2022-03-16,active,0.67,0,0,0,auto_approved,0.2039,2022
dc11b796-83c0-4a31-8d2f-965a3f560730,U001943,2022-10-31 14:34:26,14:34:26,220526.0,online_payment,M00243,VND,success,pos,D002411,178.0.60.109,credit_card,Singapore,"17.435033,107.482993",20,M,2021-07-30,active,0.48,0,1,1,pending_review,0.4965,2022
96ed8ade-f819-4d03-b6dd-c332edd6cabf,U000571,2022-06-22 07:25:14,07:25:14,885725.91,cash_withdrawal,M00200,VND,success,mobile,D001212,122.231.122.54,debit_card,Hanoi,"19.948892,106.382467",54,F,2020-07-11,active,0.51,2,1,0,auto_approved,0.0805,2022
d255eaa3-2947-4e1a-97a1-cf59f0a2e841,U001112,2022-11-03 23:52:30,23:52:30,1312478.25,transfer,M00064,VND,success,mobile,D001164,228.24.181.223,credit_card,Kuala Lumpur,"14.935913,102.104701",46,M,2020-11-21,active,1.0,0,0,0,auto_approved,0.3975,2022
ffe2f133-fe9c-4a19-ab9b-4ccc0307537f,U000927,2022-03-05 19:42:49,19:42:49,1829792.72,cash_withdrawal,M00301,VND,success,mobile,D000729,137.197.170.254,mobile_wallet,Ho Chi Minh City,"12.382878,103.166359",30,F,2019-07-03,active,0.93,0,0,0,auto_approved,0.2482,2022
ac07c0e7-d316-40e7-acf1-3f1f6e20a341,U001271,2022-11-12 23:54:19,23:54:19,241080.24,purchase,M00495,VND,success,pos,D001937,138.96.105.80,mobile_wallet,Hanoi,"15.013958,107.846492",37,M,2021-06-10,active,0.56,0,0,0,auto_approved,0.3522,2022
481178d2-9435-4233-899e-95cc7cc7e0b7,U000987,2022-09-20 17:19:22,17:19:22,1220085.44,online_payment,M00004,VND,success,desktop,D000476,224.70.4.164,debit_card,Da Nang,"17.093031,102.241717",53,F,2017-11-04,active,0.57,0,0,0,auto_approved,0.1514,2022
97b60643-b4ba-48b5-941c-cb127ec8ace6,U000643,2022-03-21 17:23:19,17:23:19,140366.32,bill_payment,M00240,USD,success,atm,D001892,17.191.231.161,debit_card,Kuala Lumpur,"10.557895,103.304111",50,F,2015-10-31,active,0.67,1,0,0,auto_approved,0.4068,2022
f9e41e63-ae0c-4376-b41c-e4b4614ac680,U000937,2022-10-10 07:48:54,07:48:54,1565750.1,bill_payment,M00305,VND,success,mobile,D002061,133.46.2.36,mobile_wallet,Singapore,"10.119424,105.240729",68,F,2020-11-12,active,0.78,0,0,0,auto_approved,0.3237,2022
bd87039e-b26f-4397-b645-cdd50b23f04a,U001759,2022-11-08 15:42:36,15:42:36,344382.45,purchase,M00084,VND,success,atm,D002541,225.215.188.155,credit_card,Da Nang,"9.554145,102.299566",22,F,2016-03-17,active,0.72,0,0,0,auto_approved,0.183,2022
ee3fdc77-8f76-444f-bf94-7845531726cf,U001090,2022-12-28 09:01:42,09:01:42,56882.68,purchase,M00354,VND,failed,pos,D001659,156.181.122.253,mobile_wallet,Ho Chi Minh City,"10.785002,104.024772",46,F,2018-10-15,under_review,0.46,0,0,0,auto_approved,0.3428,2022
8fe2c4a5-ab5c-4480-916e-a685ba692908,U000116,2022-07-09 10:23:27,10:23:27,103813.69,transfer,M00192,USD,success,atm,D000313,232.112.151.126,debit_card,Bangkok,"8.56849,102.157698",69,F,2015-05-30,active,0.91,0,0,0,auto_approved,0.2292,2022
f27a667b-3377-4512-b09d-36b04684895d,U000883,2022-04-06 01:32:18,01:32:18,809075.35,bill_payment,M00340,USD,success,atm,D001714,146.96.193.7,mobile_wallet,Da Nang,"15.095544,103.566616",26,M,2015-01-15,active,0.48,0,0,0,auto_approved,0.2364,2022
90f265db-f678-4019-bd41-9f80ccb09cfe,U000755,2022-01-25 12:13:05,12:13:05,1384720.51,purchase,M00243,USD,success,mobile,D000119,172.134.138.112,debit_card,Ho Chi Minh City,"11.253446,108.482872",56,F,2021-03-22,active,0.72,0,0,0,auto_approved,0.1419,2022
d154d04e-4c84-4e4d-9295-a6ded87941f6,U000682,2022-09-11 23:30:57,23:30:57,199807.52,bill_payment,M00040,USD,success,atm,D002360,191.222.44.73,debit_card,Kuala Lumpur,"10.704952,103.328058",65,F,2019-10-17,active,0.54,0,0,0,auto_approved,0.1113,2022
7e5d6ca8-e6c2-452e-9270-3df83a0f33fa,U000522,2022-01-30 19:20:47,19:20:47,695432.96,transfer,M00104,VND,success,desktop,D002571,227.59.93.205,bank_transfer,Ho Chi Minh City,"18.87061,108.465048",24,F,2019-10-04,under_review,0.56,0,0,0,auto_approved,0.1034,2022
a9c1d5b0-ebe6-4237-93ae-c0f0b67ff669,U001399,2022-11-28 09:09:15,09:09:15,491104.47,bill_payment,M00446,USD,success,pos,D001122,127.180.103.36,debit_card,Bangkok,"9.189502,108.287622",23,M,2018-04-16,active,0.89,0,0,0,auto_approved,0.3711,2022
43f16428-3c42-4dfd-b6da-afd9fc5de7e5,U001896,2022-06-25 03:55:27,03:55:27,1155593.39,purchase,M00154,USD,success,atm,D002934,97.172.105.226,debit_card,Da Nang,"18.653564,108.417703",58,F,2016-01-31,active,0.93,0,0,0,auto_approved,0.3143,2022
4b50f47d-d7cf-4a51-bb87-29d50bd77192,U001417,2022-01-09 15:23:02,15:23:02,823905.33,online_payment,M00085,VND,success,desktop,D000720,205.57.201.216,bank_transfer,Kuala Lumpur,"11.746221,108.347969",37,M,2019-03-15,active,0.56,0,0,0,auto_approved,0.3646,2022
fc8e6aa2-0dab-4a3c-a329-d945bc86a862,U000993,2022-10-29 12:09:13,12:09:13,178707.32,bill_payment,M00094,USD,success,pos,D002565,164.73.161.163,debit_card,Kuala Lumpur,"16.966438,107.156745",63,M,2018-08-26,active,0.73,1,0,0,auto_approved,0.3944,2022
15ad9954-4ff8-4c53-a83b-b2efd0c9b72b,U000343,2022-07-10 18:50:32,18:50:32,132154.18,bill_payment,M00435,VND,success,mobile,D002432,68.162.11.254,credit_card,Singapore,"18.401064,104.633035",51,F,2016-07-30,under_review,0.95,0,0,0,auto_approved,0.2318,2022
446601e3-f21f-4fb0-87ab-e263b25a28b7,U001956,2022-04-09 22:49:15,22:49:15,423733.8,cash_withdrawal,M00248,USD,success,pos,D001556,175.199.214.48,bank_transfer,Kuala Lumpur,"8.812999,105.419888",27,M,2016-12-09,active,0.75,0,0,0,auto_approved,0.107,2022
93f896c2-da70-4b9e-a7c5-3893697f9a97,U001092,2022-05-13 13:18:50,13:18:50,885898.43,bill_payment,M00378,VND,success,pos,D000079,236.253.159.72,debit_card,Kuala Lumpur,"14.732159,104.642875",50,F,2017-06-23,active,0.72,2,1,1,pending_review,0.3519,2022
7d468376-c0ab-47dc-af98-b63da9e8bb91,U001694,2022-07-27 13:36:43,13:36:43,605834.42,cash_withdrawal,M00391,USD,success,pos,D001259,112.13.222.43,credit_card,Ho Chi Minh City,"9.965247,104.956944",57,F,2020-02-26,active,0.9,2,1,0,auto_approved,0.3316,2022
81f82924-1f78-4368-9ee7-00e7a9bb9f60,U000043,2022-10-27 23:07:47,23:07:47,571204.39,transfer,M00250,USD,pending,desktop,D001636,38.204.245.82,mobile_wallet,Hanoi,"10.318788,108.4026",40,F,2017-04-04,active,0.72,0,0,0,auto_approved,0.3666,2022
01605928-e863-4e48-8210-00b51a507542,U001494,2022-08-14 04:26:22,04:26:22,949706.89,transfer,M00140,VND,success,pos,D000116,34.75.209.78,debit_card,Bangkok,"18.704609,102.277954",42,M,2020-04-06,active,0.72,0,0,0,auto_approved,0.116,2022
3383df43-0458-4a03-bf82-a29fb9f0a699,U001262,2022-12-11 02:01:45,02:01:45,2018364.61,cash_withdrawal,M00344,USD,success,pos,D000755,147.62.158.54,bank_transfer,Da Nang,"9.059023,103.653833",67,F,2017-01-29,active,0.8,0,0,0,auto_approved,0.1919,2022
fafc7728-a8ed-4a9b-8ea6-32443af8fa09,U000770,2022-07-12 10:01:32,10:01:32,888761.78,online_payment,M00438,USD,success,atm,D000091,208.177.248.174,credit_card,Hanoi,"17.903718,102.810576",59,M,2020-03-04,active,0.93,0,0,0,auto_approved,0.4006,2022
20426ff4-21e9-44e9-93e0-2161b4bc6a6b,U000793,2022-12-25 04:58:53,04:58:53,887559.21,online_payment,M00468,VND,success,atm,D000545,181.57.254.125,credit_card,Hanoi,"20.523441,103.202624",29,F,2018-04-03,active,0.53,0,0,0,auto_approved,0.0402,2022
3e03cec8-4a33-4c5d-94ab-98063ba17258,U000675,2022-06-03 06:52:55,06:52:55,667874.1,purchase,M00496,VND,success,mobile,D002020,152.113.26.92,debit_card,Ho Chi Minh City,"19.545463,104.033724",32,M,2016-12-18,active,1.0,0,0,0,auto_approved,0.322,2022
907f9233-00ce-4100-9342-d7accb13e8f8,U001583,2022-06-09 21:26:12,21:26:12,483786.5,transfer,M00151,VND,failed,mobile,D002657,227.102.158.115,credit_card,Hanoi,"19.73974,103.087669",56,F,2020-05-17,active,0.52,0,0,0,auto_approved,0.0191,2022
d5e15cc8-06a4-4e3b-9666-1b94de58a877,U001279,2022-09-08 04:48:43,04:48:43,151269.05,bill_payment,M00083,VND,success,pos,D002188,133.103.176.161,debit_card,Singapore,"12.156732,104.169712",64,F,2017-09-11,active,0.56,0,0,0,auto_approved,0.4354,2022
badf4479-a0cd-4454-b84b-f9d81fb89b43,U001803,2022-07-12 18:50:10,18:50:10,811298.32,online_payment,M00021,USD,success,atm,D002971,166.183.164.216,debit_card,Kuala Lumpur,"20.660441,103.440237",42,F,2021-09-09,active,0.94,0,0,0,auto_approved,0.0212,2022
4df38d90-691d-4dae-b727-3dc2b069bf4e,U000245,2022-05-10 11:34:12,11:34:12,188373.27,transfer,M00413,VND,success,mobile,D002673,75.197.190.147,credit_card,Hanoi,"13.216333,104.32314",58,M,2022-04-01,active,0.75,0,0,0,auto_approved,0.0546,2022
068265fd-90d5-488b-8d02-4792100f8a2e,U000071,2022-12-04 19:53:49,19:53:49,2422988.14,bill_payment,M00318,VND,failed,pos,D002505,75.20.51.104,mobile_wallet,Kuala Lumpur,"20.751903,106.916999",56,F,2017-05-11,active,0.6,0,0,0,auto_approved,0.417,2022
720d911a-6d0b-4f02-81ee-d278532c38f7,U000353,2022-05-31 08:05:57,08:05:57,26120.76,cash_withdrawal,M00327,VND,success,atm,D000955,60.94.150.172,mobile_wallet,Kuala Lumpur,"15.334996,105.14856",70,M,2022-04-26,active,0.89,0,1,0,auto_approved,0.2793,2022
408310b5-b7e9-4385-a908-a78e42425489,U000210,2022-10-20 17:50:00,17:50:00,51129.89,cash_withdrawal,M00159,VND,success,mobile,D000249,214.8.147.108,bank_transfer,Kuala Lumpur,"14.404112,106.868433",62,M,2018-04-03,active,0.5,1,0,0,auto_approved,0.2279,2022
0d8af71c-77b5-41d2-90dc-2ae4deebb987,U001361,2022-05-14 22:22:04,22:22:04,289495.86,online_payment,M00152,USD,success,desktop,D000813,189.20.23.147,debit_card,Singapore,"13.782455,103.504548",52,F,2015-03-07,active,0.64,0,0,0,auto_approved,0.0393,2022
7af8d4bc-b479-4c56-9274-ef01cb623cbf,U000958,2022-01-17 03:10:45,03:10:45,440086.52,cash_withdrawal,M00286,USD,success,pos,D000002,39.57.217.29,credit_card,Da Nang,"20.412269,105.638851",36,M,2016-03-16,active,0.96,0,0,0,auto_approved,0.2266,2022
13af1d40-ee6d-4b63-971e-beaf1630658b,U001967,2022-03-16 13:18:42,13:18:42,284313.66,bill_payment,M00049,USD,success,desktop,D002508,200.170.35.149,debit_card,Hanoi,"9.877953,106.71925",22,F,2017-01-22,active,0.58,0,0,0,auto_approved,0.2882,2022
3173951c-4fd8-4585-af96-6b611e6dc942,U001819,2022-01-09 03:30:15,03:30:15,225893.4,online_payment,M00420,USD,success,desktop,D002040,23.117.58.46,mobile_wallet,Singapore,"21.170436,108.183072",59,F,2020-08-23,active,0.74,0,0,0,auto_approved,0.4426,2022
1edde120-ac9e-47fe-a48b-b12e185c14f2,U001304,2022-03-23 14:33:46,14:33:46,90146.88,transfer,M00441,USD,success,desktop,D002326,132.56.195.97,credit_card,Ho Chi Minh City,"9.741513,108.237789",70,M,2017-04-27,active,0.61,0,0,0,auto_approved,0.1274,2022
e63af68b-4b4b-4d9d-97a6-72e2966fe513,U000702,2022-12-01 18:14:45,18:14:45,414546.62,cash_withdrawal,M00147,USD,success,mobile,D000253,5.143.153.101,credit_card,Da Nang,"13.04177,107.455031",33,F,2017-12-30,active,0.73,0,0,0,auto_approved,0.3313,2022
8f35602f-97d0-485e-9f40-5c991fd94854,U000088,2022-06-09 19:42:12,19:42:12,283826.23,bill_payment,M00377,USD,success,atm,D001467,219.70.154.150,mobile_wallet,Hanoi,"11.840131,105.301179",28,F,2019-04-02,active,0.54,0,1,0,auto_approved,0.5912,2022
6b07bb34-4443-4bf3-a51c-4f49eabc8bf0,U001928,2022-03-15 16:30:45,16:30:45,156487.39,online_payment,M00012,USD,success,pos,D000432,97.85.157.103,mobile_wallet,Singapore,"14.019989,104.053098",64,F,2017-06-20,active,0.98,1,0,0,auto_approved,0.4635,2022
f39610cf-a6ae-47ce-b9ef-67471ba39bda,U000544,2022-09-18 02:10:53,02:10:53,2137125.95,online_payment,M00431,USD,success,pos,D000393,130.228.38.51,credit_card,Bangkok,"13.137816,108.491115",57,F,2015-11-05,active,1.0,0,0,0,auto_approved,0.2316,2022
c82f1726-213d-41a7-8d41-80f270d04f7a,U000259,2022-08-21 12:01:21,12:01:21,161749.14,bill_payment,M00438,VND,success,desktop,D001515,159.189.183.212,mobile_wallet,Kuala Lumpur,"12.822924,102.208804",51,M,2016-01-11,active,0.66,0,0,0,auto_approved,0.4068,2022
815675f6-68c9-437c-ae90-3ad26f7de626,U000036,2022-01-15 06:13:49,06:13:49,87994.05,purchase,M00022,VND,success,pos,D001692,213.230.125.3,mobile_wallet,Bangkok,"9.754216,102.032312",28,F,2017-10-26,active,0.48,0,0,0,auto_approved,0.0286,2022
a9f572bb-860a-4198-8608-37b229dfa926,U000038,2022-01-12 14:16:16,14:16:16,121989.79,bill_payment,M00160,USD,success,mobile,D001809,97.194.234.5,bank_transfer,Bangkok,"15.678241,107.557749",53,F,2014-01-07,active,0.63,1,0,0,auto_approved,0.5049,2022
ca1b4d10-ab2c-4bb4-a4ea-02d2bdcfebb6,U000393,2022-06-14 11:44:07,11:44:07,1728215.37,online_payment,M00004,VND,failed,atm,D000756,220.228.170.67,debit_card,Hanoi,"19.000277,102.522758",68,M,2015-06-06,active,0.8,0,0,0,auto_approved,0.3963,2022
6172cf5a-9ff5-4589-83ee-6107dbdf0b7d,U000199,2022-08-31 21:35:38,21:35:38,1427789.92,online_payment,M00246,USD,success,mobile,D002050,222.65.77.173,debit_card,Singapore,"21.970076,104.74956",44,F,2017-12-25,active,0.75,0,1,0,auto_approved,0.3808,2022
91418d49-b2c2-4098-a3d2-0e3b79d7877e,U001137,2022-11-26 22:15:14,22:15:14,353267.69,online_payment,M00279,VND,success,atm,D001937,33.0.131.11,mobile_wallet,Da Nang,"19.566551,108.208825",18,F,2021-10-10,active,0.82,0,0,0,auto_approved,0.447,2022
6af1f337-ba99-44db-b73c-886fd38afe44,U001232,2022-12-12 22:58:02,22:58:02,266527.65,purchase,M00197,USD,success,desktop,D000831,209.91.213.81,debit_card,Da Nang,"21.94992,105.477808",33,F,2021-06-11,active,0.66,0,0,0,auto_approved,0.199,2022
875e12f8-be6b-45c7-b823-c24b4ec7478d,U001415,2022-09-25 10:01:08,10:01:08,474356.22,bill_payment,M00448,VND,failed,pos,D001063,151.173.209.44,credit_card,Kuala Lumpur,"15.821685,107.464847",18,F,2015-12-12,active,0.57,0,0,0,auto_approved,0.2244,2022
6ffa292a-3e59-43f4-bf61-1fdef64b8574,U001650,2022-05-10 02:20:05,02:20:05,1137045.24,online_payment,M00459,USD,success,atm,D000323,125.167.104.178,mobile_wallet,Da Nang,"19.868074,102.797988",55,F,2021-05-27,active,0.91,0,0,0,auto_approved,0.4436,2022
05034f55-4c4f-4bb9-9dcc-bbe68bf4d33c,U001372,2022-07-30 15:28:12,15:28:12,1184789.83,purchase,M00396,VND,success,pos,D000066,174.96.47.204,credit_card,Singapore,"10.723811,104.632412",63,M,2017-09-03,blocked,0.49,0,0,0,auto_approved,0.2823,2022
b512d6a9-fd2a-4408-8377-97a902fb54bd,U001281,2022-02-26 21:48:47,21:48:47,976315.77,purchase,M00040,USD,success,pos,D000686,67.205.135.255,debit_card,Da Nang,"10.943746,102.615243",34,M,2013-12-20,active,0.85,0,0,0,auto_approved,0.1861,2022
cfb44d0b-ce88-4c87-9e71-9143ea386251,U001460,2022-08-07 19:29:59,19:29:59,824363.83,bill_payment,M00432,USD,success,mobile,D001210,173.76.239.163,mobile_wallet,Singapore,"20.748334,105.592654",32,M,2016-12-18,active,0.94,0,0,0,auto_approved,0.3781,2022
b0aa0906-ad8f-4a7e-9eb8-4fd38b9feca1,U000049,2022-06-04 23:00:45,23:00:45,830770.0,transfer,M00242,USD,success,mobile,D002013,64.19.65.159,debit_card,Singapore,"21.489867,104.073273",37,F,2019-01-06,active,0.55,1,0,0,auto_approved,0.3975,2022
c92dd584-0e6a-4cc3-8a88-8e819b1a87be,U001582,2022-12-08 09:20:25,09:20:25,248692.72,cash_withdrawal,M00138,VND,success,desktop,D001851,156.125.157.59,credit_card,Bangkok,"16.271811,107.010039",57,M,2018-09-16,active,0.72,0,0,0,auto_approved,0.1699,2022
45b5a875-ef0c-4d84-b9fc-92bc160147aa,U001174,2022-01-10 10:25:36,10:25:36,114491.64,purchase,M00300,USD,success,mobile,D000819,39.180.10.115,bank_transfer,Singapore,"14.446558,106.507262",57,M,2017-01-26,active,0.96,0,0,0,auto_approved,0.3119,2022
02115c32-0db3-4663-b6d4-d3318d58c849,U001743,2022-10-02 22:36:56,22:36:56,893578.35,transfer,M00116,USD,success,pos,D000794,215.187.206.55,bank_transfer,Bangkok,"18.907523,105.076871",60,F,2021-01-04,active,0.94,0,0,0,auto_approved,0.3611,2022
8bd71bfa-1694-4bda-99a9-d5346a0e9a6e,U000057,2022-10-20 04:45:20,04:45:20,108017.44,online_payment,M00092,USD,success,desktop,D001243,223.58.214.145,bank_transfer,Singapore,"15.401804,103.398806",65,F,2019-05-01,active,0.71,0,0,0,auto_approved,0.1273,2022
dda8ba5a-acff-4674-84fc-b9f379899f56,U000303,2022-03-18 19:21:41,19:21:41,884167.01,purchase,M00135,USD,success,pos,D001433,167.58.156.49,mobile_wallet,Hanoi,"13.968255,107.50455",25,F,2014-05-27,active,0.65,1,0,0,auto_approved,0.2224,2022
2a9ad065-8f94-4906-8d87-0a33bf281c21,U000072,2022-01-29 08:47:36,08:47:36,1178962.67,bill_payment,M00337,VND,success,pos,D001236,210.137.234.173,mobile_wallet,Bangkok,"18.01905,105.181155",61,F,2018-12-17,active,0.72,0,0,0,auto_approved,0.3676,2022
cb8312c8-fc7b-41ba-8d1c-f8238d69d235,U000988,2022-09-12 13:56:54,13:56:54,514916.53,bill_payment,M00271,USD,success,mobile,D000868,205.30.46.149,debit_card,Kuala Lumpur,"21.595976,105.539807",65,F,2018-08-27,active,0.47,0,0,0,auto_approved,0.2691,2022
cff1fe76-062d-4532-87ff-8f2e2fcc5b12,U001420,2022-04-25 06:22:29,06:22:29,2435329.0,bill_payment,M00357,VND,success,mobile,D000880,177.171.164.129,bank_transfer,Da Nang,"19.424037,105.208343",47,F,2015-06-24,active,0.88,1,0,0,auto_approved,0.3727,2022
a90fc8ee-b35d-448b-b186-a2b76de1ef2a,U000438,2022-03-23 19:14:36,19:14:36,464460.27,cash_withdrawal,M00297,USD,success,atm,D000441,124.151.173.156,bank_transfer,Kuala Lumpur,"19.198221,105.790519",58,F,2015-11-01,active,0.55,2,1,0,auto_approved,0.5055,2022
fab03b34-fb4c-4089-beb8-3547e7bf010c,U001412,2022-01-21 06:59:00,06:59:00,347748.82,online_payment,M00106,USD,success,atm,D002327,252.7.173.112,mobile_wallet,Kuala Lumpur,"10.094724,108.321825",42,M,2018-08-18,active,0.5,0,0,0,auto_approved,0.055,2022
f10fa243-4337-439b-98f8-f17d49b90579,U000685,2022-11-23 06:14:49,06:14:49,321041.45,purchase,M00499,VND,success,atm,D001418,118.249.226.105,debit_card,Da Nang,"20.806266,107.311164",40,F,2019-02-18,active,0.61,0,0,0,auto_approved,0.1289,2022
6c2d1bc0-0b2d-44ea-b343-2eab5e266ded,U000156,2022-04-09 09:47:52,09:47:52,141667.47,bill_payment,M00091,USD,success,pos,D000429,191.188.116.79,credit_card,Bangkok,"9.134173,108.252088",52,M,2016-10-28,blocked,0.65,0,0,0,auto_approved,0.3097,2022
195214cb-028e-4746-bda6-28b2eb1fd308,U001518,2022-06-11 19:33:21,19:33:21,765220.73,cash_withdrawal,M00054,VND,success,atm,D000038,187.25.229.69,debit_card,Kuala Lumpur,"16.919933,106.115522",40,F,2016-09-10,active,0.97,2,1,1,pending_review,0.359,2022
b2bc7178-a1cb-4a20-a787-b681b5735105,U001723,2022-09-11 08:19:59,08:19:59,240747.51,bill_payment,M00253,VND,success,mobile,D000716,179.13.71.46,credit_card,Da Nang,"16.261866,106.619762",46,M,2017-07-08,active,0.7,0,0,0,auto_approved,0.0589,2022
3642d743-db22-447d-8db6-b236d6e63292,U000724,2022-03-12 22:12:38,22:12:38,23080.2,transfer,M00400,USD,success,atm,D001500,230.241.84.134,credit_card,Singapore,"18.732072,103.139027",66,F,2019-06-20,active,0.5,0,0,0,auto_approved,0.0556,2022
1f523695-5fe6-4484-a546-ad631c1ee213,U001001,2022-02-06 17:57:13,17:57:13,127772.69,purchase,M00295,USD,success,mobile,D002852,163.190.131.74,mobile_wallet,Singapore,"8.850179,107.239335",61,M,2017-08-16,active,0.84,0,0,0,auto_approved,0.2635,2022
92f6dabb-bd7b-4eca-9be2-a37d91220406,U001053,2022-06-20 08:37:09,08:37:09,233186.41,cash_withdrawal,M00040,VND,success,mobile,D001970,175.255.211.95,mobile_wallet,Hanoi,"16.013162,106.633215",66,F,2015-07-02,active,0.66,1,0,0,auto_approved,0.2544,2022
7dd17a16-27bc-4446-91e8-12fc5b07cf90,U001537,2022-04-24 05:55:34,05:55:34,190331.97,transfer,M00287,USD,success,atm,D002657,100.150.164.126,credit_card,Singapore,"16.709196,104.916493",64,F,2016-10-12,active,0.57,0,0,0,auto_approved,0.2834,2022
1b353149-edce-4953-9853-0c096c747c36,U001424,2022-03-07 08:07:43,08:07:43,182685.05,transfer,M00372,USD,success,pos,D002912,111.13.68.213,credit_card,Singapore,"13.455229,106.132385",27,M,2021-09-19,active,0.63,0,0,0,auto_approved,0.2896,2022
2841f320-7990-4946-b338-1d92401a1cfe,U001714,2022-02-08 03:13:37,03:13:37,1443056.69,bill_payment,M00195,USD,success,pos,D000681,116.229.12.164,bank_transfer,Kuala Lumpur,"19.365415,105.543698",50,M,2016-02-26,active,0.54,0,0,0,auto_approved,0.1374,2022
e53fca92-ffaa-41ba-9f85-da1ebd547479,U000381,2022-10-24 14:48:53,14:48:53,3245304.28,cash_withdrawal,M00382,VND,success,pos,D000761,249.12.173.17,debit_card,Da Nang,"17.812764,105.271274",19,M,2018-08-21,active,0.73,0,1,0,auto_approved,0.4945,2022
0fbb3f9f-9387-47bd-85f6-156e662eab43,U001243,2022-02-01 23:09:07,23:09:07,155391.2,transfer,M00335,USD,success,pos,D001117,37.251.22.101,credit_card,Kuala Lumpur,"15.654148,104.371761",55,F,2020-06-22,active,0.97,1,0,0,auto_approved,0.513,2022
43903f0c-b1aa-42b1-b5dc-f2b6877658aa,U001714,2022-03-21 07:47:11,07:47:11,583264.27,online_payment,M00344,VND,success,pos,D001631,212.134.107.246,credit_card,Ho Chi Minh City,"11.384121,102.780394",53,M,2016-02-29,active,0.57,0,0,0,auto_approved,0.0626,2022
d8dab75e-8293-4152-9224-4985e4b6b252,U001598,2022-12-03 15:52:16,15:52:16,433884.85,transfer,M00081,VND,success,atm,D001903,201.107.198.137,bank_transfer,Kuala Lumpur,"18.326543,105.245386",58,M,2020-08-03,active,0.85,0,0,0,auto_approved,0.3324,2022
269858a4-46d9-41fd-8f66-f789ecded4db,U000279,2022-09-26 13:16:08,13:16:08,844798.21,cash_withdrawal,M00060,USD,success,atm,D001010,166.180.52.6,credit_card,Ho Chi Minh City,"15.54908,108.505658",37,M,2017-10-06,active,0.81,0,0,0,auto_approved,0.2824,2022
0a8f7e4b-821a-4201-8408-09d2711b4716,U001249,2022-12-31 06:39:23,06:39:23,624748.69,cash_withdrawal,M00435,VND,success,desktop,D002536,10.84.130.160,credit_card,Singapore,"15.272148,105.741519",67,F,2020-06-13,active,0.8,0,1,1,pending_review,0.6452,2022
e3aff49e-0e06-4dfb-96a3-b528e230f29e,U000350,2022-10-03 18:56:05,18:56:05,2292744.95,cash_withdrawal,M00088,VND,success,desktop,D002654,238.150.47.209,mobile_wallet,Singapore,"11.557914,107.997969",57,F,2018-02-11,blocked,0.52,0,0,0,auto_approved,0.2546,2022
1e818ba2-bcb8-42ea-996b-44d77ae5397b,U000360,2022-02-20 02:12:11,02:12:11,256983.51,transfer,M00141,USD,success,atm,D002185,64.231.253.32,mobile_wallet,Da Nang,"18.877241,106.897708",57,F,2020-08-17,active,0.65,0,1,0,auto_approved,0.4197,2022
77dc585d-8e58-4d92-b715-7237e4f5be76,U001324,2022-03-09 06:31:16,06:31:16,285983.38,purchase,M00240,VND,success,atm,D000727,148.128.142.179,mobile_wallet,Da Nang,"20.780854,107.708556",53,F,2021-11-26,active,0.59,0,1,1,pending_review,0.4556,2022
d4c99f5b-39a9-46e3-bd72-dec4308c4f6f,U000513,2022-07-07 00:42:01,00:42:01,2399778.49,purchase,M00444,USD,success,desktop,D001301,6.228.243.136,credit_card,Singapore,"14.412314,103.943901",64,F,2020-06-21,active,0.85,0,0,0,auto_approved,0.1417,2022
889b5814-4b96-49a3-a37e-f59775587b88,U000931,2022-09-23 16:06:13,16:06:13,167728.96,purchase,M00383,USD,success,desktop,D001150,118.0.68.14,mobile_wallet,Hanoi,"21.863576,107.297484",49,F,2020-09-29,active,0.61,0,0,0,auto_approved,0.2286,2022
7913164f-1564-4382-adf5-95d7a3ffd709,U000350,2022-08-07 12:50:39,12:50:39,2552072.38,transfer,M00433,USD,success,mobile,D001840,169.29.55.235,debit_card,Da Nang,"19.70369,105.395321",55,M,2017-07-20,active,0.96,0,0,0,auto_approved,0.2164,2022
00f7caa0-8922-4832-b396-cf3c701d867e,U001955,2022-09-27 23:52:35,23:52:35,364291.05,cash_withdrawal,M00192,VND,success,mobile,D001397,126.161.57.111,bank_transfer,Ho Chi Minh City,"13.029899,103.20925",18,M,2020-09-04,active,0.76,0,0,0,auto_approved,0.1058,2022
935d4335-494e-44f9-9bf9-09f49d58f2ab,U001249,2022-08-08 23:32:58,23:32:58,472655.1,purchase,M00033,VND,success,atm,D000100,207.136.17.58,credit_card,Kuala Lumpur,"14.069664,104.866414",55,F,2020-09-06,active,0.81,2,1,0,auto_approved,0.2955,2022
5d7df37d-cbf1-4e53-b95c-ab970c174bf9,U000411,2022-12-30 22:34:19,22:34:19,877298.6,bill_payment,M00032,VND,success,mobile,D001321,50.3.213.201,debit_card,Ho Chi Minh City,"13.846633,103.763403",62,M,2018-02-03,active,0.89,0,0,0,auto_approved,0.1821,2022
6fee285e-0b43-4de8-82e8-4cd0168e486e,U000369,2022-10-23 04:22:30,04:22:30,1429062.03,purchase,M00366,USD,success,mobile,D002576,16.99.167.205,debit_card,Kuala Lumpur,"20.705865,108.367295",66,M,2015-05-24,active,0.6,0,0,0,auto_approved,0.2,2022
76d97a66-4b5b-460b-aa5e-c0ba1ced6ae8,U001572,2022-02-07 20:49:41,20:49:41,350404.04,purchase,M00407,USD,failed,mobile,D000353,72.20.177.156,credit_card,Singapore,"9.597873,105.441601",43,F,2014-12-04,active,0.86,0,0,0,auto_approved,0.3372,2022
3e168df1-57fc-42dc-b764-efba45ef7a4a,U001637,2022-03-18 11:52:07,11:52:07,4491.81,purchase,M00400,USD,success,mobile,D002252,205.175.216.28,debit_card,Kuala Lumpur,"15.55589,103.163694",18,M,2019-09-20,active,0.99,0,0,0,auto_approved,0.1936,2022
b4baf56a-7996-42df-8328-25b10c360aa1,U001991,2022-09-03 12:56:57,12:56:57,3830.32,purchase,M00048,VND,success,pos,D002113,197.148.18.53,mobile_wallet,Bangkok,"19.770799,107.654623",38,M,2018-01-02,active,0.59,0,0,0,auto_approved,0.0865,2022
1f6e379d-1c96-407a-9320-66f8042c74ac,U001436,2022-10-08 03:41:10,03:41:10,808265.4,cash_withdrawal,M00359,USD,success,pos,D000510,160.250.186.36,credit_card,Kuala Lumpur,"17.790478,103.32294",47,F,2016-01-03,active,0.9,2,1,1,pending_review,0.3156,2022
d326dc25-3e70-4c7a-bb47-9b9342d48245,U001311,2022-09-27 22:23:49,22:23:49,388248.45,transfer,M00172,VND,success,mobile,D001974,119.37.242.185,mobile_wallet,Ho Chi Minh City,"13.74804,104.019596",59,M,2021-07-17,active,0.49,0,0,0,auto_approved,0.2424,2022
7943593d-ca9f-44de-bc9b-8d445676dd64,U001548,2022-07-26 23:49:33,23:49:33,72362.79,bill_payment,M00171,USD,success,mobile,D001498,252.147.61.20,bank_transfer,Da Nang,"11.621112,107.576871",35,F,2021-05-19,active,0.69,0,0,0,auto_approved,0.2326,2022
e6a19ad4-9816-4b0c-9f70-8df91fda93b1,U001708,2022-04-04 02:14:05,02:14:05,897638.52,transfer,M00235,USD,success,pos,D000760,39.18.29.144,credit_card,Bangkok,"11.772425,102.974171",67,F,2022-01-23,active,0.57,0,0,0,auto_approved,0.1686,2022
bb80a88d-8471-4cbf-b33d-d692fd913130,U001735,2022-10-22 16:15:45,16:15:45,384673.67,transfer,M00306,USD,pending,atm,D002706,120.199.13.98,credit_card,Ho Chi Minh City,"10.062245,107.404918",39,M,2022-01-28,active,0.83,0,0,0,auto_approved,0.3005,2022
8d3663b9-4290-4bb9-8cfc-3842a6afb298,U000947,2022-01-03 18:08:13,18:08:13,1222605.75,cash_withdrawal,M00427,USD,success,mobile,D000436,31.141.158.78,credit_card,Kuala Lumpur,"8.183015,104.913194",19,M,2016-09-07,active,0.79,0,0,0,auto_approved,0.1722,2022
27b21dbc-0f4a-4eb9-88c4-a5db2c8c4d7a,U001540,2022-10-31 21:17:42,21:17:42,1805773.68,online_payment,M00460,VND,success,pos,D000048,171.224.37.82,bank_transfer,Hanoi,"17.98649,106.087217",37,F,2015-06-05,active,0.47,0,0,0,auto_approved,0.2041,2022
c8f203fd-d234-4b68-99ed-20d4356f0d3e,U000802,2022-06-08 06:41:54,06:41:54,96548.68,online_payment,M00271,USD,success,atm,D001918,23.234.217.33,mobile_wallet,Singapore,"21.239269,106.968423",68,M,2020-01-13,active,0.61,1,0,0,auto_approved,0.2153,2022
47d31a17-2e8d-4c53-9693-c07a16c0e1b3,U000048,2022-09-11 05:14:31,05:14:31,1103327.84,online_payment,M00348,VND,success,mobile,D000552,78.67.112.240,credit_card,Da Nang,"10.462452,106.51028",50,M,2015-11-08,active,0.91,0,0,0,auto_approved,0.1214,2022
415a96b4-83f6-4255-a2c3-79d33dad8e85,U001474,2022-06-29 18:19:49,18:19:49,3384.8,bill_payment,M00117,VND,success,desktop,D002912,17.62.9.52,credit_card,Kuala Lumpur,"8.453899,106.432696",40,F,2016-07-18,active,0.47,2,1,0,auto_approved,0.467,2022
e8fa7dfc-7557-4be2-8079-f14a14dad467,U000069,2022-06-23 18:16:41,18:16:41,10083.54,transfer,M00093,VND,success,pos,D001741,159.64.0.193,debit_card,Ho Chi Minh City,"18.007135,107.264513",41,F,2015-09-11,active,0.95,0,0,0,auto_approved,0.1741,2022
ae2253e3-efb8-430d-9c5d-69270e4e9af1,U001622,2022-09-22 21:11:24,21:11:24,809382.3,transfer,M00031,USD,success,desktop,D002541,155.106.34.79,debit_card,Kuala Lumpur,"11.374947,103.911984",48,F,2022-03-23,active,0.88,0,0,0,auto_approved,0.073,2022
c9fc265c-08cc-4abf-bbc3-a7c975a44109,U001158,2022-06-30 12:26:47,12:26:47,510327.12,cash_withdrawal,M00368,USD,success,atm,D002982,7.113.98.255,mobile_wallet,Bangkok,"14.265932,106.686193",31,M,2017-04-07,active,0.64,0,0,0,auto_approved,0.333,2022
cb8a1c23-7cd5-4ac3-8e8c-80ef5c9d901f,U000069,2022-01-20 21:01:47,21:01:47,476022.6,online_payment,M00365,VND,success,pos,D000617,151.78.135.104,credit_card,Bangkok,"10.744848,106.132393",18,F,2016-10-16,active,0.72,0,0,0,auto_approved,0.2104,2022
e048d3f1-7c27-402c-8db8-f04b0444332b,U001326,2022-01-31 12:20:28,12:20:28,331790.48,bill_payment,M00097,USD,success,desktop,D002905,30.101.141.225,mobile_wallet,Hanoi,"18.062495,106.877752",48,M,2021-08-22,active,0.95,0,0,0,auto_approved,0.2631,2022
98f87891-b0b9-420f-91ee-ac5b2a567876,U001843,2022-01-02 10:11:43,10:11:43,454141.91,purchase,M00010,USD,success,mobile,D002051,92.58.119.237,bank_transfer,Ho Chi Minh City,"17.175397,104.073951",26,F,2019-08-11,active,0.52,0,0,0,auto_approved,0.4409,2022
483ba136-6ce2-4ec7-b1ea-94d01b434ddd,U001035,2022-09-30 22:39:41,22:39:41,691455.16,online_payment,M00058,USD,success,pos,D002079,100.56.210.55,debit_card,Da Nang,"11.240193,103.017981",26,F,2016-12-05,active,0.93,0,1,0,auto_approved,0.4939,2022
b9378011-9bc7-4912-81c7-62c7f59a33fd,U001926,2022-10-08 20:05:49,20:05:49,291175.17,purchase,M00303,VND,success,pos,D002421,118.152.7.245,bank_transfer,Hanoi,"20.171678,107.088327",36,F,2014-08-12,active,0.46,2,1,0,auto_approved,0.5552,2022
05ab81b5-c281-4664-a252-16c8994df80b,U001026,2022-03-07 15:07:26,15:07:26,174618.83,purchase,M00149,USD,success,atm,D002339,177.92.111.106,credit_card,Singapore,"14.765591,102.751457",50,F,2018-04-05,active,0.86,0,0,0,auto_approved,0.2813,2022
dab971c8-d3c9-485b-b6d0-a6c8023e5fb0,U000365,2022-05-31 09:58:18,09:58:18,759016.01,transfer,M00307,USD,success,mobile,D000841,148.192.17.169,mobile_wallet,Kuala Lumpur,"11.661351,102.90909",18,F,2015-12-06,active,0.92,0,0,0,auto_approved,0.1135,2022
e38bfc7e-b8bc-4731-864b-9250eb8aba17,U000436,2022-11-07 09:30:11,09:30:11,1029.86,transfer,M00042,USD,success,pos,D000018,34.132.168.49,debit_card,Singapore,"14.007759,108.079382",51,M,2020-04-21,active,0.54,2,1,0,auto_approved,0.4245,2022
dd58c98c-03a7-45f1-a806-097856bc2972,U001051,2022-10-18 16:08:58,16:08:58,94210.61,purchase,M00287,VND,pending,desktop,D000529,242.154.60.21,debit_card,Bangkok,"8.67098,106.167462",53,F,2019-12-31,active,0.81,0,0,0,auto_approved,0.0989,2022
295bf83a-96c1-4da2-8730-3e47841ed7d1,U000385,2022-06-03 00:50:29,00:50:29,1799484.27,online_payment,M00357,USD,success,mobile,D001797,203.253.133.14,mobile_wallet,Kuala Lumpur,"12.840945,102.210019",70,F,2020-08-10,active,0.83,0,0,0,auto_approved,0.3278,2022
b81fab92-5e9c-4cd8-8dc8-55c6308d96c9,U000064,2022-10-01 07:05:57,07:05:57,254225.07,purchase,M00214,USD,success,desktop,D000579,134.225.247.181,bank_transfer,Ho Chi Minh City,"11.859989,107.80878",34,M,2016-09-06,active,0.95,0,0,0,auto_approved,0.4171,2022
93d8af82-d021-403e-9e2e-227ad238aa4e,U001211,2022-01-06 19:39:13,19:39:13,203443.9,bill_payment,M00216,VND,success,mobile,D001795,81.245.249.212,bank_transfer,Kuala Lumpur,"13.39877,104.597961",68,F,2017-06-23,active,0.46,0,0,0,auto_approved,0.3578,2022
63e75195-5b66-4204-8730-6406dc518146,U001864,2022-09-05 19:39:25,19:39:25,132471.91,cash_withdrawal,M00265,VND,success,pos,D001792,165.124.63.236,debit_card,Ho Chi Minh City,"15.258373,103.60138",48,M,2017-09-18,active,0.62,1,1,0,auto_approved,0.5135,2022
c7717d28-afa2-486d-a7bc-95a8baee8fd3,U001700,2022-05-14 04:02:21,04:02:21,5731.98,cash_withdrawal,M00150,VND,success,mobile,D001495,244.164.139.184,bank_transfer,Bangkok,"20.518008,108.661274",56,F,2020-10-22,active,0.59,2,1,0,auto_approved,0.2649,2022
2434ea0f-0c83-4ef7-bcaf-d89401fd2d3d,U001444,2022-08-08 12:19:11,12:19:11,2178481.82,bill_payment,M00345,USD,success,pos,D000833,33.184.128.109,bank_transfer,Kuala Lumpur,"11.595748,103.086116",30,F,2015-07-25,active,0.99,0,0,0,auto_approved,0.3972,2022
db27ed1b-1518-4ed4-924b-ca1ad7ad5308,U001804,2022-07-31 22:42:49,22:42:49,297687.15,cash_withdrawal,M00044,USD,success,desktop,D002874,132.84.108.93,debit_card,Hanoi,"9.083513,106.49166",52,M,2014-08-18,active,0.45,0,0,0,auto_approved,0.2141,2022
a6f1557f-fd62-4904-836b-42080d6ddfe4,U001752,2022-07-17 03:43:05,03:43:05,286827.3,purchase,M00189,VND,success,desktop,D001450,111.219.51.70,bank_transfer,Singapore,"15.353642,103.167896",61,M,2015-04-18,active,0.74,0,0,0,auto_approved,0.349,2022
73abdc1f-83ed-4f7c-ba4e-1621b397e594,U001685,2022-02-17 06:20:51,06:20:51,1326167.74,bill_payment,M00329,USD,success,desktop,D001676,175.198.94.75,bank_transfer,Bangkok,"10.813077,105.412621",37,M,2014-12-05,active,0.48,1,1,0,auto_approved,0.609,2022
8db91963-a3a2-4806-ad19-b4b053c4070d,U000385,2022-09-02 00:36:01,00:36:01,137657.47,transfer,M00127,USD,success,mobile,D002452,20.252.154.179,credit_card,Hanoi,"15.294736,108.455538",55,F,2020-07-05,active,0.47,2,1,0,auto_approved,0.1406,2022
4a093867-4908-4d13-854d-c77712c9c3a2,U000426,2022-06-23 14:06:18,14:06:18,420612.44,cash_withdrawal,M00006,USD,success,desktop,D001640,13.236.36.75,bank_transfer,Singapore,"16.508851,105.354869",42,M,2018-06-22,active,0.67,1,0,0,auto_approved,0.5788,2022
9eccdde6-cc58-49e9-9459-77b73e642526,U000808,2022-02-22 13:57:23,13:57:23,118520.99,bill_payment,M00159,USD,success,atm,D002519,235.37.61.190,debit_card,Hanoi,"21.204734,108.220115",23,F,2018-08-11,active,0.56,0,0,0,auto_approved,0.2119,2022
10d8db0c-bc58-42c3-828c-f8ccfd0ef5e2,U000385,2022-05-02 03:00:11,03:00:11,1072982.96,bill_payment,M00056,VND,success,pos,D002412,116.22.156.242,bank_transfer,Da Nang,"17.779666,106.136787",27,M,2021-10-28,active,0.7,0,0,0,auto_approved,0.3589,2022
930f5a4a-bd95-49f2-9c7d-150d1a55818e,U000171,2022-08-09 02:07:10,02:07:10,554219.25,cash_withdrawal,M00240,VND,success,pos,D002884,238.110.97.245,mobile_wallet,Da Nang,"20.934977,103.14767",56,M,2018-07-08,active,0.98,1,0,0,auto_approved,0.3426,2022
71e52f5c-fe00-43df-bf19-08265e4fdd5f,U001784,2022-10-27 16:46:43,16:46:43,767234.18,bill_payment,M00223,USD,success,desktop,D001221,131.124.30.213,bank_transfer,Da Nang,"17.26678,107.255588",45,M,2022-09-05,active,0.59,0,0,0,auto_approved,0.0102,2022
ea9cd133-b1c3-4de9-9019-f2a382fd4c9b,U001634,2022-05-03 07:23:21,07:23:21,448023.76,bill_payment,M00076,VND,success,atm,D001032,251.1.227.79,bank_transfer,Da Nang,"8.558491,107.121854",19,M,2015-02-02,active,0.73,0,1,1,pending_review,0.6003,2022
7dc764c3-d7e6-4858-86ee-87b9f37982d6,U000140,2022-12-14 00:08:57,00:08:57,578917.0,bill_payment,M00145,USD,success,atm,D000779,159.179.34.165,credit_card,Kuala Lumpur,"20.797985,103.946852",37,F,2016-06-13,active,0.8,0,0,0,auto_approved,0.1022,2022
0d335a5a-7e02-40ba-a978-d5d9875aa283,U001974,2022-01-07 23:16:01,23:16:01,658728.17,online_payment,M00227,VND,failed,pos,D000640,108.169.145.218,bank_transfer,Ho Chi Minh City,"20.866932,106.744591",50,F,2020-04-29,active,0.46,0,0,0,auto_approved,0.4464,2022
8cf5672d-fb49-4d90-9e6c-c6fdc5289174,U001122,2022-07-22 21:05:39,21:05:39,611313.73,bill_payment,M00478,VND,success,pos,D001419,95.213.218.108,credit_card,Bangkok,"19.6058,103.007716",57,M,2018-11-12,active,0.53,1,0,0,auto_approved,0.2853,2022
44961c06-11f0-4b19-a0e5-ec7e31601211,U001801,2022-05-01 22:16:09,22:16:09,493302.52,purchase,M00499,VND,success,atm,D001128,65.139.253.12,credit_card,Kuala Lumpur,"19.851107,108.467767",35,F,2015-08-28,active,0.9,0,0,0,auto_approved,0.0277,2022
12c5d650-42e2-4cde-8a71-2e30fc6d5767,U000361,2022-04-11 08:54:11,08:54:11,333463.38,cash_withdrawal,M00191,USD,success,desktop,D000388,246.175.6.49,debit_card,Bangkok,"9.206368,105.549007",39,M,2020-04-04,active,0.9,0,0,0,auto_approved,0.2527,2022
0e0c0dfc-5ccd-47c5-9dc5-a86c22fedda3,U000801,2022-09-06 10:08:11,10:08:11,1540052.77,transfer,M00497,VND,success,desktop,D000955,75.95.79.193,bank_transfer,Da Nang,"10.134344,106.791926",26,M,2016-06-18,active,0.99,0,0,0,auto_approved,0.1923,2022
3c3941cf-1750-4856-a601-f5634b4be364,U000347,2022-09-04 09:24:42,09:24:42,758797.73,cash_withdrawal,M00339,USD,success,mobile,D002784,97.195.189.23,debit_card,Singapore,"15.507608,105.544985",33,M,2019-05-18,active,0.86,0,0,0,auto_approved,0.1135,2022
e27819b8-c307-4973-ba93-4b09c9388407,U001426,2022-02-05 22:45:46,22:45:46,40428.73,transfer,M00246,USD,success,pos,D001663,220.25.230.34,bank_transfer,Hanoi,"13.461463,106.192406",20,M,2019-07-02,active,0.63,0,0,0,auto_approved,0.1078,2022
67d72677-ea9f-4395-9558-22e5558eeef9,U001767,2022-10-14 11:22:10,11:22:10,400731.26,purchase,M00163,USD,success,atm,D001171,102.26.125.239,debit_card,Hanoi,"16.875354,103.910802",34,M,2017-02-20,active,0.63,0,0,0,auto_approved,0.4232,2022
455a7556-f77b-431c-ad4f-10138d9f7d5c,U001054,2022-07-20 17:32:49,17:32:49,357615.58,cash_withdrawal,M00065,VND,success,desktop,D002491,49.95.175.70,credit_card,Hanoi,"11.001294,107.018428",28,F,2019-05-08,active,0.9,2,1,0,auto_approved,0.5204,2022
7dbeb4d5-575c-4c0f-8734-5ec536a2526d,U001097,2022-09-14 06:13:35,06:13:35,1076119.65,cash_withdrawal,M00217,USD,success,pos,D002660,29.89.148.214,credit_card,Ho Chi Minh City,"8.250375,105.364698",25,M,2015-04-01,active,0.78,0,0,0,auto_approved,0.4235,2022
d8ef78b0-92fd-458c-b50c-219c667da0dd,U001665,2022-12-17 23:02:52,23:02:52,902327.55,online_payment,M00378,USD,success,desktop,D002834,62.23.8.119,debit_card,Da Nang,"20.931205,103.407137",69,F,2018-11-25,active,0.63,0,0,0,auto_approved,0.085,2022
39bd24da-f346-4c0c-9e0e-442620653ff4,U000184,2022-02-12 17:41:37,17:41:37,549718.11,transfer,M00279,VND,success,mobile,D002115,156.21.249.74,debit_card,Ho Chi Minh City,"15.023061,108.9309",36,M,2017-09-18,active,0.61,0,0,0,auto_approved,0.1729,2022
5b5d977b-898b-4a0b-8fc4-f727ba20e9ee,U000525,2022-04-22 22:41:11,22:41:11,851916.32,transfer,M00281,VND,success,desktop,D002542,178.101.107.103,debit_card,Hanoi,"8.574586,103.926455",43,F,2015-01-21,active,0.72,0,0,0,auto_approved,0.1824,2022
95bcaac0-3471-45e3-8163-6bfaff7080c4,U001969,2022-10-06 07:25:06,07:25:06,2385607.21,purchase,M00133,VND,success,pos,D002750,98.83.202.48,mobile_wallet,Da Nang,"19.02757,105.12369",39,F,2018-11-28,active,0.62,0,0,0,auto_approved,0.3978,2022
6dabd998-01e6-45ec-9076-c49d999be098,U001394,2022-01-03 00:02:45,00:02:45,139510.38,bill_payment,M00399,USD,success,pos,D002662,209.162.21.143,bank_transfer,Hanoi,"21.955474,103.23834",63,M,2021-09-09,active,0.49,3,1,0,auto_approved,0.2952,2022
eb4c1153-9213-46c5-8a0a-59b5bc61d3b8,U001393,2022-03-23 16:04:04,16:04:04,1072578.34,bill_payment,M00457,USD,success,pos,D001075,220.192.206.179,mobile_wallet,Kuala Lumpur,"14.863825,107.614801",61,F,2021-11-18,active,0.87,2,1,0,auto_approved,0.2649,2022
1f0f4ff1-0790-4189-8499-40c281aca5a0,U001885,2022-03-10 12:43:20,12:43:20,131702.49,purchase,M00140,VND,success,pos,D000409,39.43.143.55,credit_card,Hanoi,"14.197324,102.267364",65,M,2015-10-24,active,0.87,1,0,0,auto_approved,0.2545,2022
e328a6d6-0a17-4e61-95d2-1358925525d8,U001544,2022-04-06 17:29:31,17:29:31,1092733.97,purchase,M00092,USD,failed,atm,D001609,49.1.211.176,bank_transfer,Singapore,"17.810512,102.115335",33,F,2016-03-28,active,0.66,0,0,0,auto_approved,0.3631,2022
1875092f-a69f-4ce4-9fb5-8d2fde051bc4,U000237,2022-11-30 01:34:18,01:34:18,202374.37,bill_payment,M00169,USD,success,desktop,D002378,7.127.246.20,bank_transfer,Bangkok,"13.787699,104.738026",60,M,2017-06-01,active,0.54,0,0,0,auto_approved,0.373,2022
fff1e207-f3e3-431f-a25e-5b20d68f2890,U000744,2022-12-12 18:48:44,18:48:44,1325450.03,transfer,M00336,USD,success,pos,D000857,174.137.250.180,debit_card,Da Nang,"8.283683,105.984303",18,M,2018-11-22,active,0.48,0,1,1,pending_review,0.4788,2022
55b1a07a-db4b-4685-a50f-155daa8fb06c,U001518,2022-12-11 08:48:06,08:48:06,573857.78,cash_withdrawal,M00320,USD,success,atm,D001300,205.167.138.22,debit_card,Hanoi,"16.754325,105.054238",55,M,2018-12-15,active,0.79,0,0,0,auto_approved,0.0432,2022
27ce6cd8-2620-46dd-9062-a05eb7c6024a,U000993,2022-09-15 18:43:28,18:43:28,162562.07,bill_payment,M00237,USD,success,pos,D000936,230.124.150.77,bank_transfer,Singapore,"13.297743,105.001029",56,F,2014-10-23,active,0.9,0,0,0,auto_approved,0.3826,2022
c7f40b81-7400-4b4c-8791-94d20103327d,U001253,2022-04-12 19:36:25,19:36:25,4791446.97,online_payment,M00372,VND,success,desktop,D000019,18.17.12.111,mobile_wallet,Ho Chi Minh City,"11.771788,104.033769",66,M,2021-06-28,active,1.0,0,1,0,auto_approved,0.2874,2022
9365df15-964f-46bf-bd4e-c55a94de5ced,U001744,2022-05-15 03:46:18,03:46:18,2167530.44,online_payment,M00356,VND,success,pos,D002446,117.232.41.35,bank_transfer,Hanoi,"13.498503,104.699474",32,M,2019-10-09,active,0.81,0,0,0,auto_approved,0.0443,2022
27792854-128a-4b48-a19e-39232dbc511d,U000550,2022-03-01 09:42:42,09:42:42,440660.12,bill_payment,M00243,USD,success,mobile,D002069,191.220.58.137,debit_card,Da Nang,"16.679323,104.068904",52,F,2020-07-04,active,0.66,0,0,0,auto_approved,0.103,2022
899e7941-a3ee-4e04-b567-dab823daa341,U000809,2022-02-03 14:02:37,14:02:37,795847.8,bill_payment,M00038,VND,success,pos,D002558,53.172.50.243,mobile_wallet,Kuala Lumpur,"9.12697,103.080431",19,M,2019-06-29,active,0.89,0,0,0,auto_approved,0.0813,2022
23401e02-fefd-4125-96ff-9ee7c0e51d3b,U000549,2022-11-26 06:16:14,06:16:14,1220518.22,transfer,M00449,USD,success,mobile,D000518,237.27.140.183,credit_card,Singapore,"14.853931,107.700383",37,F,2018-06-10,active,0.79,0,0,0,auto_approved,0.2222,2022
8fcd9685-8924-464a-8621-499f23e53fb0,U000825,2022-11-26 06:47:51,06:47:51,2603538.52,bill_payment,M00479,USD,success,pos,D000869,40.45.182.61,bank_transfer,Hanoi,"11.474604,103.745662",38,F,2016-10-14,active,0.99,0,0,0,auto_approved,0.177,2022
9c0f64f9-6dec-4dad-988b-b97435de83d3,U001087,2022-03-30 05:49:11,05:49:11,2517738.68,cash_withdrawal,M00443,VND,success,atm,D002408,211.164.35.188,mobile_wallet,Hanoi,"12.714449,104.723286",36,M,2018-03-27,active,0.66,0,0,0,auto_approved,0.2731,2022
5ab8749a-8ce8-49a2-b45a-1be3490169f3,U001433,2022-04-16 10:17:17,10:17:17,106090.06,bill_payment,M00052,USD,success,pos,D001397,218.221.133.82,credit_card,Kuala Lumpur,"13.928205,108.566623",48,M,2019-02-22,active,0.76,0,0,0,auto_approved,0.2707,2022
226f00e7-58b1-48b4-898c-a067995fafdd,U000070,2022-09-21 07:15:08,07:15:08,601550.84,transfer,M00401,VND,success,pos,D000254,230.157.8.136,credit_card,Singapore,"21.082439,105.50075",40,M,2019-06-26,active,0.94,0,0,0,auto_approved,0.4345,2022
f12f1cb3-7c4b-4d7c-b3b1-acb98c594efb,U001711,2022-10-25 21:57:18,21:57:18,817207.28,cash_withdrawal,M00385,USD,success,atm,D002350,8.245.192.164,credit_card,Hanoi,"8.884453,105.314731",18,M,2014-10-08,active,0.77,0,0,0,auto_approved,0.2501,2022
dcb4b4d3-6f98-4005-abc2-46fbfa7d74f1,U000625,2022-04-23 12:17:47,12:17:47,65098.38,cash_withdrawal,M00044,USD,pending,atm,D002558,211.196.135.2,bank_transfer,Da Nang,"12.591101,106.003553",32,F,2018-07-10,active,0.45,0,0,0,auto_approved,0.2098,2022
744857de-776b-410c-8bbe-11d0c15880a7,U000749,2022-07-09 23:26:46,23:26:46,1077845.82,cash_withdrawal,M00475,VND,success,mobile,D000900,85.160.115.131,bank_transfer,Singapore,"9.283751,103.484456",40,F,2018-11-01,active,0.88,0,1,0,auto_approved,0.2557,2022
32967322-4568-4e4b-8a66-2034d4e1b824,U000674,2022-09-03 19:45:12,19:45:12,744764.47,cash_withdrawal,M00132,USD,success,mobile,D001406,121.119.66.173,bank_transfer,Da Nang,"10.405858,103.93938",67,F,2021-06-27,active,0.61,1,0,0,auto_approved,0.3824,2022
8b20b4d4-55e5-413c-b261-65134fa965a9,U000011,2022-12-26 19:14:40,19:14:40,2003045.12,cash_withdrawal,M00073,USD,success,atm,D002594,82.111.218.182,mobile_wallet,Hanoi,"15.673659,108.229022",41,F,2022-02-17,active,0.61,0,0,0,auto_approved,0.3274,2022
6a5334ca-7def-4f10-a6e4-4443bdbdbadd,U000963,2022-07-03 06:56:24,06:56:24,4844705.25,purchase,M00334,VND,success,atm,D000083,188.217.209.50,debit_card,Hanoi,"15.901939,106.439812",66,M,2021-03-02,active,0.61,0,1,0,auto_approved,0.4231,2022
f5e238a4-55d9-424f-8af9-50a7636bb1fd,U000162,2022-10-17 13:53:47,13:53:47,423509.26,transfer,M00163,VND,success,pos,D002126,94.3.193.29,mobile_wallet,Hanoi,"8.670115,106.997305",67,F,2019-02-11,active,0.46,1,0,0,auto_approved,0.3441,2022
9fe33ec0-b3a9-4027-88b0-5b1eeb042659,U000915,2022-08-18 18:31:10,18:31:10,1706195.41,cash_withdrawal,M00193,VND,success,desktop,D001057,96.250.180.181,credit_card,Singapore,"21.164987,104.772135",33,M,2017-01-13,active,0.92,0,0,0,auto_approved,0.1554,2022
ece65efc-9239-431f-9d7f-2a8687d4e0bc,U001031,2022-12-18 13:49:53,13:49:53,545038.51,bill_payment,M00266,VND,success,mobile,D001568,103.220.146.131,bank_transfer,Da Nang,"15.090432,107.387504",30,F,2021-08-05,active,0.66,0,1,0,auto_approved,0.5508,2022
f9ade986-b649-47bb-a658-8738eae38af9,U001642,2022-06-05 08:17:10,08:17:10,1032333.25,cash_withdrawal,M00211,USD,success,desktop,D001687,63.197.239.191,debit_card,Hanoi,"9.950648,108.766098",53,M,2020-05-01,active,0.52,0,0,0,auto_approved,0.4369,2022
ae31be10-5def-4f6e-981c-5e1f0543fe27,U000254,2022-12-23 07:26:45,07:26:45,514867.96,bill_payment,M00346,VND,success,mobile,D002184,112.11.223.53,credit_card,Da Nang,"17.878344,105.329748",63,M,2016-10-10,active,0.56,0,0,0,auto_approved,0.2868,2022
2aea6eb6-45c4-40bd-9ccc-e3210c2ea34b,U000242,2022-06-11 13:45:51,13:45:51,629667.81,cash_withdrawal,M00319,VND,success,atm,D001889,240.150.5.138,mobile_wallet,Bangkok,"11.81683,107.615426",34,M,2015-06-29,active,0.77,0,0,0,auto_approved,0.0809,2022
0885836a-ac3c-4eac-b734-6167be12d9f5,U001500,2022-07-28 18:00:14,18:00:14,941953.37,cash_withdrawal,M00096,USD,success,atm,D002444,117.81.194.246,mobile_wallet,Singapore,"9.818559,102.370769",55,M,2021-06-21,active,0.98,0,0,0,auto_approved,0.0873,2022
6b1bc965-0f5f-4f66-8fbc-d36e0e9c811f,U000102,2022-01-09 08:35:50,08:35:50,171431.63,online_payment,M00164,USD,success,desktop,D002227,164.116.91.75,credit_card,Da Nang,"18.279416,105.107948",32,F,2020-01-05,active,0.89,0,0,0,auto_approved,0.0263,2022
631ddbf6-6569-49e9-a29b-4a0edf3d6842,U001237,2022-03-22 14:09:27,14:09:27,366753.51,purchase,M00336,VND,success,mobile,D002535,230.248.39.12,credit_card,Kuala Lumpur,"10.755286,106.38055",65,F,2021-07-15,active,0.85,0,0,0,auto_approved,0.33,2022
399c4b54-36ff-4068-b0fa-a06cd5f68403,U000264,2022-06-19 23:34:37,23:34:37,103545.48,transfer,M00447,USD,success,mobile,D001680,97.248.154.38,debit_card,Hanoi,"21.748822,103.118556",58,F,2016-12-02,under_review,0.69,0,0,0,auto_approved,0.2059,2022
72334271-4ef7-46c6-828c-119c5c82532d,U000327,2022-07-10 23:18:29,23:18:29,22597.53,online_payment,M00013,USD,success,desktop,D002563,227.4.237.165,credit_card,Bangkok,"12.785584,103.99891",26,F,2014-12-14,active,0.55,2,1,0,auto_approved,0.2326,2022
1f9fc269-77ca-4548-a765-f9eb12f3cb60,U000798,2022-03-30 04:47:45,04:47:45,391143.5,purchase,M00237,USD,success,mobile,D001357,104.158.62.2,credit_card,Da Nang,"16.019596,103.321936",41,M,2018-12-28,active,0.88,0,0,0,auto_approved,0.4354,2022
d2e050c8-2c4c-4062-9343-e8e7f667ea31,U001172,2022-07-11 12:39:01,12:39:01,49412.89,online_payment,M00355,VND,success,pos,D002771,158.81.76.99,credit_card,Ho Chi Minh City,"17.702097,108.471583",28,M,2020-08-15,active,0.8,0,0,0,auto_approved,0.3536,2022
01bb9dac-0488-482c-908b-56803e6a6c3b,U000935,2022-01-07 23:41:45,23:41:45,1254542.54,purchase,M00484,USD,success,pos,D001566,194.141.49.243,mobile_wallet,Hanoi,"14.353426,106.456888",69,F,2015-11-27,active,0.81,0,0,0,auto_approved,0.2306,2022
816b388c-a483-46c2-84d1-2f117c1c8f45,U000272,2022-04-12 10:49:18,10:49:18,632004.64,transfer,M00194,VND,success,desktop,D000259,46.148.139.125,debit_card,Ho Chi Minh City,"8.338634,108.868988",52,M,2016-03-31,active,0.52,0,0,0,auto_approved,0.0731,2022
9abbca1b-0d48-4b4c-af35-6283bb7d3f95,U000582,2022-12-12 02:57:32,02:57:32,151203.69,purchase,M00131,USD,success,atm,D002899,19.47.211.64,mobile_wallet,Ho Chi Minh City,"10.234361,107.921296",41,M,2015-06-05,active,0.56,0,0,0,auto_approved,0.4416,2022
043b1afc-42a4-4c32-a17d-707a01b5917c,U001105,2022-01-11 09:30:22,09:30:22,700224.65,online_payment,M00398,USD,success,mobile,D002497,128.212.39.118,bank_transfer,Singapore,"16.372807,106.457765",42,F,2019-11-07,active,0.89,0,0,0,auto_approved,0.1746,2022
bb5cb104-8497-4c03-8a09-1f9543744efd,U001574,2022-10-24 13:32:47,13:32:47,266502.35,bill_payment,M00074,USD,success,atm,D002054,167.79.251.36,mobile_wallet,Kuala Lumpur,"21.381369,104.608596",24,F,2018-03-25,active,0.54,0,0,0,auto_approved,0.0791,2022
5f58ef4e-03e5-4afc-a341-796db00ec280,U001699,2022-06-17 12:23:04,12:23:04,176806.13,cash_withdrawal,M00327,VND,failed,pos,D000726,86.119.105.33,debit_card,Hanoi,"20.08662,106.886959",22,M,2020-01-26,active,0.56,2,1,0,auto_approved,0.3179,2022
65c3c85e-ec67-4cb2-86f1-a11ea2257a69,U000228,2022-08-19 19:06:53,19:06:53,449394.65,online_payment,M00066,USD,success,pos,D002843,19.72.34.128,mobile_wallet,Hanoi,"18.369374,103.197349",39,M,2015-08-03,active,0.94,0,0,0,auto_approved,0.2829,2022
a9e7b3bd-9e83-4a05-b786-6275c9c915db,U000444,2022-09-16 05:53:00,05:53:00,664836.7,cash_withdrawal,M00345,VND,success,atm,D001645,213.106.66.117,debit_card,Kuala Lumpur,"14.246568,106.380182",28,F,2019-04-10,active,0.52,0,0,0,auto_approved,0.1163,2022
d3545039-8adf-4b63-b6dc-689a92b0d4d1,U001235,2022-05-25 00:03:34,00:03:34,127204.52,online_payment,M00030,VND,failed,atm,D000851,5.216.219.157,mobile_wallet,Kuala Lumpur,"11.761384,103.20919",65,M,2017-04-26,active,0.89,0,0,0,auto_approved,0.1702,2022
c602c8fe-3119-449e-ad92-ab75b73a0ce0,U001930,2022-09-07 01:03:16,01:03:16,340499.32,bill_payment,M00130,USD,success,desktop,D000190,18.54.194.199,mobile_wallet,Da Nang,"13.954846,107.146277",62,F,2020-07-30,active,0.63,0,0,0,auto_approved,0.3518,2022
68a22828-cdca-43ee-bdf3-440325cdb1ae,U000257,2022-12-18 11:41:37,11:41:37,1929289.96,bill_payment,M00251,VND,success,atm,D000658,79.216.172.130,debit_card,Da Nang,"18.442324,108.9667",42,M,2016-10-24,active,0.79,0,0,0,auto_approved,0.4437,2022
6f360b46-ce7a-4192-8221-2c091aa79e93,U000266,2022-06-12 17:16:07,17:16:07,1025729.17,purchase,M00244,VND,success,atm,D000842,217.212.115.6,mobile_wallet,Bangkok,"13.474014,105.531304",53,F,2019-04-04,active,0.65,1,0,0,auto_approved,0.3362,2022
4ecf0993-b7a0-470e-a20d-4aaa262cfd5a,U001929,2022-07-10 12:08:39,12:08:39,602889.47,online_payment,M00007,VND,success,atm,D001754,220.63.144.101,debit_card,Ho Chi Minh City,"17.270495,102.523004",23,F,2016-07-19,active,0.65,0,0,0,auto_approved,0.2399,2022
651b2ff3-fee3-4bfc-a429-812526375dce,U000747,2022-06-24 15:36:23,15:36:23,144187.8,online_payment,M00345,VND,success,atm,D001104,193.37.14.107,mobile_wallet,Kuala Lumpur,"18.396,108.301734",52,M,2019-05-23,active,0.76,0,0,0,auto_approved,0.1544,2022
5152f982-5cbc-473e-8803-907a675344ce,U000262,2022-03-10 03:43:46,03:43:46,344629.09,online_payment,M00012,USD,success,mobile,D002303,168.3.29.77,debit_card,Singapore,"10.950135,108.454818",27,F,2014-03-23,active,0.67,0,0,0,auto_approved,0.3857,2022
2a407724-9d8a-4c02-9809-02f93eba7cbe,U000267,2022-06-23 16:04:25,16:04:25,577160.29,transfer,M00296,VND,success,pos,D001384,11.172.156.69,credit_card,Ho Chi Minh City,"20.943176,102.300607",45,F,2015-08-22,active,0.64,1,0,0,auto_approved,0.5598,2022
69641f80-f3ca-46f5-a1cd-d38a9d59c57e,U001975,2022-06-07 17:45:45,17:45:45,196216.8,transfer,M00190,VND,success,atm,D000531,91.71.113.86,credit_card,Bangkok,"17.070546,108.721148",42,M,2020-10-26,active,0.59,0,0,0,auto_approved,0.1251,2022
4c7ca8e6-80e8-435d-b52b-b7c5348df8ad,U001615,2022-07-18 01:49:57,01:49:57,385688.34,purchase,M00032,USD,success,mobile,D000223,81.234.18.97,credit_card,Hanoi,"21.451234,107.190695",52,F,2022-04-15,active,0.54,0,0,0,auto_approved,0.3571,2022
b7c34072-422d-465f-9af2-6b4dd1078d57,U000379,2022-10-14 04:27:17,04:27:17,1371935.89,cash_withdrawal,M00012,USD,success,pos,D000293,226.158.90.149,debit_card,Ho Chi Minh City,"14.576168,103.605743",28,F,2015-02-02,active,0.9,0,0,0,auto_approved,0.0566,2022
9d4ebd5b-18bb-44d4-a470-5ce696f901cf,U000246,2022-06-15 18:10:27,18:10:27,120193.57,online_payment,M00055,VND,success,atm,D001736,65.234.176.17,debit_card,Ho Chi Minh City,"18.917288,108.051784",61,M,2017-11-27,active,0.78,0,0,0,auto_approved,0.3077,2022
69806f2d-62f8-412e-b98f-2f3167cd91e6,U000289,2022-03-27 03:14:53,03:14:53,89951.23,purchase,M00446,VND,success,mobile,D000613,92.9.90.36,mobile_wallet,Singapore,"10.949571,105.043383",26,F,2014-08-29,active,0.87,0,0,0,auto_approved,0.0149,2022
73c2febe-1caf-44a4-88dc-d096cbf31c37,U000252,2022-09-29 20:51:12,20:51:12,1329911.81,cash_withdrawal,M00424,VND,success,pos,D002541,139.16.71.68,bank_transfer,Singapore,"19.627736,103.928816",61,F,2021-06-29,active,0.88,0,0,0,auto_approved,0.1288,2022
3bb07686-4373-462a-b439-8fe362bfd196,U000295,2022-10-10 13:26:11,13:26:11,482563.85,transfer,M00489,VND,success,pos,D000543,228.206.56.33,debit_card,Singapore,"8.177902,103.752579",37,M,2017-01-26,active,0.7,0,0,0,auto_approved,0.2535,2022
22f6fc9a-65e5-471d-b6ea-1317a0523235,U000279,2022-04-05 20:31:17,20:31:17,125071.69,online_payment,M00049,USD,success,pos,D000957,197.174.185.239,mobile_wallet,Bangkok,"15.162175,107.393954",58,F,2022-02-04,active,0.46,0,1,0,auto_approved,0.5726,2022
08991b44-fa97-40ee-8241-8c76f4472afe,U001421,2022-11-04 02:34:50,02:34:50,325798.81,bill_payment,M00156,USD,success,pos,D000460,80.124.200.207,credit_card,Ho Chi Minh City,"9.893895,102.499002",64,M,2014-09-25,active,0.93,0,0,0,auto_approved,0.4332,2022
349aa0dd-3951-4dd3-b58a-3c0cd2fd0874,U001624,2022-03-17 11:59:44,11:59:44,362924.59,online_payment,M00299,VND,success,atm,D002046,83.174.197.192,bank_transfer,Hanoi,"21.635054,104.590281",56,F,2014-11-08,active,0.49,0,0,0,auto_approved,0.4396,2022
40eeabda-6a58-463e-8bad-176ed1addfb0,U000482,2022-12-20 06:06:48,06:06:48,55772.52,cash_withdrawal,M00449,USD,success,desktop,D001621,28.40.189.156,debit_card,Kuala Lumpur,"17.190544,106.578151",59,M,2017-08-21,active,0.76,0,1,0,auto_approved,0.5664,2022
bbdbd570-c5c0-4e1d-9e17-743918ca772d,U001605,2022-11-09 17:45:44,17:45:44,1273949.3,transfer,M00053,USD,success,pos,D001712,207.40.46.5,credit_card,Bangkok,"10.758666,108.638414",39,F,2017-04-09,active,0.5,1,0,0,auto_approved,0.3455,2022
063d76ba-2da3-427f-b144-ff467852661b,U001501,2022-01-22 10:30:27,10:30:27,510486.3,purchase,M00084,USD,success,atm,D000082,188.43.17.83,credit_card,Kuala Lumpur,"9.173156,107.571817",32,M,2016-01-13,active,0.96,0,0,0,auto_approved,0.4391,2022
d92f8359-4ca2-4234-92f1-2383477ffdfd,U001713,2022-12-21 08:59:07,08:59:07,1081327.13,cash_withdrawal,M00168,USD,success,mobile,D000157,94.109.76.200,debit_card,Singapore,"21.630747,104.501891",56,M,2020-12-23,active,0.56,0,0,0,auto_approved,0.0989,2022
8027221d-155c-4155-a4b2-160020df2f4b,U001402,2022-09-06 03:41:49,03:41:49,1585372.07,transfer,M00474,VND,success,desktop,D001867,118.254.109.188,debit_card,Bangkok,"11.69604,103.347601",54,F,2019-11-03,active,0.49,1,1,1,pending_review,0.3409,2022
4e3db46a-e5b2-47b9-ba87-498ba6de17fc,U000093,2022-01-25 16:41:49,16:41:49,1932605.7,online_payment,M00043,VND,success,desktop,D002312,87.113.105.195,debit_card,Singapore,"12.710657,104.219044",20,M,2015-09-16,active,0.46,2,1,1,pending_review,0.4519,2022
6154b074-3428-4f6c-9991-251996bf7ac3,U000633,2022-03-22 11:33:18,11:33:18,13720.9,bill_payment,M00020,USD,success,pos,D000215,110.182.169.235,debit_card,Ho Chi Minh City,"11.412521,103.046131",38,F,2021-05-10,active,0.59,0,0,0,auto_approved,0.252,2022
e3c95fca-68dc-435e-9108-a283bc4a596c,U001088,2022-06-06 16:03:26,16:03:26,80063.09,bill_payment,M00442,VND,success,mobile,D001362,110.233.176.175,debit_card,Hanoi,"9.420482,104.518523",51,F,2018-10-18,active,0.52,3,1,1,pending_review,0.4032,2022
92fd8ca5-7ef3-4ed7-81e3-b07dcca6102e,U001529,2022-09-16 21:35:50,21:35:50,429843.77,purchase,M00357,USD,success,mobile,D000902,116.244.237.221,bank_transfer,Ho Chi Minh City,"18.272873,102.682026",60,F,2015-06-17,active,0.68,0,0,0,auto_approved,0.049,2022
e45eac93-b7af-4dd0-afe0-4b370aa38a82,U000571,2022-03-31 11:19:49,11:19:49,1025630.12,transfer,M00292,USD,success,mobile,D000196,194.162.195.235,debit_card,Kuala Lumpur,"20.863623,108.267709",51,M,2018-01-26,active,0.94,0,0,0,auto_approved,0.1215,2022
5a904eac-dead-4a34-b83a-0351c75e87be,U001722,2022-04-12 15:56:39,15:56:39,685874.76,transfer,M00388,VND,success,mobile,D001218,153.139.33.168,mobile_wallet,Kuala Lumpur,"10.620064,102.588737",62,M,2014-04-13,active,0.71,1,0,0,auto_approved,0.3243,2022
05ed2f30-5103-4d4d-b520-f9d67e74792c,U000143,2022-02-11 13:23:48,13:23:48,464200.83,transfer,M00188,VND,success,desktop,D000080,139.251.128.133,credit_card,Singapore,"17.406372,106.112267",36,F,2014-10-10,active,0.8,0,0,0,auto_approved,0.0646,2022
75e01a23-7bf7-4e28-a7a2-e6edfb3698e5,U001863,2022-06-30 06:38:10,06:38:10,444470.96,bill_payment,M00386,USD,success,pos,D002101,184.56.246.121,bank_transfer,Bangkok,"20.300177,108.701923",26,F,2020-11-14,active,0.92,0,0,0,auto_approved,0.2474,2022
698f3133-5082-46f5-bd24-e9512b868c0c,U001448,2022-12-22 22:42:39,22:42:39,2145041.53,cash_withdrawal,M00079,USD,pending,pos,D002452,196.204.214.173,bank_transfer,Hanoi,"20.276066,104.99568",18,M,2016-09-19,active,0.93,0,0,0,auto_approved,0.0761,2022
1832719b-8984-4087-bef3-d526fb9ac5cf,U001479,2022-05-15 19:32:44,19:32:44,1458683.24,purchase,M00158,VND,success,pos,D000561,169.83.175.169,credit_card,Singapore,"9.529633,106.872991",34,F,2016-02-04,active,0.88,0,1,0,auto_approved,0.2904,2022
2db405fb-6f56-48c4-8dce-3b0ba3f12f09,U001246,2022-04-01 06:56:47,06:56:47,1217716.75,online_payment,M00143,VND,success,desktop,D000539,175.43.99.182,mobile_wallet,Hanoi,"8.890653,103.643415",45,M,2015-06-15,active,0.97,0,0,0,auto_approved,0.2635,2022
efd9bb71-c914-4ff4-86dc-f9130f77abc1,U000497,2022-09-13 12:07:35,12:07:35,365130.27,cash_withdrawal,M00246,VND,success,desktop,D000619,155.117.186.60,credit_card,Hanoi,"19.895821,102.370587",30,M,2022-07-01,blocked,0.9,0,0,0,auto_approved,0.1969,2022
8c83c42b-a8d6-43f0-88db-f019990ad46f,U001211,2022-03-21 15:10:15,15:10:15,1923971.91,bill_payment,M00123,VND,failed,atm,D002142,80.24.248.228,credit_card,Kuala Lumpur,"8.211677,102.55605",53,M,2015-08-26,active,0.98,0,0,0,auto_approved,0.2603,2022
5280c704-bc0f-4b82-9185-10d74d5d9739,U000752,2022-03-02 20:12:40,20:12:40,473472.36,online_payment,M00288,VND,success,pos,D002529,133.150.225.137,credit_card,Bangkok,"15.413085,103.116438",35,F,2020-10-21,active,0.45,0,0,0,auto_approved,0.0508,2022
3641277b-c094-4326-bbee-3f876d1f2784,U001449,2022-06-25 04:43:28,04:43:28,520385.14,cash_withdrawal,M00121,VND,success,pos,D001852,128.238.165.38,bank_transfer,Ho Chi Minh City,"18.247599,105.5548",66,M,2017-01-04,active,0.8,0,0,0,auto_approved,0.3248,2022
6653190e-de15-4d98-9a40-a23a3b0782e7,U000431,2022-10-14 03:56:18,03:56:18,694337.29,cash_withdrawal,M00444,VND,success,desktop,D000855,29.208.121.205,mobile_wallet,Ho Chi Minh City,"13.044033,102.037935",44,F,2021-10-23,under_review,0.66,1,0,0,auto_approved,0.2399,2022
2040757a-93ed-4c8a-be98-27d90884ceb5,U000931,2022-11-10 17:38:45,17:38:45,1800070.47,bill_payment,M00062,VND,success,atm,D002994,91.111.215.164,bank_transfer,Da Nang,"9.559706,102.746964",26,M,2015-10-28,active,0.57,0,0,0,auto_approved,0.4026,2022
6fdf9878-62c2-45ab-80e4-5721f5842162,U000293,2022-11-23 06:23:44,06:23:44,51223.69,purchase,M00481,VND,success,atm,D001526,241.188.5.95,credit_card,Singapore,"15.673422,107.182484",64,F,2020-12-02,active,0.54,0,1,0,auto_approved,0.5921,2022
34ac72da-99e4-46f7-9ee3-cc77970ec434,U000879,2022-05-30 22:28:46,22:28:46,587697.71,bill_payment,M00397,USD,success,mobile,D001574,72.15.201.81,debit_card,Kuala Lumpur,"10.052624,102.66136",33,M,2019-01-25,active,0.84,1,0,0,auto_approved,0.4589,2022
20772beb-d2cb-4574-a676-b5eaa7145724,U000320,2022-03-01 13:40:49,13:40:49,273815.24,cash_withdrawal,M00077,USD,success,mobile,D000322,161.192.53.232,debit_card,Hanoi,"12.761113,105.901504",28,M,2019-04-23,active,0.75,0,0,0,auto_approved,0.41,2022
403c27a4-9c11-42f4-a4ce-60d6aba19f15,U000143,2022-02-07 22:41:27,22:41:27,798771.25,online_payment,M00419,USD,success,desktop,D000477,11.158.67.42,bank_transfer,Singapore,"13.788898,106.513625",67,M,2019-12-26,active,0.91,1,0,0,auto_approved,0.2471,2022
07116c5e-8a75-4258-ac9f-a6ffaf6177f7,U000910,2022-11-29 23:12:04,23:12:04,171537.23,purchase,M00345,VND,success,desktop,D002726,3.126.190.88,credit_card,Kuala Lumpur,"19.428467,107.016732",61,F,2017-09-12,active,0.91,0,0,0,auto_approved,0.2569,2022
452d4b01-413b-4a56-bfdf-5c827943defe,U000229,2022-10-15 08:19:59,08:19:59,238350.81,cash_withdrawal,M00034,VND,success,pos,D000255,105.78.59.160,mobile_wallet,Bangkok,"16.409597,105.939939",44,M,2018-07-12,active,0.57,0,0,0,auto_approved,0.3061,2022
8c5f2899-ab7b-45c1-8f44-a85c6405eedd,U001536,2022-08-02 01:03:37,01:03:37,2014337.46,cash_withdrawal,M00125,VND,success,atm,D002367,251.197.50.41,mobile_wallet,Hanoi,"18.520903,106.877435",28,F,2017-10-08,active,0.73,0,0,0,auto_approved,0.2542,2022
a0300d05-c526-4f59-8759-d1694931167c,U001861,2022-09-24 13:54:46,13:54:46,221375.43,cash_withdrawal,M00017,USD,success,mobile,D002296,200.211.245.136,debit_card,Singapore,"18.406485,107.417581",49,M,2020-07-13,active,0.76,0,0,0,auto_approved,0.1628,2022
59e03b81-a820-4ae5-b925-be6b1d4f8577,U001914,2022-01-16 22:17:15,22:17:15,363981.16,transfer,M00430,VND,success,atm,D001723,104.103.4.23,bank_transfer,Ho Chi Minh City,"16.205758,102.957915",37,F,2020-01-03,active,0.47,0,0,0,auto_approved,0.0906,2022
fd4ae53e-f2b3-4cc2-9ee4-bb9b1c9c16db,U001712,2022-09-11 07:38:23,07:38:23,1484107.28,online_payment,M00142,VND,success,pos,D000047,71.50.144.182,bank_transfer,Hanoi,"17.529172,105.891241",37,F,2018-04-27,active,0.6,0,0,0,auto_approved,0.0195,2022
84129d7b-56a3-449c-93d2-f9cc664f029b,U000796,2022-06-17 15:05:50,15:05:50,481688.94,purchase,M00229,USD,success,pos,D000680,190.86.105.20,bank_transfer,Da Nang,"13.040331,108.857902",19,M,2020-05-27,active,0.82,0,0,0,auto_approved,0.3174,2022
c74575c6-479b-42e1-9b19-09204ac0e506,U001010,2022-09-03 00:27:57,00:27:57,776603.74,purchase,M00344,USD,success,desktop,D001355,185.180.168.109,bank_transfer,Bangkok,"16.732252,106.622868",28,F,2020-05-13,active,0.81,0,0,0,auto_approved,0.3052,2022
2c85c010-cffe-4aeb-bfde-2989214a4c12,U001038,2022-09-13 11:20:19,11:20:19,1476205.51,transfer,M00443,VND,success,pos,D002622,198.206.110.240,debit_card,Kuala Lumpur,"18.174815,102.678216",53,M,2018-05-09,active,0.66,0,0,0,auto_approved,0.4131,2022
82216d7a-5a81-4ef9-b9e7-342243eaa1fa,U000449,2022-08-13 20:04:49,20:04:49,6607.58,bill_payment,M00013,VND,success,mobile,D001997,28.111.57.219,mobile_wallet,Kuala Lumpur,"20.794209,106.386141",41,F,2015-10-29,active,0.83,0,1,0,auto_approved,0.4849,2022
a51d8e7e-1585-47d9-b599-940770d0d337,U000834,2022-09-09 03:33:08,03:33:08,1390350.67,purchase,M00246,USD,success,mobile,D000957,248.112.169.203,credit_card,Hanoi,"14.006337,102.739679",59,M,2019-11-16,active,0.55,0,0,0,auto_approved,0.0724,2022
16029ddf-385e-4e1e-89aa-132d39c78fe7,U000611,2022-03-26 17:40:19,17:40:19,82668.02,purchase,M00123,USD,success,desktop,D000483,198.143.251.237,debit_card,Hanoi,"15.763612,105.154627",65,F,2019-02-18,active,0.63,2,1,0,auto_approved,0.2858,2022
9a473199-bcc5-4002-8b2c-5f719220d092,U001369,2022-02-06 20:53:25,20:53:25,143291.23,online_payment,M00077,VND,success,desktop,D001915,51.82.134.16,bank_transfer,Kuala Lumpur,"16.778992,102.031075",28,M,2014-07-15,under_review,0.97,1,0,0,auto_approved,0.3816,2022
106b7c92-edcf-496f-91b4-e12df5c36699,U000073,2022-05-31 03:37:18,03:37:18,338312.0,cash_withdrawal,M00084,VND,success,pos,D001543,15.89.25.194,debit_card,Bangkok,"11.890783,102.574656",33,M,2015-10-09,active,0.95,0,0,0,auto_approved,0.036,2022
d180096d-749b-4f0e-ba5a-b9713313914d,U000081,2022-12-26 02:33:58,02:33:58,213820.01,online_payment,M00071,VND,success,desktop,D002226,26.161.94.138,mobile_wallet,Ho Chi Minh City,"18.600722,105.204604",23,M,2021-12-06,active,0.79,0,0,0,auto_approved,0.0578,2022
0a02f066-2e47-46f8-a46b-89543316c61b,U000201,2022-04-23 09:37:16,09:37:16,1363783.96,bill_payment,M00072,USD,success,atm,D000903,77.20.77.196,mobile_wallet,Singapore,"20.491921,106.189497",31,F,2014-08-30,active,0.94,0,0,0,auto_approved,0.2436,2022
cc4fab7d-19fc-4f72-85db-5158aec025dc,U001234,2022-12-26 06:35:31,06:35:31,2417239.6,purchase,M00429,USD,pending,pos,D000877,42.205.217.123,mobile_wallet,Hanoi,"10.804268,107.674932",50,M,2021-06-25,active,0.74,3,1,0,auto_approved,0.551,2022
08b66b82-3401-4c45-845a-ffe680a739d0,U000894,2022-08-24 06:45:40,06:45:40,61333.12,online_payment,M00372,VND,success,mobile,D002803,192.135.63.26,credit_card,Da Nang,"17.723758,104.232879",53,F,2022-04-27,active,0.88,0,0,0,auto_approved,0.0539,2022
71f802a8-c1b0-4dac-be0c-bdc4db8158e6,U001225,2022-08-27 13:00:10,13:00:10,91612.28,cash_withdrawal,M00438,VND,success,pos,D002779,23.41.119.188,mobile_wallet,Da Nang,"14.018413,104.376639",49,M,2014-06-28,active,0.83,2,1,1,pending_review,0.2191,2022
5434a9fd-219d-4212-9cae-162df903dd4a,U000097,2022-09-01 02:58:09,02:58:09,597296.06,cash_withdrawal,M00084,USD,pending,atm,D002195,235.57.80.58,debit_card,Da Nang,"15.803346,102.519354",48,F,2019-12-22,active,0.54,0,0,0,auto_approved,0.4337,2022
0ebd586e-c52d-4718-9534-bceaa9d283f1,U001360,2022-10-17 09:18:03,09:18:03,926817.23,bill_payment,M00241,USD,success,pos,D001878,12.160.176.78,bank_transfer,Kuala Lumpur,"21.077883,105.875388",59,F,2019-04-11,active,0.78,2,1,1,pending_review,0.0843,2022
7da52ebd-dac1-49f8-86a5-a48afeed5049,U000233,2022-04-18 10:34:18,10:34:18,208692.44,purchase,M00010,USD,success,pos,D001672,154.48.232.176,debit_card,Singapore,"12.549728,108.062273",21,F,2020-04-18,active,0.95,0,0,0,auto_approved,0.2164,2022
52eaa3f4-f9e2-4234-84bd-cca0f7f26653,U001844,2022-07-24 04:56:11,04:56:11,557884.96,purchase,M00485,VND,success,atm,D002882,25.204.86.214,credit_card,Da Nang,"9.819033,108.980171",43,M,2022-03-27,active,0.62,0,0,0,auto_approved,0.23,2022
8ee38f04-ba66-46da-b95f-8e1349e146fe,U001992,2022-10-15 04:35:55,04:35:55,15786.34,online_payment,M00037,VND,success,atm,D001818,164.0.255.222,credit_card,Singapore,"14.569334,102.995244",59,M,2020-05-31,active,1.0,0,0,0,auto_approved,0.4157,2022
62db6573-ae96-45d4-9f65-6b0a39d3a4f9,U001654,2022-09-30 15:42:46,15:42:46,148635.25,online_payment,M00122,USD,success,pos,D002564,7.159.53.4,debit_card,Hanoi,"15.847305,105.071548",45,M,2015-09-19,active,0.79,0,0,0,auto_approved,0.3775,2022
5c603ce5-0170-4c5f-bc7f-f415cdd9bb44,U001024,2022-12-10 03:17:38,03:17:38,166511.12,online_payment,M00153,VND,success,atm,D000697,115.218.235.97,bank_transfer,Da Nang,"12.183543,108.164487",61,M,2016-02-07,active,0.78,0,0,0,auto_approved,0.1027,2022
7d2a424a-622f-4f6b-8ca5-fff9cb52b78e,U000745,2022-08-21 13:01:00,13:01:00,1452623.09,purchase,M00065,USD,success,mobile,D001461,195.100.56.203,mobile_wallet,Ho Chi Minh City,"19.462528,102.462736",69,F,2017-11-20,active,0.87,0,0,0,auto_approved,0.1766,2022
3b078bdd-4253-4334-ac04-50b1e5bd63ff,U000499,2022-08-23 14:38:48,14:38:48,1714648.07,bill_payment,M00060,USD,success,atm,D000516,134.143.92.153,bank_transfer,Bangkok,"14.839556,106.975489",55,F,2021-02-09,active,0.83,0,0,0,auto_approved,0.3517,2022
ae05ec85-0fa6-4991-a4d8-8169a948fd6e,U000536,2022-12-10 06:52:32,06:52:32,209446.95,purchase,M00113,USD,success,pos,D000721,110.213.47.154,bank_transfer,Kuala Lumpur,"15.688425,107.141859",32,F,2022-07-13,active,0.54,0,0,0,auto_approved,0.3217,2022
5753b251-2abc-470c-9a4e-9294d22015b8,U001428,2022-12-06 19:36:21,19:36:21,1056929.93,cash_withdrawal,M00186,VND,success,pos,D002234,98.119.7.155,credit_card,Hanoi,"19.019673,105.922594",65,M,2022-10-19,active,0.99,0,0,0,auto_approved,0.0401,2022
553acdb2-8bf8-4505-b12c-fa9be51a191d,U000303,2022-09-06 00:28:14,00:28:14,1365296.31,bill_payment,M00473,USD,success,mobile,D002335,197.117.4.166,bank_transfer,Kuala Lumpur,"13.65904,108.786304",18,M,2017-06-10,active,0.74,0,0,0,auto_approved,0.3686,2022
0e550815-fcc5-41ee-af82-f06c5d5739ee,U000483,2022-06-06 08:16:20,08:16:20,1075697.0,cash_withdrawal,M00196,USD,success,atm,D002681,198.12.139.165,debit_card,Singapore,"13.884126,103.44007",70,F,2016-08-09,active,0.49,0,1,0,auto_approved,0.6108,2022
72d9eb8a-c327-49b0-8a4c-4a22307adc55,U000860,2022-07-07 02:18:29,02:18:29,493130.27,online_payment,M00086,VND,success,atm,D002649,71.37.109.128,bank_transfer,Kuala Lumpur,"19.495739,105.936492",20,F,2020-08-26,active,0.6,0,0,0,auto_approved,0.2834,2022
0b1ab984-6860-4a6f-a001-755c7050ffd3,U000936,2022-03-24 09:20:14,09:20:14,201821.27,online_payment,M00008,USD,success,mobile,D000511,120.232.92.6,debit_card,Ho Chi Minh City,"19.677455,102.197596",66,F,2017-01-12,under_review,0.75,0,0,0,auto_approved,0.1379,2022
3ea677ab-6f93-4bdd-a3e1-92efb2eafea9,U001018,2022-06-22 16:51:09,16:51:09,1174273.65,bill_payment,M00436,VND,success,pos,D002718,44.238.132.21,mobile_wallet,Ho Chi Minh City,"9.767727,106.841886",48,M,2014-08-23,active,0.74,0,0,0,auto_approved,0.2666,2022
8349b02f-961f-4a49-8728-3f8e2b68dffc,U001797,2022-06-14 15:39:03,15:39:03,1513869.08,purchase,M00221,USD,success,pos,D002614,36.59.131.178,mobile_wallet,Hanoi,"10.903134,106.422563",42,M,2021-08-11,active,0.69,0,1,0,auto_approved,0.3475,2022
66acc847-f6dc-4b75-ae6c-4946f9d83431,U001031,2022-11-01 10:25:24,10:25:24,41882.0,cash_withdrawal,M00261,VND,success,pos,D000001,7.216.139.235,debit_card,Kuala Lumpur,"19.851758,107.769055",58,F,2021-04-12,active,0.6,0,0,0,auto_approved,0.0603,2022
ea395e24-f92a-45f9-b929-f9ab3386f952,U001976,2022-02-04 12:27:04,12:27:04,55363.68,transfer,M00326,VND,success,atm,D001518,21.138.167.203,credit_card,Hanoi,"21.14989,106.925738",59,M,2019-07-25,active,0.91,0,0,0,auto_approved,0.3134,2022
fae7b017-8e38-4b85-9c5b-2f4c73e682de,U001700,2022-03-05 06:31:04,06:31:04,272512.31,bill_payment,M00166,USD,success,pos,D002302,82.164.7.202,debit_card,Singapore,"14.096365,102.343593",56,F,2018-10-16,active,0.7,0,0,0,auto_approved,0.4316,2022
f9792a87-8520-42cb-89bb-60af88debe05,U001828,2022-11-22 00:50:12,00:50:12,1201288.17,online_payment,M00132,VND,success,atm,D000499,136.52.57.6,debit_card,Hanoi,"10.718245,104.658377",34,M,2022-09-02,active,0.99,0,0,0,auto_approved,0.4398,2022
c33307c1-9b2f-4348-b41f-139b7e5d650d,U001226,2022-12-17 12:59:30,12:59:30,50916.74,cash_withdrawal,M00353,VND,success,atm,D002386,184.74.159.93,bank_transfer,Hanoi,"19.244111,108.605885",49,F,2017-10-02,active,1.0,0,0,0,auto_approved,0.101,2022
5b0f7ba0-e556-4492-aa03-191b8d364bd8,U000244,2022-12-25 11:35:27,11:35:27,57325.6,purchase,M00495,VND,success,pos,D001006,172.79.221.35,mobile_wallet,Singapore,"21.806491,108.951095",52,M,2018-11-15,active,0.49,0,0,0,auto_approved,0.3465,2022
757e3d37-f8ed-40a9-a0df-ce51225ec9bb,U001902,2022-04-20 13:19:15,13:19:15,663919.04,transfer,M00293,USD,success,atm,D001723,38.128.114.87,mobile_wallet,Da Nang,"15.716103,105.818386",61,F,2014-06-29,active,0.58,0,0,0,auto_approved,0.1239,2022
19959d68-1f55-420c-88c2-8d1806015390,U000524,2022-04-08 21:27:25,21:27:25,193984.55,purchase,M00451,USD,success,mobile,D002787,4.148.43.56,credit_card,Ho Chi Minh City,"17.444615,104.895162",43,M,2014-07-24,active,0.47,0,0,0,auto_approved,0.1003,2022
c5ee017e-02ee-4662-8290-30ed78d1d65d,U001744,2022-08-08 19:59:08,19:59:08,249429.18,bill_payment,M00220,VND,pending,mobile,D001806,23.247.97.179,credit_card,Bangkok,"11.208784,102.756995",50,F,2019-10-25,active,0.68,0,0,0,auto_approved,0.4085,2022
4942099d-ca39-497d-b474-d599aa15b827,U001334,2022-10-27 19:15:21,19:15:21,411996.85,purchase,M00093,VND,success,mobile,D001314,149.40.122.31,debit_card,Bangkok,"9.720889,106.959804",67,F,2015-06-18,active,0.9,0,1,0,auto_approved,0.6055,2022
f8977d73-6974-4507-8676-69b854129012,U001515,2022-11-11 06:35:35,06:35:35,769451.13,cash_withdrawal,M00299,VND,success,desktop,D000480,187.55.10.179,bank_transfer,Kuala Lumpur,"21.55288,107.2057",49,F,2018-05-07,active,0.45,0,0,0,auto_approved,0.255,2022
6085dbda-211f-440d-b5c0-95b9eba33115,U000893,2022-12-11 01:39:48,01:39:48,380510.94,online_payment,M00197,VND,success,desktop,D001158,16.252.197.71,bank_transfer,Bangkok,"11.096263,102.989715",48,M,2022-02-07,active,0.87,0,0,0,auto_approved,0.2044,2022
94386d6d-382e-4a24-9e94-b4fab5a2bf36,U001486,2022-01-22 09:44:23,09:44:23,7538.22,cash_withdrawal,M00084,VND,success,pos,D001054,74.57.231.70,mobile_wallet,Hanoi,"10.985662,108.135617",30,F,2018-09-05,active,0.49,0,0,0,auto_approved,0.4321,2022
ba0ae4fe-5418-4a39-aad0-d26ab460da04,U000566,2022-05-09 23:25:56,23:25:56,3156112.58,online_payment,M00355,VND,success,pos,D001429,35.186.207.95,credit_card,Da Nang,"8.065516,102.846005",43,F,2017-11-12,active,0.61,0,1,1,pending_review,0.5431,2022
0b9a8e98-a174-4048-8e0f-485af957e431,U001598,2022-05-27 08:44:52,08:44:52,528677.07,online_payment,M00030,USD,success,desktop,D001392,95.149.100.224,credit_card,Kuala Lumpur,"13.441595,105.550245",54,F,2017-10-25,under_review,0.94,2,1,0,auto_approved,0.4389,2022
5af4ad4e-1af6-42bf-81b6-0d7922e50c11,U001072,2022-09-18 14:43:42,14:43:42,1191006.75,transfer,M00149,USD,success,mobile,D001948,102.60.123.3,debit_card,Ho Chi Minh City,"9.501975,108.109577",65,F,2020-06-12,active,0.65,1,0,0,auto_approved,0.1213,2022
ab93c3ee-9ad1-4d2a-a8df-63475da32c3c,U001803,2022-04-25 02:05:27,02:05:27,855330.95,transfer,M00264,VND,success,mobile,D000093,74.31.209.91,mobile_wallet,Da Nang,"10.400059,103.695215",67,M,2016-05-13,active,0.47,0,0,0,auto_approved,0.3429,2022
0f98559b-bfce-4e32-9bf3-4f9cd74dd92e,U001943,2022-12-14 14:14:09,14:14:09,1638194.14,bill_payment,M00030,VND,success,desktop,D000048,207.60.5.243,credit_card,Singapore,"18.555834,102.164356",26,F,2018-09-06,active,0.47,0,0,0,auto_approved,0.2812,2022
5eca6f1d-87a0-4f20-a1fa-119ac3353a6b,U000103,2022-09-19 19:51:48,19:51:48,121056.11,purchase,M00018,VND,success,mobile,D001999,224.58.170.20,mobile_wallet,Hanoi,"15.328035,102.614217",67,M,2021-07-04,active,0.7,0,0,0,auto_approved,0.3319,2022
248ebb32-7eca-49e9-913a-412f23b3fa4c,U001255,2022-05-11 23:22:41,23:22:41,281218.66,bill_payment,M00179,USD,success,pos,D002884,75.60.22.129,mobile_wallet,Hanoi,"11.887469,105.910391",56,F,2022-03-01,active,0.48,1,1,1,pending_review,0.8013,2022
50f2e986-b899-44fc-9835-b85609d69f56,U000792,2022-03-05 05:58:54,05:58:54,647406.12,online_payment,M00091,USD,success,pos,D000049,230.137.17.169,mobile_wallet,Bangkok,"18.634373,105.512106",63,F,2020-02-20,active,0.81,0,0,0,auto_approved,0.2605,2022
71394303-7f88-4aab-945a-9d7804f30909,U001033,2022-04-05 15:54:55,15:54:55,289705.64,online_payment,M00303,VND,failed,atm,D001540,190.18.119.192,bank_transfer,Ho Chi Minh City,"15.356326,106.714875",38,F,2019-08-08,active,0.99,0,0,0,auto_approved,0.4136,2022
ed3ec40b-2643-4f5b-b96a-cf64c23cd8cc,U001568,2022-12-14 05:35:13,05:35:13,441045.31,online_payment,M00146,USD,success,mobile,D001869,207.241.178.217,bank_transfer,Da Nang,"12.721571,102.96744",25,M,2018-10-21,active,0.53,1,0,0,auto_approved,0.2542,2022
5f0ce0a3-b2d6-482b-87e3-4bd3f9f2a4e4,U000496,2022-05-06 10:40:07,10:40:07,643470.68,cash_withdrawal,M00266,USD,success,mobile,D001732,152.65.103.1,debit_card,Bangkok,"13.569709,108.333543",41,F,2019-04-02,active,0.98,0,0,0,auto_approved,0.3316,2022
8103e5cb-85a9-4a5c-9b71-7a78305024ca,U000384,2022-03-07 23:12:21,23:12:21,90039.79,transfer,M00229,VND,failed,mobile,D001796,90.25.234.114,mobile_wallet,Da Nang,"21.168803,104.355831",25,M,2016-10-03,active,0.51,2,1,0,auto_approved,0.3419,2022
ffc937d0-d44a-4133-aad0-a69aa7cc2380,U001024,2022-10-20 05:26:22,05:26:22,325939.69,cash_withdrawal,M00468,VND,success,mobile,D001011,61.234.67.176,mobile_wallet,Bangkok,"13.662736,107.19687",43,F,2018-11-04,active,0.98,0,1,0,auto_approved,0.3114,2022
7133925c-3253-4225-b07d-b63e8ef6988f,U001822,2022-08-21 06:49:00,06:49:00,1147457.33,cash_withdrawal,M00474,USD,success,pos,D000080,255.102.65.113,bank_transfer,Ho Chi Minh City,"15.504651,102.026775",39,M,2020-05-25,active,0.68,0,0,0,auto_approved,0.3443,2022
6c843a46-7a8c-4b83-b983-5e89944f50bf,U000324,2022-04-29 22:02:34,22:02:34,1370799.44,online_payment,M00155,VND,success,mobile,D001495,226.36.143.136,debit_card,Kuala Lumpur,"14.977284,103.558805",20,M,2021-07-23,active,0.66,0,0,0,auto_approved,0.3794,2022
d8ed67d4-ebf2-4a8b-9229-25793e0e93bb,U001790,2022-07-29 05:59:03,05:59:03,293011.6,purchase,M00092,USD,success,desktop,D001724,70.197.95.224,debit_card,Bangkok,"20.928716,107.086939",56,F,2021-03-30,active,0.85,0,0,0,auto_approved,0.2209,2022
262db394-5a37-4336-824b-c70f33ff6fe7,U001509,2022-06-10 03:37:24,03:37:24,1433032.9,purchase,M00175,VND,success,pos,D002417,178.142.237.11,debit_card,Ho Chi Minh City,"17.546369,103.352805",61,F,2018-02-26,active,0.5,1,0,0,auto_approved,0.2977,2022
c8034b9d-78d1-4134-a7a6-a80b1f61ed5b,U001361,2022-09-01 08:35:58,08:35:58,1867863.97,cash_withdrawal,M00498,USD,success,desktop,D001323,197.134.197.200,debit_card,Bangkok,"11.931573,106.291943",32,F,2015-09-29,active,0.76,0,0,0,auto_approved,0.2313,2022
1f53e7d2-afeb-45ae-b4ae-4d2aba21ad2f,U001937,2022-12-15 21:46:17,21:46:17,2336667.33,purchase,M00410,USD,success,mobile,D000898,167.199.253.254,credit_card,Bangkok,"10.588904,107.52228",27,M,2016-01-24,active,0.53,2,1,0,auto_approved,0.2215,2022
95e672c3-0299-40a8-a7d5-16e99c4c5eda,U000092,2022-07-08 17:09:25,17:09:25,104398.7,transfer,M00364,USD,success,atm,D001258,26.216.52.53,debit_card,Da Nang,"8.487436,105.138622",52,M,2019-05-02,active,0.45,0,0,0,auto_approved,0.3862,2022
6980f623-d621-4d06-a0cc-653641c30e0a,U000048,2022-05-03 22:17:07,22:17:07,219130.97,bill_payment,M00388,USD,success,mobile,D001643,143.188.85.179,credit_card,Kuala Lumpur,"18.787631,108.548931",26,F,2017-11-21,active,0.73,0,0,0,auto_approved,0.0354,2022
569c1d2c-d7b3-4599-8985-fc16a7d7ceed,U000682,2022-07-07 00:19:06,00:19:06,33234.7,online_payment,M00499,USD,success,pos,D002777,72.151.72.62,mobile_wallet,Kuala Lumpur,"12.752668,107.198052",63,F,2019-01-27,active,0.87,0,0,0,auto_approved,0.1976,2022
0ccf2134-eda8-4cae-a6b7-84867403c9af,U001572,2022-05-26 00:05:02,00:05:02,974316.8,cash_withdrawal,M00315,VND,success,mobile,D000870,111.134.61.159,debit_card,Singapore,"15.980284,106.945033",21,M,2019-10-03,active,0.86,0,0,0,auto_approved,0.3673,2022
cf0be8b3-b0f7-4276-8520-cd555127b722,U001401,2022-08-31 05:25:33,05:25:33,608888.84,transfer,M00481,USD,success,pos,D000655,114.77.179.125,mobile_wallet,Bangkok,"15.288124,105.380124",51,M,2021-03-26,active,0.58,0,0,0,auto_approved,0.1714,2022
86fa7f81-b60c-49f3-b0aa-f4da68d47d4e,U000058,2022-05-15 13:10:54,13:10:54,40305.32,cash_withdrawal,M00123,USD,success,pos,D001257,181.11.217.243,bank_transfer,Bangkok,"17.456101,105.053384",52,M,2021-11-24,active,0.89,0,0,0,auto_approved,0.174,2022
3d9ec5cd-eea0-4b5b-92d2-3ef115d164d0,U001916,2022-12-17 17:15:06,17:15:06,256653.66,purchase,M00208,VND,success,desktop,D002024,92.141.113.16,credit_card,Singapore,"10.487586,105.961999",27,M,2016-12-27,active,0.49,0,0,0,auto_approved,0.2212,2022
8a77f44d-aac7-46a1-abe7-9cbf75d07545,U001786,2022-05-12 01:03:21,01:03:21,1202216.8,purchase,M00244,VND,success,atm,D001221,248.228.213.109,debit_card,Kuala Lumpur,"13.556527,106.019181",55,F,2021-05-06,active,0.88,0,0,0,auto_approved,0.2292,2022
5a08958a-a79d-4e4b-a5c8-513f50f20897,U000017,2022-10-30 19:09:58,19:09:58,227763.35,purchase,M00499,USD,success,pos,D001629,146.15.26.201,credit_card,Singapore,"12.443497,104.575629",56,M,2020-03-24,active,0.71,0,0,0,auto_approved,0.2935,2022
726f90ca-9d36-4b9a-a5b9-1930ba2a367d,U001860,2022-12-16 06:56:27,06:56:27,3140013.16,transfer,M00470,VND,failed,mobile,D000624,222.90.149.145,debit_card,Singapore,"16.464766,108.509823",67,M,2021-10-03,under_review,0.56,0,1,0,auto_approved,0.5962,2022
fe7a6ec7-bae0-4832-b7a9-13506db6f59c,U001608,2022-05-28 12:38:11,12:38:11,728455.1,bill_payment,M00075,VND,success,atm,D000801,64.7.211.223,mobile_wallet,Ho Chi Minh City,"18.519152,105.798936",40,M,2021-05-28,active,0.5,0,0,0,auto_approved,0.2321,2022
d5dfb93d-4808-465b-a23f-56061f9daf79,U000167,2022-01-08 14:17:09,14:17:09,723555.03,purchase,M00026,USD,success,atm,D002042,15.127.134.28,mobile_wallet,Hanoi,"10.20793,106.26738",59,M,2019-05-15,active,0.82,2,1,0,auto_approved,0.4845,2022
9c91c1ee-0c4f-493b-83f2-7ec0ac6c900c,U000756,2022-10-12 04:45:04,04:45:04,1207188.49,cash_withdrawal,M00329,USD,success,mobile,D001653,139.43.32.125,bank_transfer,Singapore,"15.871596,102.768627",65,M,2018-11-04,active,0.65,0,1,1,pending_review,0.2423,2022
a3419a46-659c-4489-9c29-a47378e8e140,U000734,2022-04-10 04:33:49,04:33:49,1380312.33,transfer,M00356,VND,success,atm,D000764,202.46.72.120,bank_transfer,Hanoi,"10.876613,104.898978",50,F,2022-01-24,active,0.87,0,0,0,auto_approved,0.2991,2022
d10017c2-6d0f-4883-a23e-489c2f31817e,U000124,2022-09-05 20:06:07,20:06:07,75414.47,cash_withdrawal,M00412,VND,failed,pos,D001339,245.215.3.65,credit_card,Singapore,"15.057789,104.879131",19,M,2016-05-04,active,0.89,0,0,0,auto_approved,0.1833,2022
f92c4415-2984-4e72-9973-29bf7bf8bdc1,U000080,2022-01-06 01:02:10,01:02:10,1505473.74,transfer,M00087,VND,success,mobile,D001970,175.234.140.39,bank_transfer,Bangkok,"12.132,106.734245",32,M,2021-03-16,active,0.81,0,0,0,auto_approved,0.4078,2022
7fe7f85a-5adb-4164-8158-846ae15d6606,U001920,2022-04-04 12:47:50,12:47:50,140359.38,bill_payment,M00164,VND,success,desktop,D002408,114.188.6.57,bank_transfer,Bangkok,"8.777399,107.163342",63,M,2020-01-19,active,0.79,0,0,0,auto_approved,0.0481,2022
d874635f-33fa-4fe8-9d7a-da5fd380da90,U001934,2022-01-02 18:48:43,18:48:43,246846.62,bill_payment,M00141,USD,success,atm,D001673,122.7.42.172,bank_transfer,Da Nang,"8.045043,105.973145",44,F,2021-11-13,active,0.54,0,0,0,auto_approved,0.4471,2022
e574245b-d00c-4024-9586-271f3641199f,U001434,2022-12-13 13:59:37,13:59:37,846339.45,transfer,M00362,VND,pending,pos,D000681,157.191.6.229,mobile_wallet,Da Nang,"20.019181,108.097319",69,F,2018-11-19,active,0.89,0,0,0,auto_approved,0.4145,2022
b960d176-dd7a-4e07-9c27-84e27da41b37,U000341,2022-08-05 18:14:06,18:14:06,171664.96,transfer,M00139,USD,success,mobile,D002731,237.224.28.98,debit_card,Kuala Lumpur,"9.938052,102.020533",61,F,2018-01-25,active,0.83,0,0,0,auto_approved,0.2137,2022
544f9030-fd86-4bf0-b8ea-76e43cfdf99e,U000366,2022-12-13 23:48:15,23:48:15,251698.65,purchase,M00275,VND,success,mobile,D000155,170.240.44.128,bank_transfer,Ho Chi Minh City,"13.332313,102.165835",63,F,2018-05-18,active,0.79,0,0,0,auto_approved,0.3273,2022
fa7f0e39-47b7-47be-86bf-439217b92f5a,U001836,2022-08-15 09:42:24,09:42:24,190876.83,online_payment,M00211,VND,success,mobile,D001480,106.144.52.254,debit_card,Kuala Lumpur,"8.03144,103.332145",45,M,2019-06-13,active,0.96,0,0,0,auto_approved,0.3714,2022
dd15b2b5-f789-4cef-bc23-0e2bb1f453ac,U000935,2022-03-11 18:37:28,18:37:28,193322.94,cash_withdrawal,M00428,VND,success,pos,D002840,11.239.51.225,credit_card,Kuala Lumpur,"17.745273,104.650743",36,M,2016-05-22,active,0.93,0,0,0,auto_approved,0.1995,2022
9e4147ed-44ff-4be3-8d0a-2a16e070c38b,U001336,2022-01-25 10:30:04,10:30:04,188428.25,purchase,M00261,USD,failed,pos,D001241,101.189.136.50,mobile_wallet,Ho Chi Minh City,"21.274216,108.617761",55,M,2019-11-28,active,0.7,0,0,0,auto_approved,0.0907,2022
b95cf9f9-50eb-497c-869a-b3ed8a270d62,U001781,2022-12-27 17:38:11,17:38:11,686506.22,transfer,M00249,USD,success,atm,D002409,195.138.59.254,bank_transfer,Kuala Lumpur,"8.082272,102.28893",45,F,2017-08-31,active,0.63,3,1,1,pending_review,0.3877,2022
c683cafd-21fd-45c2-a939-f7e8c98f5d17,U000442,2022-01-31 08:24:26,08:24:26,1080407.22,bill_payment,M00083,USD,success,atm,D001822,68.86.155.65,bank_transfer,Bangkok,"16.112021,108.842323",24,F,2014-07-17,active,0.5,0,0,0,auto_approved,0.0484,2022
8f8aca64-1c30-49db-a6d2-90cc7b7d837e,U000474,2022-01-01 06:25:40,06:25:40,1397351.24,bill_payment,M00378,USD,success,mobile,D001301,205.186.63.157,bank_transfer,Singapore,"13.016185,106.490309",61,F,2017-09-04,active,0.55,0,1,0,auto_approved,0.5975,2022
058eabd6-dfe5-4a54-9c3c-6be73a5c5085,U000415,2022-02-15 07:23:11,07:23:11,922157.95,cash_withdrawal,M00208,USD,success,pos,D002459,211.66.25.97,debit_card,Singapore,"10.300828,108.372901",66,F,2016-02-29,active,0.71,0,0,0,auto_approved,0.279,2022
6f6b37e7-e744-49e2-828f-bde236065140,U001442,2022-07-08 02:33:37,02:33:37,751701.01,online_payment,M00462,USD,success,mobile,D000720,161.70.1.18,mobile_wallet,Hanoi,"21.74456,104.332757",45,F,2015-05-19,active,1.0,0,0,0,auto_approved,0.2115,2022
2356e34d-94b5-4e9a-8848-f8eadda1932a,U000431,2022-10-27 01:41:26,01:41:26,3069628.84,cash_withdrawal,M00259,VND,success,atm,D000781,161.179.88.51,mobile_wallet,Kuala Lumpur,"13.439801,104.361901",61,M,2015-06-12,blocked,0.84,0,1,0,auto_approved,0.6284,2022
c8faa2d6-4ad8-4930-89a5-4f984983c7a7,U001046,2022-07-25 00:33:49,00:33:49,712702.76,cash_withdrawal,M00400,USD,failed,mobile,D002809,141.79.214.139,credit_card,Da Nang,"17.267243,102.692955",31,F,2016-04-24,under_review,0.88,0,0,0,auto_approved,0.0223,2022
219cc010-3323-484e-8d23-41e656ed8d87,U000854,2022-03-17 23:06:43,23:06:43,173889.12,online_payment,M00366,USD,success,mobile,D002641,166.195.108.152,debit_card,Singapore,"16.963138,107.939549",65,F,2014-01-26,active,0.47,0,0,0,auto_approved,0.1572,2022
77690cdb-bd8f-42cc-8c3d-c037e57d24ac,U001270,2022-05-18 16:21:03,16:21:03,1392187.61,transfer,M00375,VND,success,desktop,D001836,200.243.140.171,bank_transfer,Bangkok,"12.978446,102.490665",20,M,2015-10-17,active,0.55,0,0,0,auto_approved,0.1048,2022
25fba41b-aab9-459a-bfac-1cfadf957ffb,U001633,2022-10-09 13:58:02,13:58:02,173761.92,transfer,M00294,VND,pending,mobile,D001592,24.161.123.3,bank_transfer,Ho Chi Minh City,"16.900273,102.874174",69,M,2019-05-24,active,0.76,0,0,0,auto_approved,0.2327,2022
ba04fb77-1964-4349-be91-4b26cdd5b294,U001791,2022-04-15 22:31:19,22:31:19,901006.8,online_payment,M00056,USD,success,pos,D000482,52.116.140.194,mobile_wallet,Ho Chi Minh City,"20.393294,108.45016",69,M,2019-12-10,active,0.82,1,0,0,auto_approved,0.3957,2022
00e05634-6726-4c7a-9732-9179a3bb6eaa,U001006,2022-12-28 06:30:16,06:30:16,1401918.85,transfer,M00045,VND,success,mobile,D002222,179.188.255.157,debit_card,Singapore,"10.256756,107.518996",68,F,2015-06-04,active,0.84,1,0,0,auto_approved,0.4767,2022
8c888018-5fb2-4f0c-b2c9-b0ae8a81ea89,U000513,2022-08-26 15:53:58,15:53:58,640743.9,online_payment,M00466,USD,success,desktop,D002631,109.151.25.9,debit_card,Kuala Lumpur,"9.577286,102.705853",62,M,2014-06-23,active,0.69,0,0,0,auto_approved,0.2913,2022
a6ef28bb-d0a4-4ff9-9a70-554b889d4f75,U000435,2022-03-21 03:37:36,03:37:36,993583.11,purchase,M00207,VND,success,pos,D000827,177.35.75.102,bank_transfer,Kuala Lumpur,"15.555206,107.428006",45,F,2022-01-03,active,0.82,0,0,0,auto_approved,0.4457,2022
b59e4ad7-237d-43b1-805e-03e96ebac1aa,U000433,2022-01-16 03:03:55,03:03:55,1187347.15,transfer,M00467,USD,success,mobile,D002902,61.73.50.210,credit_card,Kuala Lumpur,"8.57037,104.68629",55,F,2015-05-27,under_review,0.75,2,1,1,pending_review,0.1924,2022
39ce03cf-be90-46e5-bf65-f5669e146dd2,U000876,2022-05-24 00:45:21,00:45:21,503692.98,purchase,M00152,USD,failed,pos,D000892,65.251.195.123,bank_transfer,Ho Chi Minh City,"20.44221,107.605684",63,F,2014-03-12,active,0.63,0,0,0,auto_approved,0.2075,2022
80cad9a6-1854-4d79-9247-4a000c174e1c,U001539,2022-12-17 06:59:09,06:59:09,2307687.09,transfer,M00090,USD,success,mobile,D000064,91.51.116.18,mobile_wallet,Ho Chi Minh City,"17.026139,105.987549",68,F,2015-04-02,active,0.6,0,0,0,auto_approved,0.3419,2022
f8fdfaac-db5a-41d9-801c-19d35c1cc996,U001911,2022-08-26 16:25:50,16:25:50,290226.14,bill_payment,M00260,USD,success,mobile,D002785,61.246.254.117,bank_transfer,Hanoi,"11.602822,104.693277",70,M,2022-05-25,active,0.56,1,0,0,auto_approved,0.4702,2022
e7a2f66b-3aa8-4959-9fd3-8cbbd0eb882a,U000720,2022-10-29 05:55:13,05:55:13,425696.19,purchase,M00319,VND,failed,mobile,D000040,150.142.124.206,debit_card,Singapore,"13.416932,104.316155",56,F,2019-07-02,active,1.0,0,0,0,auto_approved,0.4424,2022
79e9a41b-bf3f-4322-8951-2be6d2dc1415,U000060,2022-07-06 06:39:16,06:39:16,376338.52,online_payment,M00221,USD,success,pos,D002877,106.122.185.216,mobile_wallet,Ho Chi Minh City,"18.222827,108.773816",27,M,2020-08-03,active,0.6,0,0,0,auto_approved,0.2288,2022
55db9dac-4fce-40cb-8bdb-40a70c6c052c,U000804,2022-12-01 22:02:15,22:02:15,472050.11,transfer,M00093,VND,success,atm,D002574,53.206.69.170,debit_card,Singapore,"13.594129,103.334568",43,M,2015-02-19,active,0.86,0,0,0,auto_approved,0.1929,2022
0671e121-34ac-405b-8086-8cdd9a84a06e,U000935,2022-07-19 01:55:28,01:55:28,926176.44,purchase,M00054,USD,success,atm,D000942,49.185.48.135,bank_transfer,Ho Chi Minh City,"9.954905,106.099513",33,F,2018-08-23,active,0.76,2,1,0,auto_approved,0.3367,2022
9e100f78-e050-406a-a1e8-a5ba976807bf,U000968,2022-02-10 19:28:19,19:28:19,253289.85,online_payment,M00205,USD,success,pos,D000686,185.222.91.98,credit_card,Kuala Lumpur,"21.048977,105.789417",48,F,2016-07-01,active,0.96,0,0,0,auto_approved,0.4476,2022
b2f7396c-a2f7-4821-b25b-0af01197fcb3,U001677,2022-07-01 04:08:45,04:08:45,728736.71,online_payment,M00234,VND,success,desktop,D002164,171.150.170.123,mobile_wallet,Kuala Lumpur,"21.091996,102.395484",24,F,2021-03-13,under_review,0.66,0,0,0,auto_approved,0.4282,2022
c08dcc82-8180-4f70-a0ab-0e45783e2d8a,U001888,2022-04-26 20:08:31,20:08:31,139971.3,purchase,M00020,VND,success,desktop,D002671,49.32.237.39,credit_card,Da Nang,"12.424383,103.746536",24,F,2015-09-14,active,0.72,2,1,0,auto_approved,0.104,2022
8d7d18ad-96f9-45ba-8c96-ea087bdc13ba,U001179,2022-04-22 19:52:21,19:52:21,77610.96,cash_withdrawal,M00095,VND,pending,atm,D001297,112.41.46.51,mobile_wallet,Da Nang,"9.542366,102.485259",36,M,2022-03-06,active,0.79,0,0,0,auto_approved,0.396,2022
1c71976a-11c1-4379-91bd-dd704a94da25,U001106,2022-04-06 18:00:34,18:00:34,81692.94,purchase,M00158,USD,success,desktop,D002189,92.249.181.191,credit_card,Kuala Lumpur,"19.874218,102.727416",25,F,2020-05-25,under_review,0.64,1,0,0,auto_approved,0.3643,2022
98c2f071-56a3-40ce-afee-1757c9414e71,U001578,2022-07-12 15:24:26,15:24:26,100873.74,online_payment,M00068,VND,success,mobile,D000238,223.53.225.41,debit_card,Bangkok,"12.2303,106.852903",50,M,2020-12-17,active,0.91,0,0,0,auto_approved,0.0137,2022
b8f8212b-df25-4e29-a2a5-5210a26fc663,U001873,2022-12-09 00:09:23,00:09:23,48331.85,purchase,M00372,VND,success,pos,D000005,181.146.211.51,bank_transfer,Singapore,"20.98072,102.344329",65,F,2020-09-04,active,0.63,0,0,0,auto_approved,0.1252,2022
867cbfad-5f5a-4e39-bcb5-0fd2248a4ada,U001486,2022-09-09 06:28:15,06:28:15,548425.16,cash_withdrawal,M00217,VND,success,desktop,D001368,84.241.88.117,credit_card,Bangkok,"14.89333,105.53308",44,M,2020-08-11,active,0.67,0,1,0,auto_approved,0.571,2022
222fd5f5-d87a-4f0a-b5d4-67255527a364,U001267,2022-03-21 21:41:21,21:41:21,1181273.98,online_payment,M00237,USD,failed,atm,D000644,211.86.90.211,credit_card,Ho Chi Minh City,"20.021273,108.458547",43,M,2019-04-03,active,0.54,0,0,0,auto_approved,0.2655,2022
c4fb8671-9791-4eda-a03b-9ae3518f06fd,U000514,2022-10-13 10:47:53,10:47:53,226135.61,purchase,M00475,USD,success,pos,D002243,151.130.21.3,credit_card,Singapore,"14.495225,102.82621",30,F,2017-07-05,active,0.59,0,0,0,auto_approved,0.3635,2022
a17ed489-0e0d-4d16-b688-d2584da1e628,U000064,2022-01-03 20:49:30,20:49:30,98268.43,cash_withdrawal,M00294,USD,success,desktop,D001622,152.114.95.96,mobile_wallet,Da Nang,"13.096161,105.27657",22,F,2018-01-31,active,0.99,0,0,0,auto_approved,0.1738,2022
82e01492-6809-4237-a45e-96a7033c605f,U001255,2022-02-27 06:07:26,06:07:26,50999.08,bill_payment,M00471,USD,success,mobile,D001667,143.242.166.109,debit_card,Kuala Lumpur,"14.805234,103.312759",62,M,2019-03-13,active,0.74,0,0,0,auto_approved,0.0205,2022
6d417276-bc19-4baa-9c27-6bffb8a49ada,U000091,2022-04-28 12:28:11,12:28:11,487897.59,online_payment,M00113,USD,success,desktop,D000171,223.176.2.192,debit_card,Bangkok,"8.333341,102.657521",24,M,2019-06-27,active,0.84,0,0,0,auto_approved,0.0116,2022
693ba9eb-b32c-41d4-8598-1bfc31f87052,U001836,2022-10-24 00:36:44,00:36:44,88918.29,online_payment,M00299,USD,success,mobile,D000629,56.121.170.23,mobile_wallet,Da Nang,"16.928984,102.020664",29,F,2015-02-04,active,0.75,0,0,0,auto_approved,0.0943,2022
1ef18511-7e81-46b4-8236-658f48c910aa,U001833,2022-07-22 11:35:46,11:35:46,153541.93,purchase,M00223,VND,success,mobile,D001484,24.172.178.218,credit_card,Hanoi,"20.541122,106.613216",44,F,2021-01-10,active,0.8,0,0,0,auto_approved,0.4073,2022
ca371b11-35ef-44f3-a7e0-f6cc720a52af,U001217,2022-05-07 13:41:18,13:41:18,232483.8,bill_payment,M00100,USD,success,desktop,D001928,165.182.39.124,bank_transfer,Bangkok,"15.573719,106.680539",55,F,2022-01-21,active,0.53,0,0,0,auto_approved,0.234,2022
733b81dc-8091-4605-ac62-181c958f17f5,U000192,2022-11-10 22:31:35,22:31:35,689496.01,cash_withdrawal,M00416,USD,success,desktop,D001418,147.69.97.254,debit_card,Bangkok,"20.103787,107.205574",30,F,2021-04-22,active,0.55,1,0,0,auto_approved,0.5367,2022
932f4f92-c4c5-426e-bf27-6f138a230163,U001183,2022-12-19 21:52:14,21:52:14,491075.99,bill_payment,M00164,VND,success,atm,D002977,159.234.206.197,mobile_wallet,Hanoi,"15.057841,105.474546",62,M,2018-06-05,active,0.7,0,1,0,auto_approved,0.3337,2022
02e0f9a8-58d8-49c5-be43-ec9c9c942986,U001406,2022-12-09 16:13:10,16:13:10,117902.29,cash_withdrawal,M00111,VND,success,desktop,D000084,175.11.8.246,mobile_wallet,Hanoi,"11.997548,106.727624",65,M,2019-07-22,active,0.88,0,0,0,auto_approved,0.1664,2022
13678d96-d216-4a21-9485-46dbb8c5a72f,U000525,2022-09-21 10:31:42,10:31:42,130152.22,bill_payment,M00247,USD,success,mobile,D001398,183.108.102.72,credit_card,Bangkok,"20.672412,102.842179",40,M,2017-02-07,active,0.86,2,1,0,auto_approved,0.3905,2022
4a7ca913-a88c-4161-b3d4-987d7f720b6d,U000928,2022-02-15 16:25:46,16:25:46,100504.58,bill_payment,M00118,VND,success,desktop,D002893,119.99.95.7,debit_card,Singapore,"12.599174,104.228936",28,M,2018-07-18,active,0.6,0,0,0,auto_approved,0.2425,2022
86d54d0b-8a15-414b-94f9-cd96f9e99c5e,U000189,2022-08-24 15:47:49,15:47:49,364846.58,online_payment,M00070,VND,success,mobile,D002089,185.153.233.30,credit_card,Singapore,"21.863724,105.935145",19,F,2020-03-03,active,0.58,0,0,0,auto_approved,0.1875,2022
d5b0ee88-2d55-431d-b3f0-2e0c4271b496,U000489,2022-11-10 20:44:54,20:44:54,409103.95,purchase,M00462,VND,success,mobile,D002343,199.141.251.103,mobile_wallet,Ho Chi Minh City,"17.563059,105.866846",30,M,2019-06-15,active,0.75,0,0,0,auto_approved,0.2742,2022
7b001a59-1390-4365-a1cd-c0e59eb6da5d,U000731,2022-07-05 12:53:48,12:53:48,445995.13,online_payment,M00003,VND,success,atm,D000174,216.116.68.35,debit_card,Kuala Lumpur,"11.123457,107.317672",23,M,2016-02-14,active,0.91,2,1,0,auto_approved,0.2111,2022
0f9f624d-8461-4530-992c-f750149b3e6e,U000682,2022-06-20 11:50:45,11:50:45,230586.54,cash_withdrawal,M00286,USD,success,pos,D000750,189.225.142.13,bank_transfer,Kuala Lumpur,"9.108453,105.973295",44,M,2021-01-09,active,0.48,1,0,0,auto_approved,0.1815,2022
a12c2baf-cd5c-4e4d-844c-fb7b3174a99a,U000390,2022-04-21 02:11:26,02:11:26,202373.87,online_payment,M00456,USD,success,atm,D001529,8.239.64.234,credit_card,Kuala Lumpur,"20.601788,107.156185",29,F,2018-05-23,active,0.49,0,0,0,auto_approved,0.2585,2022
a2bac677-6faf-497c-9db7-234bc9cbc054,U000941,2022-01-13 17:16:43,17:16:43,1722436.12,purchase,M00362,USD,success,atm,D001755,130.122.179.126,debit_card,Bangkok,"17.148298,107.395233",59,F,2018-03-11,active,0.66,0,0,0,auto_approved,0.2328,2022
5a9b3700-6ebc-47fc-988a-54e220427e03,U001099,2022-11-13 14:47:59,14:47:59,126479.58,bill_payment,M00053,USD,success,atm,D001349,107.166.17.91,bank_transfer,Bangkok,"12.696446,105.448826",26,F,2021-08-31,active,0.69,0,0,0,auto_approved,0.2033,2022
380eb4d3-20f5-45b3-b450-67c6d6f55388,U000704,2022-11-11 10:37:56,10:37:56,645964.24,purchase,M00108,VND,success,atm,D000426,236.196.43.181,debit_card,Kuala Lumpur,"18.279743,104.266993",59,M,2017-10-04,active,0.85,0,1,0,auto_approved,0.489,2022
9c95c37f-33b1-4ffb-9117-2e92aff26b20,U000575,2022-05-15 17:44:10,17:44:10,1183994.07,purchase,M00475,USD,success,mobile,D002262,183.210.191.141,debit_card,Da Nang,"17.886926,108.3815",35,F,2019-11-15,under_review,0.81,0,0,0,auto_approved,0.0912,2022
7f38dd93-a58a-441a-8a04-c82044cf1460,U001176,2022-01-25 06:03:24,06:03:24,5762.52,cash_withdrawal,M00268,VND,success,atm,D002602,40.63.62.161,mobile_wallet,Ho Chi Minh City,"10.437193,104.559844",27,M,2021-02-04,active,0.79,0,0,0,auto_approved,0.4373,2022
a182062a-18a5-4fc2-8c62-9fecc26b722e,U000652,2022-06-28 21:30:36,21:30:36,1187699.92,bill_payment,M00273,USD,success,pos,D000234,215.26.99.162,debit_card,Singapore,"18.287286,102.673472",22,M,2020-02-24,active,1.0,0,0,0,auto_approved,0.1163,2022
f64ed5d4-b7cf-4a09-8a33-b5a786dcc57b,U000946,2022-01-10 08:50:30,08:50:30,236137.94,online_payment,M00240,USD,success,atm,D002013,188.185.130.87,mobile_wallet,Bangkok,"8.942511,105.389347",70,F,2017-10-19,under_review,0.54,0,0,0,auto_approved,0.0468,2022
bafcad94-97e1-438f-9ec3-b3ce5b0349d4,U001710,2022-04-25 10:45:37,10:45:37,192259.09,online_payment,M00199,USD,success,mobile,D002457,48.251.6.140,debit_card,Hanoi,"10.522244,106.42384",63,M,2017-02-23,active,0.87,0,0,0,auto_approved,0.2038,2022
3689ed76-5219-444d-877f-ddc9aae9db47,U000605,2022-09-17 11:34:13,11:34:13,553765.42,purchase,M00133,VND,success,atm,D002311,38.89.191.115,bank_transfer,Kuala Lumpur,"13.693821,103.626284",51,M,2022-02-07,under_review,0.68,0,0,0,auto_approved,0.38,2022
21c5a97e-c687-4a7e-9921-e2c90bc578f2,U001079,2022-12-29 06:42:26,06:42:26,637554.75,purchase,M00107,USD,success,atm,D002593,188.177.5.175,mobile_wallet,Bangkok,"15.436745,107.198811",59,M,2019-05-29,active,0.57,0,0,0,auto_approved,0.4025,2022
5c7cbffb-0b7f-4fd2-8b11-61626c6cf473,U001489,2022-10-08 09:03:13,09:03:13,1405228.89,bill_payment,M00377,USD,success,pos,D000646,28.115.29.71,debit_card,Kuala Lumpur,"16.831369,103.157978",60,F,2021-09-19,under_review,0.92,0,0,0,auto_approved,0.0224,2022
e7c4eee5-94a4-4288-b369-318ac86d8e8f,U001930,2022-06-01 01:39:39,01:39:39,1260923.51,cash_withdrawal,M00362,VND,success,mobile,D001545,138.41.28.8,debit_card,Da Nang,"8.461242,108.360464",27,M,2018-08-11,active,0.59,0,0,0,auto_approved,0.1292,2022
909dc35e-d394-449b-a3a8-219a74e380bb,U000738,2022-07-20 05:14:12,05:14:12,535964.63,cash_withdrawal,M00402,VND,success,pos,D002519,233.12.127.81,debit_card,Da Nang,"15.658265,103.748152",68,M,2016-11-12,active,0.97,0,0,0,auto_approved,0.0928,2022
3796a596-b697-4f48-b49b-2247f7d12789,U000458,2022-07-17 23:13:18,23:13:18,43468.06,cash_withdrawal,M00309,VND,success,desktop,D002389,55.127.161.56,credit_card,Kuala Lumpur,"15.127405,106.190965",32,M,2021-11-20,active,0.47,0,1,1,pending_review,0.4034,2022
5ae71689-f07f-48d0-99cb-b33c5867cc4e,U000914,2022-04-03 19:57:26,19:57:26,2809347.48,transfer,M00059,VND,success,atm,D002460,53.49.185.241,mobile_wallet,Da Nang,"9.531308,103.549233",24,F,2017-09-14,active,0.82,0,0,0,auto_approved,0.2046,2022
45a633b4-68c9-436f-a5d0-1fc8f68ff91b,U001819,2022-03-16 12:21:35,12:21:35,737896.55,purchase,M00330,VND,success,pos,D002646,132.220.183.79,debit_card,Singapore,"19.710122,104.180178",49,F,2016-03-29,active,0.74,0,0,0,auto_approved,0.1759,2022
f5671515-1ce6-4ee4-94d9-a31f98c52c56,U000939,2022-03-01 00:59:50,00:59:50,76924.77,online_payment,M00223,USD,success,pos,D001052,232.114.135.243,debit_card,Bangkok,"8.006018,103.427007",22,F,2017-01-24,active,0.75,0,0,0,auto_approved,0.0364,2022
2e51342b-8983-48d7-a30a-9b180bf73e6f,U000028,2022-12-07 09:12:17,09:12:17,381441.57,cash_withdrawal,M00394,VND,success,atm,D002132,28.10.107.170,bank_transfer,Da Nang,"8.534462,107.70042",59,M,2020-08-28,active,0.52,0,0,0,auto_approved,0.2602,2022
a5e476a4-0204-452a-ac50-6e51b65cf238,U000563,2022-11-30 04:25:45,04:25:45,1170310.21,cash_withdrawal,M00093,VND,success,desktop,D001321,57.51.188.128,bank_transfer,Kuala Lumpur,"14.299883,108.2737",61,F,2021-05-29,active,0.47,2,1,0,auto_approved,0.4086,2022
0b7b3933-70bb-4e61-83ee-b3133f3f217f,U000099,2022-03-24 01:38:07,01:38:07,454356.89,cash_withdrawal,M00279,USD,failed,atm,D001612,137.255.117.236,mobile_wallet,Hanoi,"20.14207,103.764549",66,F,2016-03-22,active,0.75,0,0,0,auto_approved,0.2622,2022
6c06da51-ba58-4cfa-a407-5092bc10f219,U001156,2022-12-12 23:44:03,23:44:03,314346.37,bill_payment,M00327,USD,success,mobile,D000572,177.162.215.117,debit_card,Da Nang,"14.652223,106.837814",30,M,2017-11-15,active,0.59,2,1,1,pending_review,0.5816,2022
514b4888-1e4b-49dd-9e7d-ab62b79772ed,U000723,2022-09-03 19:38:42,19:38:42,1664960.14,cash_withdrawal,M00464,USD,success,pos,D000403,124.72.90.54,bank_transfer,Kuala Lumpur,"10.729528,105.245224",67,M,2020-03-19,active,0.75,0,0,0,auto_approved,0.0315,2022
54e9b272-cc96-412e-8a44-3eb0244838b4,U000055,2022-06-05 14:54:02,14:54:02,631772.31,online_payment,M00119,USD,success,atm,D000958,104.54.150.249,mobile_wallet,Singapore,"21.367733,107.966951",22,M,2021-03-01,under_review,0.58,0,0,0,auto_approved,0.1162,2022
eefc8cb3-928f-4b4a-b532-28bd79358f38,U001736,2022-09-22 08:53:48,08:53:48,83965.75,online_payment,M00214,USD,success,pos,D001129,97.122.211.114,credit_card,Bangkok,"16.985963,106.800324",51,F,2018-10-21,active,0.55,0,0,0,auto_approved,0.1151,2022
2611f0cd-58da-4b90-a4e0-5a79e7387310,U001032,2022-06-17 19:40:08,19:40:08,1411876.41,online_payment,M00264,VND,success,mobile,D001828,220.60.157.246,credit_card,Bangkok,"21.540992,105.235571",40,F,2021-03-04,active,0.7,0,0,0,auto_approved,0.1229,2022
355d9827-a09c-461a-9eba-c9d4869ab60f,U000584,2022-05-17 22:25:05,22:25:05,885547.93,purchase,M00499,VND,success,desktop,D002671,252.27.30.189,bank_transfer,Kuala Lumpur,"10.948511,103.61771",66,F,2019-01-06,active,0.66,0,0,0,auto_approved,0.0355,2022
f0386e5b-63e8-4c1b-bff5-4b2e3ef1f587,U000868,2022-02-02 04:39:17,04:39:17,1681485.9,online_payment,M00419,USD,success,atm,D000657,246.40.111.62,mobile_wallet,Kuala Lumpur,"12.860329,103.933201",50,F,2017-01-01,active,0.5,0,0,0,auto_approved,0.015,2022
b54e62ae-db2f-41da-b2ce-b514d135d9ff,U000372,2022-10-03 22:20:50,22:20:50,1054220.82,purchase,M00417,USD,success,pos,D002437,94.185.81.241,debit_card,Da Nang,"10.059551,103.201642",52,F,2019-03-26,active,0.61,0,0,0,auto_approved,0.1382,2022
aec435cc-c141-43d6-aea8-548fe18be48d,U001385,2022-01-15 16:03:18,16:03:18,999253.97,cash_withdrawal,M00196,USD,success,pos,D002835,142.20.236.213,debit_card,Ho Chi Minh City,"9.774684,108.190838",32,M,2021-10-25,active,0.92,0,0,0,auto_approved,0.3558,2022
50b4f4ef-3ab6-4417-8b1e-95aea4bee58e,U001631,2022-01-29 13:41:07,13:41:07,1118201.86,online_payment,M00415,VND,success,pos,D001999,107.62.188.170,credit_card,Ho Chi Minh City,"9.361521,105.211705",35,M,2016-04-29,active,0.49,0,0,0,auto_approved,0.2182,2022
dcf732ef-84de-4c01-b964-4d49ff0f3bed,U000281,2022-12-17 08:45:50,08:45:50,214825.97,bill_payment,M00043,USD,success,desktop,D000353,58.53.144.123,credit_card,Kuala Lumpur,"14.978891,106.64806",63,M,2015-01-03,active,0.87,0,0,0,auto_approved,0.0999,2022
08cc2ee3-908e-4589-b63e-8e19116d8fa5,U000579,2022-03-31 21:48:02,21:48:02,667295.65,cash_withdrawal,M00167,USD,failed,desktop,D002758,149.206.73.100,debit_card,Bangkok,"16.600664,102.613866",29,F,2016-06-29,active,0.88,0,0,0,auto_approved,0.3536,2022
c3b3dd7d-0f36-432a-8da4-585c38291d51,U000393,2022-12-16 20:06:48,20:06:48,87095.34,transfer,M00224,USD,success,desktop,D002677,178.70.167.61,credit_card,Kuala Lumpur,"20.932707,104.474133",47,M,2019-04-05,active,0.84,0,0,0,auto_approved,0.1379,2022
019d5145-ae58-473e-9e76-4243343d1143,U001390,2022-11-21 07:45:36,07:45:36,2353672.92,transfer,M00162,VND,success,mobile,D001108,93.242.109.234,debit_card,Kuala Lumpur,"15.008052,103.272935",58,F,2016-01-18,active,0.77,0,0,0,auto_approved,0.0176,2022
bac8cd75-7e4e-4e55-8ff3-45c9c74c77b0,U001025,2022-09-24 23:42:38,23:42:38,104003.79,cash_withdrawal,M00316,USD,success,mobile,D000171,80.58.40.23,mobile_wallet,Hanoi,"10.285505,108.169166",18,M,2022-01-02,active,0.48,0,0,0,auto_approved,0.2589,2022
9a2fd241-efc6-4993-b9dc-99ca26da63d7,U001020,2022-07-10 21:54:27,21:54:27,353989.11,transfer,M00256,USD,success,pos,D001612,91.5.248.52,debit_card,Singapore,"20.046361,108.12541",46,M,2015-02-18,blocked,0.46,0,0,0,auto_approved,0.102,2022
c78b5169-6c18-4869-89a6-9b6d6b5420a7,U000926,2022-04-30 19:02:30,19:02:30,1708101.03,bill_payment,M00276,VND,success,desktop,D001324,238.119.134.105,credit_card,Ho Chi Minh City,"15.508587,102.323663",46,F,2015-02-22,active,0.51,0,0,0,auto_approved,0.2514,2022
f046e5ca-4f2d-4cb4-8f63-2da0ab4b24f7,U000253,2022-04-29 22:53:50,22:53:50,1336881.66,transfer,M00491,USD,success,desktop,D002709,52.196.154.22,debit_card,Bangkok,"21.641004,107.539915",20,F,2019-03-15,active,0.63,0,0,0,auto_approved,0.2721,2022
0ad401b5-1f08-440d-b46f-ee5877a8f46a,U001675,2022-11-06 04:59:56,04:59:56,1265445.18,online_payment,M00378,VND,success,pos,D000990,237.71.240.179,bank_transfer,Bangkok,"16.093921,104.125335",31,F,2020-12-09,blocked,0.49,2,1,1,pending_review,0.3564,2022
0d6644a0-b81b-4b7c-9057-fd9e7b86bf23,U001225,2022-03-28 01:20:45,01:20:45,361721.48,online_payment,M00391,VND,success,pos,D000406,50.67.190.129,credit_card,Kuala Lumpur,"18.412731,106.620568",51,M,2021-04-10,active,0.53,0,0,0,auto_approved,0.3811,2022
4271a56f-3cd9-4a32-906c-9f5458ae4030,U001606,2022-10-02 04:42:29,04:42:29,412928.89,purchase,M00330,VND,success,atm,D000133,51.40.219.195,mobile_wallet,Bangkok,"9.075837,105.895878",37,F,2016-02-24,active,0.7,0,0,0,auto_approved,0.383,2022
0e2e7150-f779-4c2d-bdcf-aa2b5edc17c1,U000643,2022-05-14 05:54:27,05:54:27,47585.08,transfer,M00031,USD,success,atm,D000846,18.252.73.8,bank_transfer,Kuala Lumpur,"10.175467,106.902694",70,M,2017-11-21,active,0.83,0,1,0,auto_approved,0.2508,2022
287e1e3f-6ddb-403f-b23d-3d83b7b72abb,U000654,2022-05-11 04:01:10,04:01:10,39633.2,online_payment,M00133,VND,success,desktop,D000141,146.102.39.102,bank_transfer,Da Nang,"21.722729,108.42944",52,F,2019-12-16,active,0.57,0,0,0,auto_approved,0.429,2022
0fc80543-239d-4626-95bd-d9f15391731e,U001332,2022-07-11 11:49:35,11:49:35,139772.32,cash_withdrawal,M00237,VND,success,mobile,D000401,172.17.89.1,mobile_wallet,Da Nang,"13.597673,106.781072",55,M,2022-04-17,active,0.98,0,0,0,auto_approved,0.0599,2022
da18c4a5-3588-49ba-90b0-33ca4f22d5b8,U000265,2022-01-24 09:34:46,09:34:46,790610.73,purchase,M00154,USD,success,desktop,D000377,75.120.107.97,credit_card,Singapore,"12.423526,106.934881",50,M,2017-11-25,active,0.45,1,0,0,auto_approved,0.5774,2022
8463adda-64f6-4cfe-a129-ea1e7599877a,U000432,2022-02-08 17:29:12,17:29:12,1514829.36,online_payment,M00431,VND,success,atm,D000072,78.248.94.98,debit_card,Da Nang,"18.555586,105.249318",34,F,2021-07-13,active,0.98,0,0,0,auto_approved,0.306,2022
261cf069-3c9f-4957-a842-ba370e5623be,U000882,2022-02-08 20:32:52,20:32:52,397774.81,transfer,M00477,VND,success,mobile,D002344,154.121.185.215,debit_card,Kuala Lumpur,"14.433991,107.6659",62,M,2014-09-20,active,0.56,0,0,0,auto_approved,0.1463,2022
e740ddbd-dda2-4b64-a84a-8fa4f8d4aa8d,U000073,2022-01-19 14:57:43,14:57:43,2565424.04,purchase,M00084,VND,success,pos,D001614,83.12.122.210,credit_card,Bangkok,"13.464377,102.720331",64,F,2015-02-20,active,0.92,0,0,0,auto_approved,0.3322,2022
31119ba9-05fe-4143-9eb7-10cf50acc7f6,U000820,2022-01-22 05:41:05,05:41:05,1100896.65,cash_withdrawal,M00499,VND,success,desktop,D000955,33.85.139.242,credit_card,Bangkok,"14.919251,105.985705",65,F,2017-11-11,active,0.82,0,0,0,auto_approved,0.4374,2022
d853c068-c702-40e1-8203-489530681288,U001015,2022-05-24 09:01:42,09:01:42,549874.74,purchase,M00175,USD,success,mobile,D001394,43.205.197.248,mobile_wallet,Da Nang,"17.394318,102.279713",60,M,2014-05-18,active,0.5,2,1,0,auto_approved,0.5197,2022
07c5c293-56d1-4a19-8952-884e58261203,U000793,2022-02-21 23:33:38,23:33:38,2394684.1,online_payment,M00169,USD,success,desktop,D001322,221.17.199.92,mobile_wallet,Da Nang,"14.787706,102.903514",26,F,2016-12-15,active,0.92,0,0,0,auto_approved,0.0781,2022
915a1bec-6cc1-44dc-8cc0-cbb5e83def0b,U000483,2022-09-15 05:56:46,05:56:46,3513625.77,bill_payment,M00338,USD,success,pos,D002983,2.177.237.243,credit_card,Singapore,"19.439124,107.216858",53,M,2014-10-29,active,0.9,0,1,0,auto_approved,0.6506,2022
39b07466-9fba-424a-a777-ed7f5f312cfb,U000596,2022-06-14 22:24:20,22:24:20,12783.31,cash_withdrawal,M00008,USD,success,mobile,D001090,173.168.170.21,bank_transfer,Singapore,"16.001004,107.776027",69,M,2021-01-01,active,0.82,0,0,0,auto_approved,0.1229,2022
b44802fc-6105-4282-90c0-e532ea133082,U000246,2022-08-26 08:25:40,08:25:40,372109.53,online_payment,M00349,VND,success,desktop,D001559,140.101.37.73,bank_transfer,Singapore,"21.34276,102.876752",34,M,2016-01-23,active,0.81,0,0,0,auto_approved,0.3064,2022
27984410-a360-4f15-a776-46d411c5f8b0,U000206,2022-09-13 14:38:42,14:38:42,628565.59,bill_payment,M00017,VND,success,desktop,D000638,175.4.101.140,debit_card,Singapore,"17.622461,105.094877",43,M,2017-07-03,active,0.63,0,1,0,auto_approved,0.4364,2022
43d04067-0a01-420a-980f-a5faa4713e5a,U001043,2022-10-26 08:23:48,08:23:48,63653.85,bill_payment,M00178,USD,success,mobile,D001754,196.95.108.109,mobile_wallet,Hanoi,"18.268197,106.293813",67,F,2018-02-26,active,0.63,0,0,0,auto_approved,0.441,2022
d53fc31e-e4ce-454b-9bfc-819af55f36a6,U001818,2022-11-21 12:02:29,12:02:29,2662076.97,transfer,M00465,USD,failed,pos,D000669,193.237.171.21,debit_card,Singapore,"21.643527,106.818667",67,F,2021-06-03,active,0.68,0,0,0,auto_approved,0.2006,2022
4ae77d8e-2077-4b16-b01d-9a3d0b23c4d0,U000956,2022-07-10 00:30:10,00:30:10,1697191.21,bill_payment,M00480,VND,success,atm,D002915,173.149.14.136,credit_card,Da Nang,"8.938423,104.885933",39,F,2018-09-14,active,0.94,1,1,0,auto_approved,0.3631,2022
03221f41-9cf2-4d90-8621-1004e0edc0d2,U000532,2022-11-07 18:38:03,18:38:03,664608.91,online_payment,M00107,USD,success,pos,D001646,238.205.127.88,credit_card,Hanoi,"20.990764,105.909546",45,F,2020-02-04,active,0.96,0,1,0,auto_approved,0.3828,2022
688977d7-e912-4eb0-89ff-cf8edd2233b9,U000016,2022-05-09 00:11:11,00:11:11,268652.64,cash_withdrawal,M00019,VND,success,desktop,D001140,50.106.33.35,credit_card,Kuala Lumpur,"19.529753,107.996417",61,M,2017-09-28,active,0.84,0,0,0,auto_approved,0.3605,2022
8e4d036d-da58-406d-80a2-9e993f2a51f7,U001182,2022-12-24 09:36:44,09:36:44,251528.16,online_payment,M00452,USD,success,mobile,D000775,84.76.63.187,mobile_wallet,Kuala Lumpur,"11.816056,104.66576",19,F,2022-05-05,active,0.98,0,0,0,auto_approved,0.4062,2022
bc70d80d-635d-4f80-b5b3-8fb4e0c28116,U000319,2022-02-12 04:45:02,04:45:02,303044.66,cash_withdrawal,M00203,VND,success,atm,D001085,243.0.20.232,mobile_wallet,Da Nang,"10.429101,102.55939",57,M,2014-06-28,active,0.99,0,0,0,auto_approved,0.4144,2022
2d3b40d1-a38f-4db2-9bd0-2a3747d727ff,U000721,2022-02-21 03:04:31,03:04:31,254108.1,online_payment,M00435,VND,success,desktop,D000979,220.248.158.5,debit_card,Ho Chi Minh City,"9.634788,105.716755",35,F,2019-02-21,active,0.93,1,0,0,auto_approved,0.0851,2022
14a26375-cfb8-4fbf-8720-be097eff2efe,U000437,2022-03-12 22:07:18,22:07:18,27010.97,purchase,M00016,VND,success,desktop,D000570,78.36.109.199,credit_card,Bangkok,"12.304279,105.876558",30,F,2017-12-26,under_review,0.75,0,1,0,auto_approved,0.6035,2022
0eb8a7f1-7cb4-4dd4-81a5-fbb93d299046,U001272,2022-01-07 23:43:50,23:43:50,766448.8,bill_payment,M00414,USD,success,atm,D001710,124.174.17.185,bank_transfer,Ho Chi Minh City,"17.373734,106.164975",67,M,2016-11-20,under_review,0.97,0,0,0,auto_approved,0.1354,2022
cec2e0b2-34c2-4e5b-9a19-da687c6789e6,U001107,2022-08-02 01:16:55,01:16:55,3032697.89,online_payment,M00419,VND,success,pos,D000005,247.36.226.204,bank_transfer,Kuala Lumpur,"15.950138,105.56751",63,M,2017-01-02,active,0.46,0,1,1,pending_review,0.3254,2022
b2311706-50a0-4ede-b745-22d1cd081d8e,U001557,2022-06-23 10:28:14,10:28:14,2091603.93,bill_payment,M00272,USD,success,atm,D002133,219.157.42.167,debit_card,Bangkok,"14.415926,108.158839",36,M,2015-06-23,active,0.53,0,0,0,auto_approved,0.0352,2022
fed38ddf-39b4-4ef8-bdec-7f174f59086b,U000226,2022-06-21 03:59:14,03:59:14,212964.21,cash_withdrawal,M00031,USD,success,desktop,D000434,152.104.222.85,bank_transfer,Singapore,"9.874665,102.778438",62,M,2019-02-09,active,0.62,1,1,0,auto_approved,0.4427,2022
96e92ef9-4e6f-442e-bc1f-6443ac493eb4,U000441,2022-09-08 13:43:40,13:43:40,1919247.61,online_payment,M00282,USD,success,mobile,D002819,98.153.13.179,credit_card,Kuala Lumpur,"18.690711,103.780125",44,F,2017-09-23,active,0.55,1,1,1,pending_review,0.7936,2022
6a89f08f-3a2a-4ee3-9465-cf8479ada505,U000703,2022-11-26 18:56:51,18:56:51,358841.03,online_payment,M00048,VND,failed,pos,D000967,39.95.34.48,bank_transfer,Da Nang,"16.753525,108.958191",30,F,2021-05-31,active,0.72,0,0,0,auto_approved,0.3389,2022
bd190295-5132-415e-8651-8a26987d7e65,U000464,2022-04-24 22:00:54,22:00:54,71480.54,transfer,M00330,USD,success,mobile,D001189,83.105.224.185,debit_card,Hanoi,"15.463863,103.589226",37,F,2016-05-25,active,0.69,0,0,0,auto_approved,0.1696,2022
f345deb6-4d16-44f2-a7a3-b1ec45cd3292,U001650,2022-03-03 23:56:42,23:56:42,84653.27,cash_withdrawal,M00037,VND,success,desktop,D001891,218.219.23.231,debit_card,Singapore,"16.510194,108.14121",21,M,2017-06-01,active,0.62,0,0,0,auto_approved,0.3719,2022
5eaf3a6b-7f7d-4821-b1fb-3ec116d4585b,U000496,2022-03-24 06:14:04,06:14:04,99278.41,cash_withdrawal,M00216,VND,success,pos,D000947,249.192.218.151,debit_card,Singapore,"17.178275,106.29417",63,F,2020-02-07,active,0.48,0,1,0,auto_approved,0.3033,2022
aa0b8ebb-abcf-4292-9baa-54c2997b0216,U000717,2022-01-23 20:33:38,20:33:38,52422.35,purchase,M00083,USD,success,pos,D002234,247.246.238.197,debit_card,Ho Chi Minh City,"13.68142,108.12158",64,F,2018-07-06,active,0.47,0,1,1,pending_review,0.2405,2022
d0790fa2-1304-46ca-a798-dbf313f40949,U000618,2022-02-27 00:56:03,00:56:03,53756.01,online_payment,M00439,VND,success,atm,D001265,189.50.40.82,mobile_wallet,Singapore,"21.642871,104.674484",64,M,2014-12-17,active,0.66,0,0,0,auto_approved,0.2641,2022
f9a763f4-89b7-448e-8087-227c64050962,U000579,2022-05-16 00:53:01,00:53:01,738728.29,bill_payment,M00355,USD,success,atm,D000332,90.221.62.225,mobile_wallet,Da Nang,"13.063164,103.643981",22,F,2017-11-17,active,0.98,0,0,0,auto_approved,0.1987,2022
3d98a3e1-4ecc-4084-bc14-6393a63a8a61,U000078,2022-10-22 06:39:13,06:39:13,254451.22,transfer,M00341,VND,success,pos,D002659,74.136.143.186,mobile_wallet,Singapore,"21.110305,104.879324",21,M,2019-05-07,active,0.65,0,0,0,auto_approved,0.2438,2022
b88838c5-6082-489c-9608-c87f5037db3f,U001161,2022-06-22 17:23:56,17:23:56,637072.35,online_payment,M00191,VND,success,atm,D002827,164.36.112.161,mobile_wallet,Singapore,"10.143383,107.330666",48,F,2014-07-25,active,0.61,0,0,0,auto_approved,0.0284,2022
f0ae3363-9bd4-4fd5-b85c-d05c726133c8,U000495,2022-11-09 03:45:36,03:45:36,849708.26,online_payment,M00442,VND,success,pos,D000387,20.229.27.81,credit_card,Da Nang,"13.097951,103.188155",60,M,2021-08-15,active,0.94,0,1,0,auto_approved,0.3168,2022
dce5db39-6477-441b-9c05-6f86ad37f092,U001360,2022-01-30 22:38:26,22:38:26,496363.06,purchase,M00383,USD,success,atm,D002772,20.134.223.30,credit_card,Singapore,"13.833553,106.664723",53,F,2017-02-08,active,0.95,0,0,0,auto_approved,0.2684,2022
0c3f84d7-3cfb-4706-a114-21dceabaf86d,U000231,2022-08-23 10:38:58,10:38:58,1945811.46,transfer,M00383,VND,success,desktop,D000237,58.187.144.112,mobile_wallet,Singapore,"15.987839,103.591748",56,M,2016-09-20,active,0.53,0,0,0,auto_approved,0.1773,2022
f39acaac-00bc-406f-bb1d-084e1e1137c3,U000563,2022-10-24 19:02:48,19:02:48,1474891.67,cash_withdrawal,M00475,USD,success,atm,D001536,67.59.34.171,debit_card,Ho Chi Minh City,"8.260398,102.277024",38,F,2016-12-02,under_review,0.99,3,1,0,auto_approved,0.0811,2022
c1b40f0a-bcfc-4e8f-8e72-591a2b498c2c,U001070,2022-01-23 16:22:48,16:22:48,125985.35,purchase,M00411,VND,success,desktop,D002821,152.177.142.72,bank_transfer,Ho Chi Minh City,"17.529241,103.747362",48,M,2018-06-17,active,0.53,0,0,0,auto_approved,0.3989,2022
2d00fa93-d58e-458a-a667-c8b7cd4b581d,U001229,2022-03-24 01:16:44,01:16:44,499371.98,transfer,M00062,USD,success,atm,D002209,7.173.242.180,credit_card,Kuala Lumpur,"21.965517,103.515918",51,M,2015-09-17,active,0.69,0,0,0,auto_approved,0.2731,2022
645fd82a-f56f-4e22-bc8a-a1edcbaa04bc,U001420,2022-08-19 07:53:06,07:53:06,364339.74,purchase,M00060,USD,success,atm,D002116,137.253.62.124,mobile_wallet,Da Nang,"18.939177,108.768104",60,M,2014-09-01,active,0.7,0,0,0,auto_approved,0.0699,2022
0e5127f2-9c25-448f-97ed-3d7bc8aa7cc6,U001843,2022-11-13 10:33:50,10:33:50,24715.89,transfer,M00115,USD,failed,desktop,D001020,116.250.2.61,credit_card,Hanoi,"21.076972,102.188049",38,F,2018-10-26,active,0.89,0,0,0,auto_approved,0.1097,2022
3ed7b873-98e6-4b63-8bc5-21d9815311fb,U001902,2022-04-05 14:27:51,14:27:51,359069.07,purchase,M00012,USD,success,atm,D002444,99.219.4.157,credit_card,Ho Chi Minh City,"13.511726,105.974063",55,F,2016-02-01,active,0.68,0,0,0,auto_approved,0.1434,2022
da7ca4c1-885e-4dfd-8dc4-0548c1e772dc,U000895,2022-02-21 05:08:19,05:08:19,722853.95,online_payment,M00144,VND,failed,pos,D002675,53.77.8.252,debit_card,Hanoi,"15.195365,103.745161",51,M,2018-04-15,active,0.83,0,0,0,auto_approved,0.0214,2022
0b41b414-f370-4e86-a834-d2d7d06cde62,U000011,2022-12-18 08:23:17,08:23:17,217888.75,cash_withdrawal,M00199,USD,success,desktop,D000625,212.237.250.62,debit_card,Da Nang,"14.371075,104.237958",48,F,2014-10-08,active,0.56,0,0,0,auto_approved,0.1529,2022
0a446234-2b0e-4304-a28d-2c1c259b7d09,U000054,2022-02-22 13:16:19,13:16:19,10765.35,online_payment,M00125,USD,success,atm,D001048,151.87.112.75,mobile_wallet,Hanoi,"9.485112,106.157981",57,F,2018-07-16,active,0.92,0,0,0,auto_approved,0.2716,2022
c3e9c3d0-f3f7-44bd-acb8-aa695a280473,U000448,2022-11-30 11:47:42,11:47:42,1089950.27,bill_payment,M00031,USD,failed,desktop,D000155,222.99.36.185,mobile_wallet,Singapore,"13.945761,108.403814",55,M,2018-04-20,active,0.85,0,0,0,auto_approved,0.4001,2022
e151be9a-774d-4d9a-896b-13bfa8a42cee,U000344,2022-03-31 15:30:19,15:30:19,166499.24,purchase,M00247,VND,success,mobile,D002237,101.108.148.58,mobile_wallet,Kuala Lumpur,"8.206985,107.907798",43,M,2021-02-25,active,0.84,0,0,0,auto_approved,0.3216,2022
f4b144e9-e961-4342-b3ea-e9e4c2a9aacc,U001422,2022-09-27 06:32:09,06:32:09,613066.17,bill_payment,M00283,VND,success,desktop,D001456,74.96.158.85,debit_card,Hanoi,"8.922285,107.656231",66,F,2022-02-20,active,0.84,1,0,0,auto_approved,0.2091,2022
2aa06454-a720-4cca-aa6f-d74686e20715,U001329,2022-11-26 04:59:46,04:59:46,270758.78,bill_payment,M00218,USD,success,desktop,D001380,100.11.215.167,bank_transfer,Kuala Lumpur,"18.999915,104.705524",61,M,2019-11-22,active,0.82,0,0,0,auto_approved,0.0562,2022
004a6d41-1e3e-430e-a6ae-04bbe153f600,U001182,2022-03-08 17:14:07,17:14:07,1362207.27,online_payment,M00240,USD,success,desktop,D002056,253.31.93.252,debit_card,Ho Chi Minh City,"21.927935,103.628035",70,M,2021-10-22,active,0.91,0,0,0,auto_approved,0.0133,2022
8b64a24c-de51-40cb-8d49-d4003ef9e69a,U001678,2022-04-19 19:04:11,19:04:11,24671.69,online_payment,M00302,VND,success,atm,D000218,71.84.252.76,mobile_wallet,Bangkok,"13.062711,106.579815",21,M,2020-05-15,under_review,0.69,0,0,0,auto_approved,0.1899,2022
a383f837-30ef-4348-ad80-0880afeff1ff,U000859,2022-12-27 06:38:05,06:38:05,215660.96,cash_withdrawal,M00432,USD,success,mobile,D002966,247.95.167.120,debit_card,Bangkok,"9.018076,103.921098",69,M,2019-11-24,active,0.91,0,0,0,auto_approved,0.0219,2022
fb2fffdf-5855-436d-b9b9-ead63b022a50,U001282,2022-07-20 02:49:45,02:49:45,2709320.84,purchase,M00327,VND,success,mobile,D001119,74.215.71.201,mobile_wallet,Hanoi,"10.06741,103.748948",38,M,2015-08-18,under_review,0.56,0,0,0,auto_approved,0.3626,2022
e52c5fa8-a20e-4b26-8241-901bbdd25843,U000458,2022-03-19 06:53:13,06:53:13,3761187.86,transfer,M00149,VND,success,mobile,D000485,90.185.63.134,mobile_wallet,Hanoi,"18.990069,103.069347",56,F,2021-02-10,active,0.52,0,1,0,auto_approved,0.3294,2022
f4064b1b-1526-4fb1-8dfb-9b67ef2eb626,U001030,2022-04-27 12:46:34,12:46:34,693647.44,bill_payment,M00035,VND,success,pos,D001577,139.174.170.162,mobile_wallet,Ho Chi Minh City,"18.841736,103.032492",50,M,2014-11-18,active,0.63,0,0,0,auto_approved,0.4249,2022
9b0e89bb-37ab-4537-8d50-b438a8e26dcf,U001762,2022-09-16 15:33:37,15:33:37,330513.81,purchase,M00379,USD,success,mobile,D000888,230.242.218.82,debit_card,Kuala Lumpur,"14.472137,103.216375",21,F,2022-06-06,active,0.65,0,0,0,auto_approved,0.4328,2022
d644dd2e-9d0b-4823-aead-e967611d524d,U001332,2022-02-25 20:19:06,20:19:06,198704.66,online_payment,M00259,VND,pending,pos,D000921,117.83.236.57,credit_card,Singapore,"18.096308,102.798467",35,F,2018-11-03,active,0.83,0,0,0,auto_approved,0.2499,2022
c5a30a59-fa58-4c96-a256-abb450a9ea08,U001771,2022-07-23 07:12:08,07:12:08,1123070.0,cash_withdrawal,M00265,VND,success,pos,D000973,37.252.221.96,debit_card,Singapore,"15.464482,105.451696",66,M,2018-06-13,active,0.69,0,0,0,auto_approved,0.3755,2022
1a591b54-7433-4fb2-89bd-3c4ac8d72691,U000049,2022-01-27 14:03:15,14:03:15,1315986.49,online_payment,M00265,USD,success,mobile,D000778,233.207.128.180,credit_card,Bangkok,"12.533309,105.885971",34,F,2015-04-07,active,0.57,0,0,0,auto_approved,0.4252,2022
d94d660f-bbb4-4a1f-b78b-6a33014c2cec,U001155,2022-10-07 00:16:46,00:16:46,2360741.94,online_payment,M00164,USD,success,mobile,D001689,33.18.33.119,credit_card,Kuala Lumpur,"14.835562,108.096143",61,M,2017-05-09,active,0.61,0,0,0,auto_approved,0.3243,2022
79a95f73-a0a9-4043-bccf-099b42c585fe,U000627,2022-05-28 17:51:26,17:51:26,408171.12,transfer,M00114,USD,success,atm,D001688,23.90.139.13,bank_transfer,Hanoi,"10.401722,107.767597",67,F,2018-01-09,active,0.6,0,0,0,auto_approved,0.2029,2022
ee936072-cdf1-4700-88a8-56bf533611ca,U001335,2022-12-30 15:15:12,15:15:12,3609373.05,cash_withdrawal,M00034,USD,success,atm,D001653,220.235.89.73,credit_card,Singapore,"12.976626,108.332403",37,F,2017-02-23,active,0.45,0,1,0,auto_approved,0.5216,2022
808d5707-cb57-4deb-aad1-99115fdf5898,U001810,2022-01-28 01:55:02,01:55:02,47499.21,transfer,M00460,USD,success,pos,D002957,28.15.71.42,bank_transfer,Singapore,"9.661061,105.56682",54,M,2014-04-30,active,0.87,0,0,0,auto_approved,0.3447,2022
48e9ffc1-f046-48e4-a90c-f4c05ad32d2a,U001795,2022-12-24 19:54:32,19:54:32,411346.08,cash_withdrawal,M00460,USD,success,pos,D001976,101.141.238.153,mobile_wallet,Hanoi,"16.170315,103.726041",30,F,2022-08-19,active,0.87,0,0,0,auto_approved,0.4013,2022
5a2173f9-e5e1-4cec-b242-44cdbcfc50a7,U001731,2022-04-25 07:20:51,07:20:51,1147686.78,bill_payment,M00152,USD,success,pos,D000349,213.236.64.52,mobile_wallet,Da Nang,"8.208974,106.989938",69,F,2021-10-29,active,0.61,1,0,0,auto_approved,0.2354,2022
1d407790-022d-41a6-92f4-6a5561f4dc61,U000588,2022-03-10 19:43:20,19:43:20,1956827.3,purchase,M00418,VND,success,atm,D002125,116.193.240.235,credit_card,Ho Chi Minh City,"21.290151,102.40122",39,F,2019-02-15,active,0.73,2,1,0,auto_approved,0.2487,2022
7b81fc67-6017-437c-b38b-5bb284cbce90,U001779,2022-07-16 00:53:27,00:53:27,487467.53,bill_payment,M00110,USD,failed,atm,D001172,110.89.24.252,mobile_wallet,Da Nang,"19.375952,107.36094",58,F,2019-07-22,active,0.84,0,0,0,auto_approved,0.2453,2022
0d79c1ce-86e3-42f9-bc9a-ea431053bb76,U001899,2022-10-27 04:26:55,04:26:55,1013308.96,cash_withdrawal,M00313,VND,success,mobile,D001616,223.253.235.188,mobile_wallet,Hanoi,"13.595872,102.927765",51,F,2022-05-03,active,0.96,0,0,0,auto_approved,0.0949,2022
d192674b-602d-4919-94fc-b06815ea0b7b,U000501,2022-07-15 12:18:41,12:18:41,34792.99,cash_withdrawal,M00202,USD,success,pos,D000054,22.203.186.4,debit_card,Kuala Lumpur,"17.841286,105.352591",37,M,2018-03-10,active,0.69,0,0,0,auto_approved,0.2883,2022
d180d5ba-13a8-4e95-9dfa-3e999cc031a5,U000136,2022-03-08 05:41:22,05:41:22,251443.75,online_payment,M00477,USD,success,pos,D002905,111.158.133.243,debit_card,Da Nang,"20.325612,107.89442",52,M,2021-12-15,active,0.93,0,0,0,auto_approved,0.2661,2022
e3718fb5-80d8-4ed2-96ea-d98d604c0051,U001496,2022-12-19 19:18:40,19:18:40,2299336.2,purchase,M00214,VND,success,desktop,D001549,47.16.38.178,mobile_wallet,Ho Chi Minh City,"19.743546,106.393814",37,M,2017-07-19,active,0.96,0,0,0,auto_approved,0.1104,2022
309054f0-7125-4a4e-8312-cc7357269f64,U000713,2022-09-25 09:57:21,09:57:21,85742.17,bill_payment,M00423,USD,success,mobile,D000402,75.187.254.110,debit_card,Singapore,"18.94393,105.359624",30,M,2019-11-25,active,0.73,0,0,0,auto_approved,0.2225,2022
d8de38f5-061a-49a2-93c2-4241853c2925,U000724,2022-05-13 16:28:54,16:28:54,227232.55,bill_payment,M00373,USD,success,desktop,D000792,14.221.68.184,mobile_wallet,Da Nang,"19.080805,107.759346",65,M,2014-07-09,active,0.86,0,0,0,auto_approved,0.1446,2022
395cf56e-1460-4be2-80a3-86a96432a7ea,U001997,2022-06-03 13:46:27,13:46:27,1022111.25,transfer,M00465,VND,success,desktop,D001987,58.187.206.177,mobile_wallet,Hanoi,"9.72415,102.799078",59,F,2019-01-03,active,0.66,0,0,0,auto_approved,0.0355,2022
c16af5f0-26a6-4cdf-90a9-b5835435757e,U000886,2022-04-15 19:35:49,19:35:49,747226.16,purchase,M00137,USD,success,atm,D002755,193.221.99.246,debit_card,Da Nang,"10.40282,108.511494",22,M,2016-09-28,active,0.52,1,0,0,auto_approved,0.4727,2022
0a788ec2-5d95-41ff-bcd3-2e7234394c3a,U000547,2022-12-11 16:38:20,16:38:20,256251.44,cash_withdrawal,M00177,USD,success,atm,D001887,65.171.229.33,credit_card,Kuala Lumpur,"10.173817,106.080377",32,M,2021-04-26,active,0.8,0,0,0,auto_approved,0.2563,2022
bf6af314-d1a7-487d-8119-9e50bcfb9ad6,U001126,2022-06-23 07:43:01,07:43:01,1003999.22,bill_payment,M00175,VND,failed,atm,D000876,206.112.36.213,bank_transfer,Hanoi,"13.7083,102.386245",18,F,2021-08-22,active,0.86,2,1,1,pending_review,0.539,2022
94dcee9d-97df-4b50-bb62-6f1787f769dd,U000071,2022-04-06 22:11:52,22:11:52,156687.41,cash_withdrawal,M00341,VND,success,desktop,D000794,3.231.160.106,debit_card,Kuala Lumpur,"19.387317,106.10002",45,F,2021-03-18,active,0.53,2,1,0,auto_approved,0.4465,2022
949f297f-8433-4bef-8932-642c725465e5,U000021,2022-08-21 22:48:24,22:48:24,2242121.88,cash_withdrawal,M00187,VND,success,desktop,D001903,82.186.206.211,bank_transfer,Da Nang,"8.720487,107.366322",18,F,2020-08-01,active,0.55,0,0,0,auto_approved,0.1317,2022
00cf95f7-6627-4406-b155-547c3c41d885,U000549,2022-12-27 20:41:26,20:41:26,936599.51,cash_withdrawal,M00023,USD,success,mobile,D000668,6.47.79.77,bank_transfer,Da Nang,"18.246143,107.398812",48,F,2022-11-03,active,0.75,0,0,0,auto_approved,0.3941,2022
25b0b0be-ff3f-4d37-9911-a3fe1e412751,U001190,2022-10-08 03:52:10,03:52:10,325562.53,transfer,M00425,VND,success,desktop,D000831,92.219.5.28,credit_card,Ho Chi Minh City,"17.276128,102.249982",23,M,2017-07-27,active,0.84,1,0,0,auto_approved,0.4506,2022
f1146b4a-36f4-4ab7-9cfd-8386d0726ae6,U001867,2022-05-22 02:42:01,02:42:01,3586901.29,purchase,M00327,VND,success,mobile,D002386,75.228.140.219,bank_transfer,Ho Chi Minh City,"20.284419,103.309853",67,M,2019-06-05,active,0.87,2,1,1,pending_review,0.7401,2022
7cdf56ea-2193-4f38-87f9-ca2279e1f54a,U000145,2022-09-14 19:31:22,19:31:22,2158478.29,purchase,M00299,VND,success,desktop,D001977,139.248.231.157,debit_card,Da Nang,"11.027239,102.615402",22,M,2019-06-24,active,0.45,0,1,1,pending_review,0.6078,2022
f5a21c7d-6084-45f6-8ab4-0f2d884aa8b2,U000507,2022-02-12 21:32:20,21:32:20,606857.14,cash_withdrawal,M00409,USD,success,pos,D000426,14.186.45.124,credit_card,Kuala Lumpur,"18.050925,108.693425",70,F,2014-08-21,active,0.71,0,0,0,auto_approved,0.4372,2022
88c8c25b-6268-4a25-9da9-bb67477081fd,U000034,2022-11-18 13:50:00,13:50:00,247264.59,cash_withdrawal,M00111,USD,success,desktop,D001199,178.215.24.57,credit_card,Kuala Lumpur,"18.952314,103.990445",19,F,2017-09-25,active,0.5,0,0,0,auto_approved,0.1692,2022
fcb7c890-001b-48cd-a197-6e9c5c14f6e2,U000652,2022-01-13 15:19:47,15:19:47,154360.83,transfer,M00492,USD,success,pos,D002386,39.173.14.50,credit_card,Bangkok,"21.185395,103.539375",42,F,2018-07-29,active,0.84,0,0,0,auto_approved,0.259,2022
e7441109-adf8-412b-9d20-0d4f1d57d85a,U001541,2022-06-04 10:07:32,10:07:32,275694.33,online_payment,M00429,USD,success,desktop,D000372,75.152.208.38,bank_transfer,Bangkok,"11.289988,102.008358",31,M,2019-10-27,active,0.99,1,0,0,auto_approved,0.2769,2022
b6f5391a-d112-49bd-94c7-a5a54af5007f,U001982,2022-05-05 04:36:33,04:36:33,95595.83,transfer,M00034,USD,success,mobile,D000316,112.189.74.118,credit_card,Bangkok,"10.679424,107.298756",55,M,2022-02-01,active,0.97,0,0,0,auto_approved,0.0769,2022
e33b0ced-1f0b-4876-b852-8e132e11d677,U001011,2022-10-11 09:55:24,09:55:24,8372.31,online_payment,M00002,USD,success,atm,D001154,104.64.160.93,mobile_wallet,Da Nang,"11.935477,106.373141",37,M,2020-02-02,active,0.56,0,0,0,auto_approved,0.2799,2022
35d80e9f-5d8a-4144-a3a2-5a8ed20beee7,U000640,2022-08-18 14:03:52,14:03:52,1776874.05,online_payment,M00432,USD,success,mobile,D000958,111.222.100.18,credit_card,Bangkok,"13.954839,108.176032",67,M,2014-08-21,active,0.5,0,1,0,auto_approved,0.1987,2022
6e067b01-6138-438b-b621-8986fdea0d5a,U001729,2022-11-05 18:24:20,18:24:20,707267.31,bill_payment,M00258,USD,success,mobile,D002170,187.124.137.108,debit_card,Singapore,"21.739115,104.291676",31,M,2016-01-08,blocked,0.86,0,1,0,auto_approved,0.3621,2022
a3c70674-6106-4a7b-8519-ee7372c1f644,U001275,2022-08-06 03:29:02,03:29:02,618083.15,cash_withdrawal,M00417,VND,success,mobile,D001038,97.237.250.143,bank_transfer,Hanoi,"21.031727,105.609901",70,M,2016-12-20,active,0.73,1,0,0,auto_approved,0.299,2022
bdc55991-d889-495e-95e4-5b9e662a98ef,U001313,2022-03-24 23:52:29,23:52:29,274162.76,online_payment,M00397,USD,success,desktop,D001903,119.202.50.14,bank_transfer,Ho Chi Minh City,"15.573919,105.908994",33,F,2016-02-23,active,0.51,1,0,0,auto_approved,0.2409,2022
0a730332-de06-45cc-8910-c0c0e2cd4e1f,U001766,2022-11-13 15:05:26,15:05:26,2182258.03,cash_withdrawal,M00199,USD,success,desktop,D000469,241.82.174.237,mobile_wallet,Singapore,"13.152707,105.418099",44,F,2016-06-21,active,0.68,0,1,1,pending_review,0.3812,2022
02045960-1700-4a08-9729-c97c18ed9402,U000554,2022-11-17 22:57:14,22:57:14,213448.85,online_payment,M00471,USD,success,pos,D000053,43.178.79.10,mobile_wallet,Hanoi,"17.077159,107.525199",69,M,2017-10-01,active,0.73,0,0,0,auto_approved,0.3902,2022
c426ba80-76c2-4696-82e9-b38d53b47b04,U001424,2022-07-04 23:41:32,23:41:32,23655.2,cash_withdrawal,M00301,USD,success,pos,D001237,11.27.125.162,debit_card,Ho Chi Minh City,"21.001464,104.817792",60,F,2019-07-13,active,0.57,0,0,0,auto_approved,0.0408,2022
5617df98-6e7a-45ec-9fb0-9295e9057ba0,U001179,2022-10-19 19:27:03,19:27:03,47076.93,bill_payment,M00095,USD,success,pos,D001310,195.183.171.149,credit_card,Hanoi,"8.379212,107.035735",38,M,2016-04-22,active,0.5,0,0,0,auto_approved,0.2886,2022
39be4965-9097-441d-84db-e9b7ff45f390,U000208,2022-11-07 00:25:11,00:25:11,557535.6,purchase,M00370,VND,success,pos,D001265,98.51.179.14,credit_card,Hanoi,"9.997448,102.020677",21,M,2017-01-03,active,0.65,0,0,0,auto_approved,0.1617,2022
7d2dda30-9860-45d3-9f0c-33b83c6b978d,U000467,2022-07-11 04:10:15,04:10:15,1269255.11,transfer,M00350,VND,success,desktop,D002095,33.203.211.146,debit_card,Bangkok,"17.071398,104.354621",20,F,2021-04-01,active,0.63,0,0,0,auto_approved,0.143,2022
f81bf755-fddf-4256-903e-b1f3b0bf474b,U000801,2022-09-12 17:26:26,17:26:26,1120853.1,purchase,M00154,VND,success,desktop,D000935,119.184.167.226,credit_card,Bangkok,"12.532074,106.62819",18,M,2020-11-14,active,0.48,0,0,0,auto_approved,0.031,2022
83220e6d-0ca7-4989-9d8f-aeedc968322c,U001384,2022-09-24 04:36:12,04:36:12,1857056.21,purchase,M00185,USD,success,desktop,D000179,237.156.138.4,bank_transfer,Bangkok,"20.582697,108.617513",47,M,2017-05-05,active,0.84,0,0,0,auto_approved,0.434,2022
29530ef3-5270-496b-8d2d-43ac7a69a82c,U001386,2022-05-11 14:25:42,14:25:42,726125.22,online_payment,M00216,VND,success,pos,D001261,33.20.139.251,credit_card,Hanoi,"13.510708,108.286427",29,F,2015-11-12,active,0.58,0,0,0,auto_approved,0.1576,2022
8a38a700-3c4c-4f91-8c4e-f594f4e8d83b,U001926,2022-10-17 12:50:01,12:50:01,450019.16,online_payment,M00462,VND,success,mobile,D002573,94.129.175.233,bank_transfer,Bangkok,"15.609271,108.793715",47,M,2014-11-17,active,0.8,0,0,0,auto_approved,0.3127,2022
18f9359c-d13c-4cd4-a27e-538d426239e1,U000125,2022-07-20 10:49:43,10:49:43,431488.56,bill_payment,M00284,VND,success,desktop,D002905,206.195.99.127,mobile_wallet,Bangkok,"13.685287,105.084783",43,F,2016-03-16,active,0.68,0,1,0,auto_approved,0.5734,2022
8e04d6fc-da4e-4d47-99b9-ba442a877592,U001885,2022-05-08 06:19:17,06:19:17,9100.41,transfer,M00462,USD,success,atm,D002054,179.245.172.107,mobile_wallet,Bangkok,"19.074784,106.433962",69,F,2016-03-11,active,0.65,0,0,0,auto_approved,0.3348,2022
226c6f08-b778-48d7-be97-31b6afb636db,U001501,2022-11-29 11:51:55,11:51:55,618319.86,online_payment,M00221,USD,success,mobile,D002652,155.227.197.97,mobile_wallet,Ho Chi Minh City,"19.877755,108.174374",36,M,2014-10-02,active,0.98,0,0,0,auto_approved,0.3075,2022
6b51866d-1629-444e-812e-eebedb67401a,U001534,2022-11-12 01:44:16,01:44:16,858790.0,online_payment,M00251,USD,success,pos,D001716,72.118.103.82,mobile_wallet,Hanoi,"11.214987,105.405272",44,M,2021-05-28,active,0.75,1,0,0,auto_approved,0.5692,2022
9abbc476-29da-409c-b26b-aa665be77c20,U000761,2022-09-16 02:34:31,02:34:31,262001.55,bill_payment,M00007,USD,success,pos,D001000,190.76.202.208,debit_card,Ho Chi Minh City,"18.752869,104.333821",36,M,2017-04-30,active,0.98,2,1,0,auto_approved,0.4366,2022
e71a714e-86e8-4df7-acc8-9f285b970747,U000590,2022-03-17 10:27:36,10:27:36,374642.02,bill_payment,M00059,USD,success,pos,D002483,15.75.28.148,mobile_wallet,Bangkok,"13.356784,107.445524",70,F,2014-08-12,active,0.99,0,0,0,auto_approved,0.2423,2022
d3eeaf1d-a9e6-4c50-9325-912fce5bfb62,U000049,2022-06-17 22:35:21,22:35:21,242626.57,bill_payment,M00111,USD,success,atm,D001168,2.14.130.68,mobile_wallet,Hanoi,"15.699264,108.550104",43,F,2014-11-16,active,0.8,0,0,0,auto_approved,0.1436,2022
54af2597-54df-488a-8d42-099df1309e35,U000756,2022-04-25 00:59:25,00:59:25,824687.31,purchase,M00409,VND,success,desktop,D001523,111.91.79.174,debit_card,Da Nang,"13.825358,108.432346",26,M,2014-12-03,active,0.52,0,0,0,auto_approved,0.3116,2022
a7aea684-26a1-4889-a46d-a41e34cb937b,U000380,2022-05-22 04:03:50,04:03:50,33208.81,online_payment,M00326,VND,success,pos,D000399,41.192.154.179,credit_card,Kuala Lumpur,"9.112596,106.324979",61,F,2016-05-23,active,0.6,0,0,0,auto_approved,0.3959,2022
350b4a4f-3ebf-46c6-ba32-ace6f88a386c,U000984,2022-10-17 17:26:40,17:26:40,468950.69,cash_withdrawal,M00144,VND,success,mobile,D001657,74.149.138.227,credit_card,Bangkok,"13.886218,103.019887",58,F,2015-05-29,active,0.6,0,0,0,auto_approved,0.259,2022
1c711c28-a45d-44e0-b3db-115f3db4ce6b,U001792,2022-04-30 16:50:39,16:50:39,296439.61,cash_withdrawal,M00463,USD,failed,pos,D002395,58.142.169.59,credit_card,Singapore,"15.0961,102.890376",54,F,2021-03-18,active,0.98,1,0,0,auto_approved,0.3712,2022
649db18c-cdd0-44d7-8ddf-5edecf1f0382,U001755,2022-12-14 06:36:52,06:36:52,1784859.97,bill_payment,M00337,VND,success,mobile,D001351,30.92.50.7,credit_card,Hanoi,"14.42035,107.895835",37,M,2019-01-29,active,0.99,0,0,0,auto_approved,0.071,2022
d712ced0-d5a8-493b-80fa-affb09207352,U000008,2022-01-22 06:32:41,06:32:41,1242764.58,bill_payment,M00171,VND,success,atm,D002013,39.20.19.178,credit_card,Da Nang,"11.175214,104.686045",53,F,2019-05-09,active,0.91,0,0,0,auto_approved,0.2977,2022
c1901df7-9864-4d48-9a53-7aca0959c8c8,U000531,2022-12-23 02:01:13,02:01:13,780627.43,online_payment,M00100,USD,success,desktop,D001877,232.85.157.106,mobile_wallet,Singapore,"11.08081,107.557164",67,F,2018-06-22,under_review,0.9,0,0,0,auto_approved,0.1278,2022
83f23864-3f40-448a-95a1-b9fe55b6f394,U000025,2022-03-13 19:59:27,19:59:27,49035.46,cash_withdrawal,M00435,USD,success,atm,D001355,197.122.17.235,mobile_wallet,Da Nang,"17.229395,107.647027",33,M,2020-05-25,active,0.77,0,0,0,auto_approved,0.2388,2022
59df5786-e950-4f51-a119-5edf77c7649d,U001099,2022-10-03 16:22:09,16:22:09,1079886.46,transfer,M00029,VND,success,desktop,D002058,78.113.169.139,bank_transfer,Kuala Lumpur,"13.60483,105.656775",18,M,2020-08-15,active,0.77,0,0,0,auto_approved,0.2098,2022
1c3055f3-5fcc-4e6f-ab01-1ce977ac78db,U000699,2022-08-15 04:04:27,04:04:27,133249.85,bill_payment,M00071,USD,success,desktop,D000054,183.80.203.61,credit_card,Ho Chi Minh City,"9.20814,105.191849",51,F,2015-07-28,active,0.91,0,1,1,pending_review,0.3484,2022
c0992a36-db62-49d7-b415-633a2244ffeb,U000563,2022-07-07 12:32:52,12:32:52,201801.09,bill_payment,M00047,VND,success,mobile,D001936,62.47.43.234,credit_card,Da Nang,"14.810477,103.96723",57,M,2016-05-30,under_review,0.48,0,0,0,auto_approved,0.4157,2022
15a9c6a9-fd09-4d0e-ac10-48136098ff4b,U000618,2022-01-22 14:14:32,14:14:32,99773.77,transfer,M00308,VND,success,atm,D002081,41.105.201.189,debit_card,Da Nang,"14.854655,102.11066",54,M,2016-10-13,active,0.58,0,0,0,auto_approved,0.3469,2022
e4ef0603-15e3-44a0-8472-59768ad601d2,U000639,2022-05-06 10:15:30,10:15:30,50372.01,purchase,M00007,VND,success,desktop,D002985,10.37.184.125,debit_card,Singapore,"20.088309,105.85854",42,M,2019-12-27,active,0.68,0,0,0,auto_approved,0.0525,2022
f342f4a9-3fcf-4cf9-b688-78b754ed693b,U001580,2022-07-31 14:22:36,14:22:36,458334.36,bill_payment,M00402,VND,success,desktop,D002916,23.231.112.180,mobile_wallet,Singapore,"16.424046,106.065954",20,M,2016-04-27,active,0.48,0,0,0,auto_approved,0.1656,2022
51989da1-3218-4e2e-a888-e5e50cfa87b9,U000114,2022-01-02 22:37:21,22:37:21,885009.88,transfer,M00345,USD,success,atm,D001739,45.200.94.165,mobile_wallet,Hanoi,"17.278111,108.235158",22,F,2017-10-17,active,0.87,1,0,0,auto_approved,0.3031,2022
6eca4feb-3bde-4177-a1f8-2be09b90b1c5,U000921,2022-06-16 13:34:01,13:34:01,1020276.68,purchase,M00273,USD,success,mobile,D002385,107.116.22.47,bank_transfer,Kuala Lumpur,"11.838848,106.82779",63,M,2019-03-18,under_review,0.78,0,0,0,auto_approved,0.0918,2022
3a9de175-e9da-4dba-89bd-c588f3d2bcea,U001504,2022-12-17 17:39:57,17:39:57,133649.42,online_payment,M00169,USD,success,mobile,D002118,245.97.27.92,bank_transfer,Kuala Lumpur,"13.694454,102.301753",53,F,2020-04-06,active,0.91,0,0,0,auto_approved,0.1672,2022
c9d10cda-f2a3-43b4-b9b8-48690725ea79,U000596,2022-03-19 17:28:10,17:28:10,32660.1,purchase,M00013,VND,success,mobile,D002523,110.5.248.144,debit_card,Hanoi,"12.602351,108.289472",31,M,2014-09-06,active,0.53,2,1,0,auto_approved,0.2968,2022
f0a5b26b-efaf-4c5c-8436-d42b24642f45,U000914,2022-01-05 18:58:30,18:58:30,511533.15,purchase,M00069,USD,success,atm,D000860,113.51.135.97,bank_transfer,Bangkok,"15.117606,103.006363",48,M,2020-08-16,active,0.53,0,0,0,auto_approved,0.4304,2022
973cde66-c86b-45e3-9626-1d95aad0eb96,U001889,2022-06-03 15:04:58,15:04:58,392863.89,transfer,M00123,USD,success,atm,D001703,108.45.197.145,mobile_wallet,Ho Chi Minh City,"11.49068,108.897458",41,F,2015-05-31,active,0.96,1,1,1,pending_review,0.6495,2022
92c3f049-99d3-433e-9f26-bb3bdc53be7f,U000261,2022-07-27 10:57:24,10:57:24,1035373.27,bill_payment,M00113,VND,success,desktop,D002553,162.149.165.149,debit_card,Hanoi,"8.734303,104.619654",69,M,2015-03-25,active,0.9,0,0,0,auto_approved,0.2141,2022
cf7c9545-7a43-4e8d-b42f-0722fc5d30cd,U001549,2022-01-31 18:45:11,18:45:11,712506.05,transfer,M00086,VND,success,atm,D002062,148.4.247.105,bank_transfer,Da Nang,"8.188552,105.843491",43,M,2017-05-08,active,0.5,0,0,0,auto_approved,0.4272,2022
0d0fc6c8-962f-4c12-9f30-65f4e7c6b4e2,U001220,2022-06-13 01:19:43,01:19:43,957475.58,cash_withdrawal,M00417,USD,success,desktop,D000380,201.247.85.242,debit_card,Ho Chi Minh City,"14.479576,105.575525",68,M,2021-01-21,active,0.52,0,0,0,auto_approved,0.1509,2022
aeedf64a-dbb9-4bb6-ae5e-35357af1a6bb,U001959,2022-08-31 21:17:30,21:17:30,1379274.91,bill_payment,M00346,USD,success,pos,D001701,131.128.119.126,credit_card,Singapore,"8.696574,103.602415",58,F,2020-07-24,active,0.77,0,0,0,auto_approved,0.0344,2022
5b3f3517-4547-4687-8f74-3e7a69072b05,U000538,2022-05-28 15:24:10,15:24:10,1799301.1,cash_withdrawal,M00446,USD,success,mobile,D000107,129.103.206.140,mobile_wallet,Kuala Lumpur,"14.553133,106.551273",26,M,2018-07-18,active,0.63,0,0,0,auto_approved,0.1533,2022
6f22fa17-5fa0-4d91-a034-bf5129029018,U001608,2022-08-13 12:23:59,12:23:59,228773.65,cash_withdrawal,M00412,USD,success,mobile,D002463,46.7.158.33,debit_card,Bangkok,"21.295154,107.96316",66,F,2021-03-31,active,0.86,0,0,0,auto_approved,0.2175,2022
2d663c9f-92a3-433f-a499-884300c4bf08,U000117,2022-05-12 17:15:08,17:15:08,1586706.65,cash_withdrawal,M00120,USD,success,mobile,D002473,153.128.64.209,bank_transfer,Singapore,"16.023219,107.706385",35,F,2018-08-29,active,0.82,0,0,0,auto_approved,0.1454,2022
c8aa3d01-dce7-4730-8722-2ecfa88bbaf6,U000093,2022-07-06 12:04:31,12:04:31,151315.15,transfer,M00097,VND,pending,atm,D002607,202.25.151.168,mobile_wallet,Singapore,"9.504945,106.962955",39,F,2015-03-10,active,0.77,0,1,0,auto_approved,0.6635,2022
24bb3eef-1f24-478e-84b5-b33605dbe486,U000415,2022-04-25 22:20:16,22:20:16,317209.02,cash_withdrawal,M00263,USD,success,desktop,D001637,80.74.132.200,credit_card,Kuala Lumpur,"20.881406,105.907159",24,M,2021-10-26,active,0.72,0,0,0,auto_approved,0.3268,2022
22fa1d49-ec73-480f-b371-4c1ecd38dbe5,U001375,2022-06-12 10:32:18,10:32:18,804822.14,bill_payment,M00217,VND,success,desktop,D002801,78.104.209.71,mobile_wallet,Ho Chi Minh City,"21.326407,108.546638",61,M,2022-03-16,active,0.85,0,0,0,auto_approved,0.133,2022
74196cae-6dab-4ea2-84d4-0db5983c4df8,U000842,2022-01-14 22:29:15,22:29:15,101879.61,online_payment,M00222,USD,success,desktop,D002736,31.140.194.120,bank_transfer,Ho Chi Minh City,"13.097552,107.983616",40,F,2018-06-11,under_review,0.98,0,0,0,auto_approved,0.3353,2022
010c0783-8d4e-4d56-858a-6c33e2bd149e,U001657,2022-09-02 02:27:50,02:27:50,1035711.72,bill_payment,M00444,VND,success,pos,D002030,93.77.93.133,mobile_wallet,Singapore,"14.129304,104.49711",19,M,2021-05-02,active,0.92,0,0,0,auto_approved,0.2347,2022
6fa9aafd-01cd-4400-b9de-bb431eeced03,U000066,2022-09-07 02:35:41,02:35:41,269493.88,transfer,M00474,USD,success,mobile,D000485,107.198.73.79,credit_card,Kuala Lumpur,"20.49218,102.23372",29,M,2019-04-21,active,0.82,0,0,0,auto_approved,0.357,2022
5e6f3d4a-5aab-45ed-803d-9957facc6803,U000100,2022-03-19 12:34:44,12:34:44,286831.43,online_payment,M00427,VND,success,desktop,D002489,153.29.162.65,mobile_wallet,Da Nang,"17.840899,103.214611",37,M,2014-10-09,active,0.45,0,0,0,auto_approved,0.37,2022
aeebf1c2-300d-4d29-8756-cc271b6da4b5,U000346,2022-10-04 16:26:44,16:26:44,268566.97,online_payment,M00125,VND,success,atm,D001579,215.178.212.176,debit_card,Singapore,"19.959164,106.85165",63,F,2022-04-23,active,0.52,0,0,0,auto_approved,0.3661,2022
6df05dcd-1950-4201-9024-42cd0c78b06c,U000782,2022-07-26 03:15:37,03:15:37,367448.25,bill_payment,M00294,USD,success,atm,D002815,208.7.143.213,debit_card,Da Nang,"13.345087,103.443916",62,F,2016-04-27,active,0.69,0,0,0,auto_approved,0.0619,2022
717a2f97-01cb-41c5-902b-9eeafa78436e,U001349,2022-04-24 22:53:59,22:53:59,217738.64,online_payment,M00155,VND,success,pos,D001594,253.251.95.21,bank_transfer,Bangkok,"18.775279,102.782943",36,M,2020-01-05,active,0.79,0,0,0,auto_approved,0.1229,2022
f799f6cb-f054-44eb-97c1-917ffc23ac6b,U001306,2022-05-09 00:27:29,00:27:29,1201282.88,bill_payment,M00193,USD,pending,mobile,D000974,238.156.17.220,credit_card,Singapore,"18.238074,105.320872",35,F,2021-10-10,active,0.81,0,0,0,auto_approved,0.1101,2022
434e07a3-8156-4160-a335-ce4b3a00f757,U001328,2022-03-17 17:15:21,17:15:21,140212.71,bill_payment,M00234,VND,success,desktop,D000202,95.174.187.215,bank_transfer,Da Nang,"13.473857,107.190637",54,M,2020-03-15,active,0.83,0,0,0,auto_approved,0.3812,2022
405299cb-3957-46d7-a6f3-eba3d4e2f685,U001693,2022-11-25 08:41:46,08:41:46,1142252.37,purchase,M00204,USD,success,atm,D000822,80.169.197.7,bank_transfer,Da Nang,"21.325325,107.611536",51,F,2016-10-21,active,0.83,0,0,0,auto_approved,0.1658,2022
e7c2f150-999c-4d17-8978-1024dbb19bf7,U000549,2022-10-24 03:31:15,03:31:15,1866272.07,cash_withdrawal,M00161,VND,success,pos,D001680,199.120.117.69,bank_transfer,Ho Chi Minh City,"9.687666,105.058325",21,F,2019-05-11,active,0.72,0,0,0,auto_approved,0.3038,2022
e4c94cdc-9a78-468e-8c88-ee8105e2d6d4,U001616,2022-06-21 06:29:37,06:29:37,116106.06,online_payment,M00317,VND,success,atm,D001957,79.112.39.16,bank_transfer,Hanoi,"15.610581,105.819985",51,F,2017-12-19,active,0.85,1,0,0,auto_approved,0.3565,2022
c5fb3322-e77a-4ee3-94c9-2c9a17286539,U000645,2022-07-22 19:40:09,19:40:09,582488.02,online_payment,M00258,USD,success,pos,D001660,222.104.70.91,mobile_wallet,Kuala Lumpur,"20.289557,103.548703",64,M,2014-05-10,active,0.66,2,1,0,auto_approved,0.4582,2022
77a7381e-a67c-475f-ae4e-b6700aca20cd,U000139,2022-04-26 23:25:35,23:25:35,123940.93,purchase,M00230,USD,success,pos,D000268,220.185.182.169,debit_card,Ho Chi Minh City,"20.821129,103.316619",61,M,2018-08-14,active,0.78,0,1,0,auto_approved,0.6125,2022
86551e09-eb97-4bf0-897b-334e3b1403f6,U000320,2022-12-22 10:54:14,10:54:14,421723.59,cash_withdrawal,M00437,USD,success,pos,D002916,44.13.29.109,credit_card,Da Nang,"15.494646,104.521333",68,M,2018-06-23,active,0.99,0,0,0,auto_approved,0.3176,2022
79970937-fe62-4b73-bbaa-81f5b8519b6c,U001557,2022-10-14 16:32:56,16:32:56,52274.97,online_payment,M00186,USD,success,pos,D001683,214.197.159.62,debit_card,Ho Chi Minh City,"14.41953,107.439424",47,F,2017-03-12,active,0.69,0,0,0,auto_approved,0.2589,2022
e920288b-e7c3-43a7-b323-60bfb29785b4,U001290,2022-10-18 11:44:13,11:44:13,89108.88,bill_payment,M00306,VND,pending,mobile,D001274,154.172.215.19,debit_card,Da Nang,"14.036752,106.663435",34,F,2020-01-06,active,0.5,0,0,0,auto_approved,0.0338,2022
6caf298a-f240-41f4-80fc-c7c3767fb77a,U000059,2022-07-07 13:22:38,13:22:38,481870.85,cash_withdrawal,M00310,VND,success,mobile,D000438,218.53.168.146,mobile_wallet,Ho Chi Minh City,"9.31785,106.201297",37,F,2019-10-15,active,0.57,0,0,0,auto_approved,0.2136,2022
4d498d30-624f-47ae-9a21-c650b9aa7800,U001987,2022-01-24 06:35:23,06:35:23,277147.84,online_payment,M00415,USD,success,mobile,D000804,54.40.3.228,debit_card,Kuala Lumpur,"9.119542,107.938972",61,F,2014-07-20,active,0.75,0,0,0,auto_approved,0.4003,2022
4c834c21-49dc-4d6e-8e4f-8e798d814113,U000676,2022-02-25 03:48:21,03:48:21,1405244.55,transfer,M00161,USD,success,desktop,D000339,235.164.64.134,debit_card,Hanoi,"18.049252,105.139899",50,M,2014-01-27,under_review,0.53,0,0,0,auto_approved,0.2804,2022
fca52445-8b93-4c5a-9e38-84f6d336d782,U000561,2022-01-30 13:42:13,13:42:13,663641.33,transfer,M00210,VND,success,desktop,D001917,3.31.90.120,debit_card,Singapore,"16.664595,103.051026",21,M,2020-07-13,active,0.86,0,0,0,auto_approved,0.3222,2022
4d78a798-3b73-4aa7-a455-a9d7a56364d5,U000698,2022-12-22 10:47:37,10:47:37,165898.45,bill_payment,M00305,VND,failed,atm,D002430,119.112.248.78,bank_transfer,Singapore,"9.786381,103.363056",51,M,2018-04-18,active,0.69,0,0,0,auto_approved,0.2275,2022
6df9d6cf-e522-44a4-baf3-6725b517fbf0,U001663,2022-11-21 01:16:32,01:16:32,844477.45,online_payment,M00206,VND,success,mobile,D002284,36.236.130.188,bank_transfer,Bangkok,"9.14861,105.257685",64,F,2018-02-23,active,0.6,0,0,0,auto_approved,0.0941,2022
5561e1fe-ca56-4963-b007-8859906045fb,U001228,2022-02-01 20:25:52,20:25:52,1067934.77,transfer,M00013,USD,success,atm,D002434,14.13.22.22,bank_transfer,Hanoi,"11.897123,107.226866",45,M,2020-11-13,active,0.59,0,0,0,auto_approved,0.3301,2022
aa16f982-a925-467a-8868-96107e61cbf8,U001649,2022-02-19 00:20:06,00:20:06,1034187.49,transfer,M00058,VND,success,pos,D001242,41.150.243.80,debit_card,Da Nang,"19.143478,104.300096",28,M,2017-04-26,active,0.88,0,0,0,auto_approved,0.4475,2022
eea80178-3a2e-4f79-a302-ba4f80ee77fa,U000340,2022-11-10 09:46:05,09:46:05,371427.63,online_payment,M00360,VND,success,atm,D002018,161.123.157.235,credit_card,Da Nang,"18.075695,103.624386",25,M,2020-11-17,under_review,0.53,1,0,0,auto_approved,0.2646,2022
cdb70565-6154-443d-a5dc-bc0f6b59b7d3,U001622,2022-10-23 04:52:31,04:52:31,109120.54,bill_payment,M00110,VND,success,mobile,D000222,142.191.201.111,debit_card,Singapore,"16.623459,106.877974",65,F,2021-07-22,active,0.73,0,0,0,auto_approved,0.0897,2022
86918731-00b2-4f9d-8e89-f94df645bec3,U001242,2022-10-25 14:21:36,14:21:36,437036.2,purchase,M00437,USD,success,pos,D002296,226.58.203.135,debit_card,Da Nang,"15.279454,102.163368",58,F,2014-11-16,active,0.74,0,0,0,auto_approved,0.4438,2022
42a67123-4b42-47cb-b93c-7fbf1d575421,U001198,2022-01-06 04:13:35,04:13:35,536593.86,online_payment,M00451,VND,failed,desktop,D002695,131.162.223.52,credit_card,Kuala Lumpur,"8.685488,108.099771",51,F,2019-01-02,active,0.59,0,0,0,auto_approved,0.2369,2022
7336bce7-a481-4905-b607-1eab6a9bc36d,U001510,2022-07-30 18:37:41,18:37:41,1763281.76,bill_payment,M00158,VND,success,desktop,D000515,189.176.95.169,bank_transfer,Ho Chi Minh City,"16.953577,104.265071",62,M,2018-09-05,active,0.68,0,0,0,auto_approved,0.2647,2022
19eea00b-e791-4866-9e45-672c3cbfb59d,U000002,2022-07-19 05:49:38,05:49:38,89179.15,cash_withdrawal,M00127,VND,success,pos,D002600,191.107.76.130,credit_card,Bangkok,"17.825276,103.618123",57,M,2017-07-14,active,1.0,0,0,0,auto_approved,0.339,2022
649155ce-103c-4703-9aac-a3854b351313,U001052,2022-08-05 20:03:05,20:03:05,48241.82,online_payment,M00360,VND,success,mobile,D001011,193.48.105.230,mobile_wallet,Hanoi,"8.392288,106.583807",55,F,2018-03-22,active,0.54,0,0,0,auto_approved,0.2173,2022
91088bd5-1a39-4d13-9be4-139de81a1fab,U001741,2022-05-25 05:01:46,05:01:46,1138729.31,transfer,M00081,VND,success,desktop,D001047,186.32.75.151,bank_transfer,Kuala Lumpur,"10.47782,106.725913",62,F,2017-05-29,active,0.84,2,1,0,auto_approved,0.3994,2022
4c31ac80-b299-4c1a-a913-8699b609472e,U001750,2022-02-24 12:55:20,12:55:20,1674473.37,cash_withdrawal,M00400,VND,success,atm,D002210,122.253.254.154,credit_card,Da Nang,"17.571041,104.297959",45,M,2019-07-13,active,0.55,0,0,0,auto_approved,0.1427,2022
f5884ff9-5ae4-4662-ac22-e9da5700241a,U001934,2022-08-04 08:07:01,08:07:01,135085.04,bill_payment,M00355,USD,success,pos,D001566,178.93.109.116,mobile_wallet,Kuala Lumpur,"10.124681,106.014086",68,M,2019-07-01,active,0.89,0,0,0,auto_approved,0.1465,2022
dc0b3dc4-cbf8-41fe-88de-8340afd500f2,U001911,2022-08-16 12:46:24,12:46:24,1635446.7,bill_payment,M00351,VND,success,atm,D000703,111.131.188.196,debit_card,Hanoi,"18.235931,107.406688",40,M,2022-07-08,active,0.69,2,1,1,pending_review,0.451,2022
e6da010f-7f11-435f-a14f-7daffeba8f99,U001896,2022-03-08 10:44:00,10:44:00,16001.93,purchase,M00037,USD,success,mobile,D002795,55.31.105.76,credit_card,Singapore,"10.175781,106.067878",34,M,2018-10-28,active,0.82,0,0,0,auto_approved,0.1648,2022
86116f55-c7b4-41d2-ac92-c64232036011,U000646,2022-11-25 08:17:31,08:17:31,12880.43,transfer,M00378,USD,success,desktop,D000617,131.211.121.53,bank_transfer,Kuala Lumpur,"11.226053,106.421716",39,F,2020-11-22,active,0.64,0,0,0,auto_approved,0.1046,2022
abc9eb30-40fc-4c6e-b128-5a4344df620d,U001033,2022-11-29 09:11:02,09:11:02,1139710.56,online_payment,M00474,VND,success,atm,D002626,68.62.131.102,credit_card,Da Nang,"9.726675,105.820363",58,F,2015-06-02,active,0.61,0,0,0,auto_approved,0.0386,2022
7bc71337-c5c0-4134-907e-b89c6ad5dd44,U000595,2022-11-20 17:14:11,17:14:11,784315.44,bill_payment,M00105,VND,success,desktop,D000634,186.21.56.148,mobile_wallet,Hanoi,"18.476526,103.893086",48,F,2016-05-26,active,0.53,0,0,0,auto_approved,0.03,2022
37c4d3d0-5366-480d-8aeb-219a89d59ba0,U000467,2022-02-09 06:13:35,06:13:35,916035.38,bill_payment,M00424,USD,success,mobile,D001262,106.156.225.61,credit_card,Singapore,"18.502428,107.06725",42,M,2018-04-19,active,0.84,0,0,0,auto_approved,0.0811,2022
20e158cb-db69-49d4-a945-04051c4af585,U000745,2022-11-23 16:30:36,16:30:36,1687349.05,bill_payment,M00189,USD,success,atm,D002866,87.223.212.99,debit_card,Hanoi,"18.663377,108.226851",35,M,2018-06-14,active,0.48,0,0,0,auto_approved,0.4398,2022
a64bd6ff-36f2-48ac-8e3e-fa3d04021e1b,U000788,2022-12-29 09:11:59,09:11:59,1072167.23,online_payment,M00310,USD,success,desktop,D001125,61.251.130.111,bank_transfer,Singapore,"19.688617,102.146894",36,M,2020-01-11,active,0.64,1,0,0,auto_approved,0.1921,2022
daedb7ad-ddd4-450a-9965-cdc22619749d,U001479,2022-03-13 09:02:01,09:02:01,178071.84,purchase,M00029,VND,success,pos,D001342,191.236.235.31,credit_card,Hanoi,"10.991329,108.442101",19,M,2021-08-02,active,0.67,0,0,0,auto_approved,0.1394,2022
0802e935-773f-4125-ab05-ea878348efa6,U001016,2022-02-26 00:41:38,00:41:38,314846.78,transfer,M00347,USD,success,pos,D001239,60.142.221.153,mobile_wallet,Singapore,"14.172319,102.661236",64,F,2015-03-14,under_review,0.61,0,0,0,auto_approved,0.0951,2022
59930ae5-1099-444b-9bb0-edaa431fa21d,U000284,2022-09-03 02:03:47,02:03:47,245278.23,cash_withdrawal,M00374,USD,success,pos,D002642,7.136.181.121,credit_card,Ho Chi Minh City,"13.41659,105.638624",42,F,2022-03-09,active,0.61,0,0,0,auto_approved,0.391,2022
b9f54f8b-2b0a-423b-988a-6a272716d67b,U000664,2022-03-30 06:47:27,06:47:27,261462.47,purchase,M00127,USD,pending,desktop,D001416,29.92.73.142,credit_card,Bangkok,"13.040771,104.473161",50,M,2020-09-12,active,0.47,0,0,0,auto_approved,0.3994,2022
e0b2660a-3915-47b6-98a9-06ddd8dfd07d,U001971,2022-06-02 19:16:44,19:16:44,1475409.06,online_payment,M00326,VND,success,atm,D002341,197.99.165.162,credit_card,Kuala Lumpur,"19.062532,103.373349",60,F,2019-04-13,active,0.67,0,0,0,auto_approved,0.3664,2022
9857c9e8-7d61-4289-a6f0-e8b5e2a6ee82,U000796,2022-03-04 09:39:01,09:39:01,88329.63,bill_payment,M00326,VND,success,atm,D002502,74.146.164.84,mobile_wallet,Ho Chi Minh City,"13.255778,104.185375",61,M,2019-12-12,active,0.92,0,0,0,auto_approved,0.2067,2022
32190343-a9be-4886-b626-63531ac29f4d,U001609,2022-12-29 13:08:17,13:08:17,2506261.0,online_payment,M00037,VND,success,mobile,D002239,52.38.28.95,bank_transfer,Bangkok,"21.785845,103.291189",18,M,2018-03-03,active,0.87,0,0,0,auto_approved,0.0771,2022
7d748a17-e835-400f-b9d4-065b865d93f9,U000563,2022-03-10 02:25:01,02:25:01,102287.48,bill_payment,M00187,VND,pending,atm,D002579,99.102.61.206,bank_transfer,Kuala Lumpur,"8.341248,105.294751",22,F,2020-01-05,active,0.64,1,0,0,auto_approved,0.0828,2022
b0fb7543-c39f-4963-b2a7-58b2dbc9aff7,U001726,2022-02-11 06:01:22,06:01:22,399385.13,cash_withdrawal,M00434,VND,success,atm,D002224,205.82.103.78,bank_transfer,Bangkok,"12.510323,105.004173",67,M,2014-03-20,active,0.82,0,0,0,auto_approved,0.3749,2022
ea047a56-7677-4a73-92cb-af173e2d9135,U001787,2022-08-15 19:46:08,19:46:08,370505.58,purchase,M00066,VND,success,pos,D001034,207.77.210.129,debit_card,Ho Chi Minh City,"16.978287,104.975398",66,F,2020-08-10,active,0.89,2,1,0,auto_approved,0.2647,2022
cb63c312-e107-4930-bf48-59dc9da460be,U001630,2022-08-30 05:40:45,05:40:45,69052.59,purchase,M00180,USD,success,atm,D000913,84.131.35.211,bank_transfer,Da Nang,"12.331571,103.463118",56,M,2016-05-15,active,0.67,0,0,0,auto_approved,0.0262,2022
a524faea-6fd5-4025-b30e-61a7b7e28f08,U001849,2022-11-25 19:55:49,19:55:49,275221.47,purchase,M00224,VND,success,atm,D001780,167.183.6.176,debit_card,Hanoi,"15.508059,107.392187",27,M,2018-10-30,active,0.76,0,0,0,auto_approved,0.3988,2022
dae35073-9a9b-44cf-9bca-e839b653b43b,U000325,2022-04-28 17:04:48,17:04:48,672663.03,transfer,M00361,USD,success,atm,D000349,68.104.139.190,bank_transfer,Hanoi,"8.17558,104.084896",57,M,2016-10-09,active,0.47,0,0,0,auto_approved,0.1851,2022
934c1678-8bc7-4223-89ec-f89e4fbc12c2,U001118,2022-08-23 15:23:20,15:23:20,1762257.38,transfer,M00451,VND,success,mobile,D001662,173.189.133.7,mobile_wallet,Singapore,"16.350542,108.245889",23,F,2015-08-22,active,0.55,0,0,0,auto_approved,0.2959,2022
9fb6d013-637b-41c6-9051-660509a26194,U000643,2022-03-23 10:06:21,10:06:21,819258.96,cash_withdrawal,M00337,VND,success,mobile,D000202,56.213.216.53,debit_card,Kuala Lumpur,"20.593223,103.823123",18,F,2017-03-08,active,0.91,0,0,0,auto_approved,0.263,2022
43293f2d-ea4a-4b87-9aff-2409ee86edff,U000699,2022-07-26 01:32:19,01:32:19,291166.08,purchase,M00121,USD,success,pos,D001677,158.175.74.240,bank_transfer,Kuala Lumpur,"13.263356,105.331143",50,F,2014-05-28,active,0.87,0,0,0,auto_approved,0.2965,2022
a86c6b62-1582-4bc3-8cb9-5cfa91504304,U000348,2022-10-30 04:08:00,04:08:00,110672.15,bill_payment,M00068,VND,success,mobile,D001157,219.208.69.121,credit_card,Hanoi,"11.683563,107.353159",40,M,2017-10-14,active,0.89,1,0,0,auto_approved,0.5757,2022
6d648817-1916-4101-9799-2c6d19641167,U001633,2022-06-08 03:19:34,03:19:34,681273.17,cash_withdrawal,M00210,USD,success,mobile,D001238,183.163.106.15,debit_card,Ho Chi Minh City,"17.517216,106.365995",42,M,2017-02-05,active,0.9,0,1,0,auto_approved,0.4552,2022
cac15949-1e9c-4bdc-bbda-dd542ab7a77c,U000166,2022-08-28 16:41:32,16:41:32,6912.87,bill_payment,M00017,USD,success,pos,D000712,22.133.96.67,credit_card,Kuala Lumpur,"11.398821,104.100488",19,M,2019-03-23,active,0.45,1,0,0,auto_approved,0.2292,2022
9f9a36dc-5b3d-400c-9c4c-edb138f2b0ae,U000913,2022-12-20 10:05:23,10:05:23,10475.84,transfer,M00161,VND,success,mobile,D001275,248.251.205.88,mobile_wallet,Hanoi,"8.097131,108.036066",40,F,2019-05-14,active,0.7,0,0,0,auto_approved,0.1458,2022
bc23a2f5-29f8-4a76-86df-7f5152f35e9d,U001065,2022-10-14 19:26:33,19:26:33,1034182.95,online_payment,M00140,USD,success,mobile,D002724,79.72.227.45,bank_transfer,Da Nang,"13.760345,108.199289",60,M,2022-08-12,active,0.84,0,0,0,auto_approved,0.1277,2022
33289954-7838-4684-8bec-7b0abadc15b9,U001738,2022-05-17 20:30:08,20:30:08,1533080.68,cash_withdrawal,M00497,USD,success,desktop,D000513,90.3.199.152,mobile_wallet,Kuala Lumpur,"8.122475,103.48999",56,M,2017-11-20,active,0.67,0,0,0,auto_approved,0.1076,2022
24aba70c-eeb8-4f4f-a136-03cc0a492ee1,U000707,2022-06-04 01:32:43,01:32:43,476552.73,transfer,M00375,VND,success,pos,D002255,52.107.40.38,debit_card,Singapore,"11.859937,104.674457",36,F,2018-09-08,active,0.63,2,1,0,auto_approved,0.3931,2022
c39cafda-9c52-494d-a00e-bb16eb698c99,U000501,2022-06-13 09:16:39,09:16:39,1907968.28,transfer,M00050,VND,success,pos,D002874,16.170.36.28,mobile_wallet,Kuala Lumpur,"19.066318,108.150278",67,F,2020-10-14,active,0.84,2,1,0,auto_approved,0.3784,2022
f4791503-5bc9-46ae-a216-76a6c7a07231,U001599,2022-10-23 23:15:37,23:15:37,80943.58,bill_payment,M00276,USD,success,pos,D002577,249.199.210.149,credit_card,Singapore,"13.108201,106.610251",21,M,2021-03-20,active,0.85,0,0,0,auto_approved,0.4254,2022
7d773a56-ce95-4062-97c3-d067d463523a,U000163,2022-10-01 22:07:08,22:07:08,123119.53,cash_withdrawal,M00080,VND,success,atm,D002842,187.186.252.26,bank_transfer,Singapore,"14.022587,103.061108",33,F,2017-09-12,under_review,0.47,0,0,0,auto_approved,0.3576,2022
a53d44a4-d69f-43cf-b779-cb3189cc8cf5,U000921,2022-02-21 02:51:14,02:51:14,515960.45,transfer,M00493,VND,success,atm,D000939,61.47.131.29,bank_transfer,Da Nang,"10.299799,104.503916",18,F,2021-06-05,active,0.97,0,0,0,auto_approved,0.3715,2022
f02c8857-a1a6-4462-8feb-aac94b0f9567,U001443,2022-01-26 16:15:19,16:15:19,249133.68,bill_payment,M00493,VND,success,mobile,D002688,188.61.132.51,debit_card,Ho Chi Minh City,"10.675182,103.880926",63,M,2014-08-17,active,0.7,0,0,0,auto_approved,0.2834,2022
01d45e0a-533c-4b88-95da-4e8961cf7eff,U001202,2022-12-12 02:35:12,02:35:12,555839.68,transfer,M00193,VND,success,desktop,D001105,49.108.34.164,mobile_wallet,Ho Chi Minh City,"18.752884,103.048099",68,F,2019-03-29,active,0.93,0,0,0,auto_approved,0.2778,2022
2713a8a8-c475-4125-9fa0-45f89664c472,U001153,2022-02-12 02:00:38,02:00:38,679185.24,bill_payment,M00225,VND,success,desktop,D000134,137.39.226.17,credit_card,Ho Chi Minh City,"14.842738,106.635814",45,M,2018-04-20,active,0.93,0,0,0,auto_approved,0.4255,2022
2ed0e321-ab40-40b4-8f6a-631abee7c0fc,U000406,2022-03-21 16:04:18,16:04:18,1522322.12,bill_payment,M00250,VND,success,atm,D002245,125.86.192.7,bank_transfer,Da Nang,"18.900983,105.186688",65,M,2015-04-16,active,1.0,0,0,0,auto_approved,0.3201,2022
31112aac-a746-43cc-8ca4-7580c8084b30,U000751,2022-03-30 15:27:11,15:27:11,314714.62,online_payment,M00086,VND,success,desktop,D001769,16.108.3.190,mobile_wallet,Kuala Lumpur,"20.08536,103.22037",45,M,2019-07-21,active,0.58,0,0,0,auto_approved,0.1798,2022
3a57c1f5-eac4-4550-a9b0-3ec1890bc49f,U001936,2022-11-27 23:51:31,23:51:31,184801.79,transfer,M00394,USD,success,mobile,D001029,71.86.115.218,mobile_wallet,Singapore,"18.175901,103.53506",18,M,2020-09-23,active,0.6,0,0,0,auto_approved,0.3645,2022
e570c214-aa5e-458f-81aa-d74c50869543,U000304,2022-06-21 12:15:46,12:15:46,664243.14,bill_payment,M00424,VND,failed,mobile,D001867,202.29.12.232,credit_card,Kuala Lumpur,"12.685062,104.634641",50,M,2017-11-29,active,0.47,0,0,0,auto_approved,0.2334,2022
4306f022-5b4c-4507-a8c1-7afd83606261,U000469,2022-11-20 19:10:26,19:10:26,398198.43,transfer,M00365,VND,success,mobile,D000702,61.176.214.182,bank_transfer,Kuala Lumpur,"18.298043,103.974747",61,M,2018-02-21,active,0.89,0,0,0,auto_approved,0.2962,2022
e37d2005-7743-4b71-aa58-7162bcb5dd9d,U000997,2022-01-01 00:27:42,00:27:42,3104959.93,cash_withdrawal,M00363,VND,success,mobile,D000314,86.245.115.250,bank_transfer,Ho Chi Minh City,"8.031617,107.736724",28,M,2020-05-02,active,0.45,0,1,0,auto_approved,0.4094,2022
1ee46096-48af-4ff8-9ff9-2fe39d3d1c76,U000728,2022-06-08 20:25:40,20:25:40,774347.22,cash_withdrawal,M00049,USD,success,atm,D001256,140.76.196.18,credit_card,Kuala Lumpur,"13.46743,105.60064",62,F,2019-09-10,active,0.49,0,0,0,auto_approved,0.0388,2022
2ae48075-f4e0-4d7f-95ff-a1135b990273,U000590,2022-08-05 20:28:09,20:28:09,562739.13,bill_payment,M00322,USD,success,pos,D001508,113.120.209.154,credit_card,Bangkok,"8.021568,107.315036",56,F,2017-11-21,active,0.98,0,0,0,auto_approved,0.1876,2022
d076d004-945f-415d-a5c1-5f609063ddcc,U001259,2022-01-10 01:57:39,01:57:39,304173.44,transfer,M00331,USD,success,mobile,D002386,154.181.64.48,bank_transfer,Bangkok,"14.863405,103.902489",31,M,2013-11-16,active,0.51,0,0,0,auto_approved,0.3821,2022
2f7e1c4b-af23-43b6-bd24-7f757bc6e9ed,U001196,2022-06-18 09:42:40,09:42:40,993405.8,transfer,M00318,USD,success,atm,D002738,156.116.247.71,mobile_wallet,Da Nang,"9.561376,108.791598",38,M,2021-11-10,active,0.62,0,0,0,auto_approved,0.2399,2022
629e6c5c-e88e-4959-b4f6-200359d9ec04,U001405,2022-01-31 00:56:20,00:56:20,540107.61,bill_payment,M00091,USD,success,desktop,D001974,17.66.194.97,mobile_wallet,Kuala Lumpur,"12.644121,102.263743",48,M,2017-05-16,active,0.88,0,0,0,auto_approved,0.3269,2022
3e585678-f4b8-45a4-907b-2524be3eea71,U001116,2022-11-05 19:03:57,19:03:57,327457.22,transfer,M00057,USD,success,mobile,D002101,23.213.65.70,mobile_wallet,Ho Chi Minh City,"19.909104,106.257423",40,F,2021-09-21,active,0.74,0,0,0,auto_approved,0.1266,2022
09e6d3af-a97b-4c66-9885-53a1215f43df,U001345,2022-09-14 06:13:03,06:13:03,283695.1,purchase,M00402,USD,failed,desktop,D000031,46.170.10.28,debit_card,Kuala Lumpur,"12.992813,102.543421",54,M,2018-06-13,active,0.83,0,0,0,auto_approved,0.443,2022
09a0d322-5a45-48ff-8429-80901df9b5e5,U000460,2022-03-24 02:28:59,02:28:59,451218.67,cash_withdrawal,M00258,VND,success,pos,D001350,204.78.214.124,mobile_wallet,Ho Chi Minh City,"8.235247,104.457663",69,M,2014-07-12,active,0.87,0,0,0,auto_approved,0.032,2022
205e76b6-440f-4c3e-a06d-9138068d5dd9,U001900,2022-01-02 12:49:42,12:49:42,287201.69,transfer,M00206,USD,success,atm,D001320,103.207.140.181,mobile_wallet,Da Nang,"17.656681,102.309038",58,F,2020-04-19,active,0.69,0,0,0,auto_approved,0.447,2022
b762db81-5f29-4944-9909-7ca80f048ac5,U001931,2022-09-27 08:01:52,08:01:52,448312.39,cash_withdrawal,M00456,VND,success,atm,D000946,101.186.188.17,bank_transfer,Bangkok,"8.838938,105.736065",19,M,2017-01-11,active,0.91,0,0,0,auto_approved,0.3675,2022
05898a7e-628d-41bf-95c8-458ff0f9ea27,U000546,2022-03-31 16:52:03,16:52:03,1176049.48,online_payment,M00357,VND,success,desktop,D002875,28.233.226.250,mobile_wallet,Singapore,"21.921545,102.680094",29,M,2015-05-08,active,0.45,0,0,0,auto_approved,0.0865,2022
876be7b5-208d-42ee-b49f-0fe20574e287,U000904,2022-07-19 07:27:23,07:27:23,1805560.34,bill_payment,M00468,USD,success,desktop,D000464,253.98.113.59,credit_card,Singapore,"20.875249,108.991155",26,F,2015-02-01,active,0.85,0,0,0,auto_approved,0.0427,2022
4dddc5bd-efb1-4c63-8ab9-539689e1c738,U000670,2022-01-16 16:29:17,16:29:17,1133489.07,bill_payment,M00336,USD,success,mobile,D000228,172.143.171.202,credit_card,Bangkok,"19.887682,106.927486",60,M,2019-05-08,active,0.96,0,1,1,pending_review,0.6047,2022
626dede5-d994-4b2d-969f-14b1a2b6daa9,U001174,2022-01-21 03:41:19,03:41:19,1509202.1,cash_withdrawal,M00458,VND,failed,mobile,D001405,227.165.129.126,bank_transfer,Hanoi,"19.603256,103.955318",22,M,2021-05-31,active,0.97,0,0,0,auto_approved,0.1713,2022
ee58979f-1070-4981-8c41-4312cf57337a,U001450,2022-08-16 12:14:30,12:14:30,271684.96,transfer,M00115,VND,success,desktop,D002381,106.221.237.79,bank_transfer,Ho Chi Minh City,"13.710676,104.056928",60,M,2020-10-09,active,0.78,0,0,0,auto_approved,0.4378,2022
f2459592-10de-4da3-bc4d-eac0fa331c03,U001246,2022-10-16 00:41:48,00:41:48,554884.27,cash_withdrawal,M00348,VND,success,pos,D002928,69.253.34.60,credit_card,Bangkok,"15.934562,103.915616",67,M,2019-12-01,active,0.6,0,0,0,auto_approved,0.0435,2022
40bf016d-1664-41fc-8f60-8da1f8dfa015,U000652,2022-07-14 03:49:13,03:49:13,442029.67,online_payment,M00350,USD,success,pos,D001841,6.155.37.7,debit_card,Bangkok,"8.560701,106.982813",26,F,2017-09-04,active,0.66,0,0,0,auto_approved,0.2471,2022
cef50576-edb1-4b54-b45f-5b989b292fbc,U001943,2022-03-29 18:29:04,18:29:04,574662.29,purchase,M00074,VND,success,mobile,D002270,176.39.160.59,credit_card,Kuala Lumpur,"19.965236,103.685812",63,F,2017-01-07,active,0.67,0,0,0,auto_approved,0.0297,2022
56b2a505-9997-4d32-827b-5c6e78d959cb,U001600,2022-12-20 00:09:31,00:09:31,23915.19,transfer,M00074,USD,success,mobile,D002090,33.199.108.151,credit_card,Bangkok,"17.12954,105.689204",55,F,2017-07-22,active,0.75,0,0,0,auto_approved,0.0152,2022
b9d6143d-23f8-4270-ac0f-13f6dea8e6f9,U000802,2022-05-18 14:18:22,14:18:22,216596.93,purchase,M00285,VND,success,atm,D000050,101.235.14.158,credit_card,Kuala Lumpur,"11.209886,106.515404",18,F,2019-03-09,under_review,0.97,0,0,0,auto_approved,0.1297,2022
5dade288-a594-4d41-8e28-32a2fd8b4304,U001915,2022-03-09 13:12:23,13:12:23,887380.22,cash_withdrawal,M00443,USD,success,pos,D002912,246.208.158.11,mobile_wallet,Hanoi,"20.836846,108.230778",51,M,2016-01-10,active,0.61,0,0,0,auto_approved,0.2351,2022
d9439982-2a65-4a5c-aa88-d4e1efeae1c7,U001368,2022-09-19 08:09:37,08:09:37,273181.18,cash_withdrawal,M00374,VND,success,atm,D000214,39.202.68.233,debit_card,Singapore,"20.526433,102.456193",33,M,2014-12-16,active,0.75,0,0,0,auto_approved,0.3785,2022
908ca10e-cb88-4eaa-9e00-51c0d0333878,U000876,2022-01-06 02:23:25,02:23:25,211130.18,bill_payment,M00034,VND,success,desktop,D000012,233.103.216.135,mobile_wallet,Ho Chi Minh City,"13.509937,104.604269",63,F,2016-01-31,active,0.72,0,0,0,auto_approved,0.2435,2022
f23c8e5e-f02d-4f35-b147-43d0514e10b9,U000114,2022-09-14 07:45:15,07:45:15,1197675.6,cash_withdrawal,M00184,VND,success,mobile,D000500,5.137.116.17,debit_card,Hanoi,"19.405897,104.303445",62,F,2018-07-04,active,0.65,0,0,0,auto_approved,0.2592,2022
3d409414-9c4e-4732-a68f-f74820eb7253,U001997,2022-07-27 18:38:10,18:38:10,465552.6,transfer,M00082,VND,success,pos,D001894,109.224.178.219,bank_transfer,Singapore,"13.506051,103.892615",62,M,2019-02-09,active,0.99,0,0,0,auto_approved,0.2247,2022
91ab630a-1c98-4f70-9589-40c8284b2fdb,U001882,2022-09-05 10:08:57,10:08:57,947126.85,bill_payment,M00005,USD,success,atm,D000768,70.75.160.115,bank_transfer,Kuala Lumpur,"21.38561,106.666299",41,M,2015-11-30,active,0.86,0,0,0,auto_approved,0.3906,2022
f29d28cb-28df-4f1d-88d0-73223468b34c,U000860,2022-05-31 02:18:58,02:18:58,170068.08,purchase,M00357,USD,success,atm,D001253,93.7.23.69,mobile_wallet,Da Nang,"10.198526,106.089422",66,F,2021-01-06,active,0.53,0,0,0,auto_approved,0.1161,2022
2ac8f1b2-545b-4ba5-914e-f3afcdbb58c2,U000318,2022-01-12 16:21:15,16:21:15,19806.75,cash_withdrawal,M00192,USD,success,mobile,D000523,195.218.117.137,mobile_wallet,Ho Chi Minh City,"15.106243,104.046444",43,F,2016-11-11,active,0.69,0,0,0,auto_approved,0.3088,2022
2ace516d-5f20-4867-af53-1e7f87a151b3,U001423,2022-10-31 06:13:27,06:13:27,88976.9,online_payment,M00276,USD,success,mobile,D002720,78.111.154.74,debit_card,Bangkok,"17.838419,107.047115",64,F,2017-10-15,active,0.84,0,0,0,auto_approved,0.0677,2022
0d77f76c-35c7-4162-a29a-06b5e55d90f8,U001401,2022-04-19 22:14:33,22:14:33,1632671.94,bill_payment,M00490,VND,success,atm,D002729,112.219.160.207,mobile_wallet,Bangkok,"13.369539,106.296946",19,F,2018-02-10,active,0.91,0,0,0,auto_approved,0.2458,2022
363f4669-3220-4ab2-b543-47cf740010f0,U001646,2022-10-05 12:59:38,12:59:38,1557549.28,purchase,M00304,USD,success,atm,D001521,200.209.249.203,credit_card,Kuala Lumpur,"9.347909,108.346659",46,M,2015-12-13,active,0.47,0,0,0,auto_approved,0.344,2022
93562b7c-3426-4335-abb6-42702f0403bc,U000802,2022-10-24 18:17:51,18:17:51,129065.26,online_payment,M00401,USD,success,desktop,D000233,129.140.167.34,credit_card,Singapore,"20.790842,108.470372",40,F,2020-06-21,active,0.67,0,0,0,auto_approved,0.0847,2022
aad14d79-1f62-4773-bdbc-b22d2f2e9a75,U001681,2022-09-14 09:11:08,09:11:08,431852.1,cash_withdrawal,M00129,USD,success,atm,D002768,59.48.28.188,mobile_wallet,Da Nang,"18.401281,108.168113",18,M,2016-08-03,active,0.62,1,0,0,auto_approved,0.4581,2022
3ae133ea-20f9-4eb5-8097-0db973262eaa,U001603,2022-09-12 07:32:48,07:32:48,109565.48,bill_payment,M00353,VND,success,desktop,D001326,160.217.117.44,credit_card,Kuala Lumpur,"13.628057,107.063677",40,M,2021-06-08,active,0.53,0,0,0,auto_approved,0.4113,2022
5f2d17d0-dcf7-42d3-aec6-bb1d58d82e69,U000097,2022-12-14 12:44:01,12:44:01,50828.19,transfer,M00137,VND,success,atm,D002089,159.163.65.160,debit_card,Bangkok,"9.86541,106.749474",62,F,2015-03-14,active,0.71,0,0,0,auto_approved,0.2402,2022
c943ec4c-bca3-4f4e-bf00-c2444364fe5d,U000120,2022-07-12 22:12:53,22:12:53,1892796.23,bill_payment,M00295,VND,success,desktop,D001728,186.69.25.176,bank_transfer,Da Nang,"12.650328,107.628101",22,M,2018-07-15,active,0.85,0,0,0,auto_approved,0.0426,2022
595dc0d3-c553-4c9a-b080-199d26e6d3f1,U001550,2022-10-06 20:37:24,20:37:24,1247740.45,purchase,M00401,VND,success,atm,D002099,64.33.83.36,mobile_wallet,Bangkok,"10.121009,105.271428",45,M,2017-12-10,active,0.97,3,1,0,auto_approved,0.2466,2022
9ccbeea3-9ea1-4807-8fef-4fd83746199f,U000223,2022-11-14 18:22:10,18:22:10,284070.97,cash_withdrawal,M00196,USD,success,atm,D002698,203.154.228.111,debit_card,Da Nang,"20.472574,103.689882",24,M,2020-11-14,active,0.86,2,1,1,pending_review,0.3117,2022
17e1557e-481f-47ae-a3dc-6cd2a211fd0e,U001199,2022-02-23 23:01:50,23:01:50,1924424.77,cash_withdrawal,M00371,VND,success,pos,D000147,98.192.46.141,debit_card,Bangkok,"9.007337,108.739517",42,M,2014-02-13,active,0.7,0,0,0,auto_approved,0.2785,2022
24485288-d18e-480c-9357-999d692d0d83,U000350,2022-03-05 23:43:54,23:43:54,2178797.86,bill_payment,M00130,VND,success,desktop,D000917,53.132.137.149,bank_transfer,Bangkok,"17.62427,105.597932",30,F,2019-08-16,active,0.51,0,0,0,auto_approved,0.2535,2022
f717a6fd-19c1-4d4e-8206-4bdaf7f96b3f,U000280,2022-06-28 20:58:58,20:58:58,1019650.58,transfer,M00070,USD,success,pos,D001335,188.57.76.182,mobile_wallet,Bangkok,"13.882145,105.160455",48,F,2015-05-02,active,0.89,1,0,0,auto_approved,0.385,2022
a52c8cbd-824b-493a-b18a-a45c7437db36,U000656,2022-10-07 10:42:12,10:42:12,257671.23,bill_payment,M00081,USD,success,pos,D000836,153.133.51.72,mobile_wallet,Bangkok,"16.644139,106.619761",60,F,2022-03-16,active,0.94,1,0,0,auto_approved,0.3218,2022
56dead6a-7e93-4bb2-89ae-f85015b02c93,U001302,2022-08-26 20:10:36,20:10:36,1484336.76,purchase,M00200,VND,success,atm,D000441,157.25.228.236,credit_card,Ho Chi Minh City,"12.02727,108.690016",45,M,2022-06-23,active,1.0,0,0,0,auto_approved,0.0968,2022
b954ddec-e201-481a-918b-6f9df3b25894,U000552,2022-11-30 02:13:51,02:13:51,2072668.19,online_payment,M00166,USD,success,pos,D000333,54.121.254.128,mobile_wallet,Ho Chi Minh City,"11.708332,108.6806",18,M,2021-11-02,active,0.59,0,0,0,auto_approved,0.2413,2022
0d88a864-3f78-4f46-92c7-52d02c120026,U000824,2022-04-23 02:52:56,02:52:56,1197353.66,bill_payment,M00127,USD,success,desktop,D001554,109.45.17.41,credit_card,Hanoi,"20.113884,103.553481",70,M,2018-08-12,active,0.52,1,0,0,auto_approved,0.3775,2022
7c820bcc-d89e-4847-8eef-bfc932276216,U001595,2022-01-19 18:40:03,18:40:03,251318.84,transfer,M00235,USD,success,pos,D001207,27.39.128.74,credit_card,Da Nang,"10.741394,104.42456",70,F,2016-06-02,active,0.61,1,0,0,auto_approved,0.2677,2022
b1662f48-fa4b-48c0-a287-44d216347100,U000083,2022-01-15 05:38:16,05:38:16,216840.9,online_payment,M00040,VND,success,mobile,D000616,182.38.170.201,credit_card,Kuala Lumpur,"17.253248,108.510799",44,F,2014-11-13,active,0.7,0,0,0,auto_approved,0.1009,2022
806853c9-5435-4e4f-a268-22d56d9bc9dd,U001236,2022-10-15 01:14:38,01:14:38,362814.64,bill_payment,M00075,USD,failed,atm,D000955,64.154.180.143,bank_transfer,Singapore,"11.313107,103.245133",43,M,2015-01-24,active,0.9,0,0,0,auto_approved,0.2329,2022
a4f8bbd2-1a68-4739-8c4d-fc0a603d834b,U000421,2022-09-22 00:33:34,00:33:34,372709.56,cash_withdrawal,M00299,USD,success,pos,D001113,198.132.110.111,mobile_wallet,Singapore,"18.246954,106.038643",25,M,2020-01-27,active,0.98,0,0,0,auto_approved,0.4002,2022
e40d08c5-bbaa-49ea-b62a-32c5ffa8f148,U000016,2022-01-28 16:52:33,16:52:33,373296.35,online_payment,M00341,VND,success,atm,D001058,192.223.129.255,bank_transfer,Hanoi,"21.04544,105.395254",32,F,2014-02-21,active,0.68,0,0,0,auto_approved,0.0517,2022
5763112e-713f-4bb0-a656-b33bdc9a62ea,U001360,2022-06-17 07:49:57,07:49:57,1027003.8,online_payment,M00471,VND,success,mobile,D002900,192.167.11.13,debit_card,Singapore,"15.135772,106.221796",25,F,2018-06-02,active,0.84,0,0,0,auto_approved,0.2189,2022
4f85573c-495e-47b0-929d-e8e69ea41acd,U000509,2022-08-06 17:02:45,17:02:45,450520.0,purchase,M00237,USD,success,mobile,D001052,47.148.46.16,bank_transfer,Kuala Lumpur,"11.662573,105.561896",68,F,2017-03-05,active,0.96,0,0,0,auto_approved,0.0383,2022
a9847d66-658e-4a8f-bf6b-5c88c1d5c7d5,U000298,2022-05-09 13:13:38,13:13:38,969602.0,bill_payment,M00391,USD,success,atm,D000176,136.27.195.76,bank_transfer,Singapore,"11.178374,104.339129",53,M,2021-07-12,active,0.82,0,0,0,auto_approved,0.1,2022
688152c8-367a-4948-b4a1-4963c67c1e6c,U000459,2022-07-24 10:05:37,10:05:37,420825.06,purchase,M00279,USD,failed,atm,D002648,180.91.17.204,mobile_wallet,Da Nang,"8.149104,104.706265",31,F,2015-06-15,active,0.93,0,1,0,auto_approved,0.3202,2022
3fdfbdf3-6294-4af1-94b8-3b0369d27d83,U000956,2022-10-26 02:37:11,02:37:11,1164069.3,bill_payment,M00349,VND,success,desktop,D002528,123.235.201.115,bank_transfer,Singapore,"21.251575,104.239856",24,M,2018-04-22,active,0.66,0,0,0,auto_approved,0.4401,2022
fd6ba121-36ed-48ef-8f01-e8080b8eb6e2,U001473,2022-04-26 19:03:45,19:03:45,115166.05,bill_payment,M00380,VND,success,pos,D001333,17.240.133.228,mobile_wallet,Hanoi,"17.700639,107.775735",60,F,2014-12-05,active,0.95,0,0,0,auto_approved,0.0481,2022
49ffbd62-824b-4ccc-91be-9e8f569d0a67,U001809,2022-12-20 08:25:08,08:25:08,196426.34,bill_payment,M00047,USD,success,atm,D002588,14.197.14.102,credit_card,Singapore,"13.882403,102.630429",21,F,2021-07-31,active,0.8,1,0,0,auto_approved,0.4634,2022
d6abe9fb-1db3-40ce-9c06-5b4e04d9f7b8,U000380,2022-01-25 18:11:18,18:11:18,1320089.06,bill_payment,M00416,VND,success,pos,D002321,153.51.56.7,credit_card,Singapore,"9.793798,105.642995",29,M,2018-10-21,active,0.7,0,0,0,auto_approved,0.2814,2022
56d05d38-d529-485f-9a5b-3170f1f9b012,U000430,2022-01-08 08:58:09,08:58:09,370274.48,transfer,M00074,USD,success,atm,D001805,5.176.247.220,bank_transfer,Ho Chi Minh City,"14.302417,104.166325",39,F,2015-07-25,active,0.9,0,0,0,auto_approved,0.169,2022
b69428c5-ddd2-4e25-9c6b-f4098142f544,U001142,2022-03-08 15:31:18,15:31:18,1268935.37,bill_payment,M00146,VND,success,desktop,D000403,59.159.48.181,credit_card,Singapore,"9.338329,106.00968",55,M,2016-02-13,blocked,0.51,0,1,0,auto_approved,0.3189,2022
f61feb1e-830b-4f25-a49b-bfb7f4372528,U000297,2022-01-18 04:39:58,04:39:58,306014.37,online_payment,M00443,USD,success,pos,D001310,5.151.218.76,credit_card,Bangkok,"9.058697,102.889059",24,F,2016-06-06,active,0.99,0,0,0,auto_approved,0.1485,2022
5791d21f-15e5-4e50-87c0-bce9ed3ac23a,U001791,2022-03-27 14:42:41,14:42:41,1124885.29,purchase,M00123,VND,success,atm,D000106,37.126.238.231,credit_card,Singapore,"12.716352,103.144968",42,F,2017-07-20,active,0.91,1,0,0,auto_approved,0.4143,2022
ee5c959b-7f17-463f-9a4e-4b0817c4ecec,U000734,2022-05-07 19:25:00,19:25:00,324706.22,cash_withdrawal,M00313,USD,success,atm,D001987,52.216.144.27,credit_card,Ho Chi Minh City,"21.799832,102.321235",62,F,2021-05-30,active,0.67,0,0,0,auto_approved,0.2291,2022
2b899b29-d52d-4839-bbe5-9fb1812b0ec9,U000980,2022-01-25 23:20:55,23:20:55,219068.87,cash_withdrawal,M00341,VND,success,pos,D002033,39.49.145.139,mobile_wallet,Hanoi,"20.82129,108.803756",27,F,2019-07-15,active,0.77,0,1,0,auto_approved,0.4014,2022
a9d028bf-1a40-4b73-9e02-24f1604e1dfa,U001804,2022-01-26 20:10:47,20:10:47,275314.33,bill_payment,M00463,VND,success,mobile,D001794,154.193.243.114,debit_card,Kuala Lumpur,"16.152413,102.74674",65,M,2017-11-23,active,0.95,0,0,0,auto_approved,0.2396,2022
12e22435-3976-4455-a3f2-f4d6436ac5b8,U001346,2022-08-06 00:33:48,00:33:48,500558.65,cash_withdrawal,M00133,VND,success,atm,D001257,237.179.17.42,debit_card,Hanoi,"15.23122,103.348496",52,F,2018-12-06,active,0.99,0,0,0,auto_approved,0.1023,2022
960181c7-bde1-4517-ace5-2c7b19d7d456,U001468,2022-09-05 12:40:40,12:40:40,925585.94,cash_withdrawal,M00080,USD,failed,pos,D000553,45.76.106.86,bank_transfer,Singapore,"12.716899,104.297183",19,M,2014-10-20,active,0.48,0,0,0,auto_approved,0.2043,2022
158f2bbf-e866-464d-90cb-0e5fd8a5a0ad,U000562,2022-12-24 11:20:37,11:20:37,671436.07,cash_withdrawal,M00026,USD,success,pos,D002983,192.150.71.78,debit_card,Da Nang,"16.237985,102.342871",40,F,2015-03-18,active,0.47,0,0,0,auto_approved,0.37,2022
07824666-9df8-4c25-b910-562648439fa2,U000210,2022-08-14 05:21:45,05:21:45,483221.5,cash_withdrawal,M00187,USD,success,pos,D001461,81.225.143.52,debit_card,Kuala Lumpur,"10.40935,102.919028",60,F,2016-10-10,active,0.5,0,0,0,auto_approved,0.2552,2022
3fcc5f3f-4712-4826-9f9e-b3b04d5f9fd5,U000582,2022-06-28 18:33:17,18:33:17,47879.85,transfer,M00029,USD,success,pos,D002957,154.98.2.154,credit_card,Da Nang,"15.711112,104.327189",56,F,2020-04-21,active,0.49,0,0,0,auto_approved,0.323,2022
536dad29-d1e0-4450-bbd6-e22c08ee8cd5,U000080,2022-01-29 20:47:42,20:47:42,3700.67,transfer,M00433,VND,success,atm,D000981,59.208.90.155,debit_card,Hanoi,"8.060937,104.246901",55,M,2020-04-06,active,1.0,0,0,0,auto_approved,0.3716,2022
7e8b78dd-805d-4a30-9bcb-e2f1e1944156,U001686,2022-08-12 15:45:21,15:45:21,162827.81,bill_payment,M00119,VND,success,desktop,D000070,214.128.164.234,debit_card,Bangkok,"15.278861,105.096033",41,F,2015-07-19,active,0.93,0,0,0,auto_approved,0.0869,2022
5ca04130-a6ee-4e03-a7da-6b8960950fee,U001209,2022-04-06 05:06:22,05:06:22,1769761.42,transfer,M00182,USD,pending,desktop,D001428,251.131.29.210,debit_card,Da Nang,"9.457383,106.449833",55,F,2020-11-21,active,0.87,0,0,0,auto_approved,0.397,2022
b1e18cf5-c911-4138-8ad9-2dfa7c892058,U001658,2022-03-04 16:50:53,16:50:53,632068.08,bill_payment,M00304,USD,success,atm,D002456,59.19.142.75,debit_card,Bangkok,"9.538243,104.86268",39,M,2020-11-02,active,0.64,3,1,0,auto_approved,0.4583,2022
e8fece25-3fa9-419b-bee5-3c80ff2ec9f0,U000817,2022-11-19 16:32:31,16:32:31,517184.33,purchase,M00029,VND,success,atm,D001045,51.188.80.231,debit_card,Hanoi,"20.986637,103.684287",33,M,2016-09-27,active,0.85,1,0,0,auto_approved,0.3518,2022
c01c2a9e-c9ef-4343-ad87-4e876a3ff418,U000252,2022-07-18 08:10:35,08:10:35,311969.52,bill_payment,M00499,USD,success,pos,D000009,151.77.57.63,mobile_wallet,Da Nang,"15.47601,102.466014",56,F,2016-09-26,active,0.64,0,0,0,auto_approved,0.0797,2022
1d62ea75-ec22-4c80-8fdf-05e68b8bae33,U000182,2022-03-05 06:12:19,06:12:19,332134.87,cash_withdrawal,M00188,VND,success,desktop,D001966,180.175.8.167,mobile_wallet,Hanoi,"12.137166,102.400724",42,F,2016-12-26,active,0.62,0,0,0,auto_approved,0.0184,2022
d14987a9-16e3-4ad2-ab26-4930a18ea59d,U001609,2022-11-01 12:21:29,12:21:29,25363.18,transfer,M00497,USD,success,atm,D002398,165.227.88.35,mobile_wallet,Hanoi,"14.285582,104.448081",33,F,2018-09-17,active,0.53,0,0,0,auto_approved,0.3086,2022
682a7979-db3c-44c9-ac2b-7deda7304cd7,U001623,2022-09-22 13:53:30,13:53:30,155697.33,cash_withdrawal,M00016,VND,success,atm,D002087,196.104.244.106,credit_card,Hanoi,"11.579437,103.223684",50,F,2017-12-16,active,0.51,0,0,0,auto_approved,0.1512,2022
31f1e77c-8d28-4e6d-95c2-162ede2891f2,U000722,2022-02-22 02:45:08,02:45:08,1483940.46,cash_withdrawal,M00135,USD,pending,pos,D000764,64.253.168.181,mobile_wallet,Singapore,"8.384218,105.562371",43,F,2018-04-09,active,0.69,0,1,0,auto_approved,0.3483,2022
4e5d3256-e36e-4450-be1c-15fdc4f4bf63,U001271,2022-08-09 08:10:07,08:10:07,2097850.87,bill_payment,M00089,VND,success,mobile,D000601,129.196.53.72,debit_card,Kuala Lumpur,"12.905038,107.536025",35,M,2016-08-06,active,0.51,0,1,0,auto_approved,0.4412,2022
08b98ed5-861f-46c9-aab2-b0508610ec66,U000321,2022-06-27 18:20:50,18:20:50,297840.3,online_payment,M00203,VND,success,atm,D001645,144.100.185.15,bank_transfer,Ho Chi Minh City,"8.382349,106.484643",66,F,2014-07-07,active,0.97,0,0,0,auto_approved,0.223,2022
482f6cf5-88e1-4a95-a596-f7db4b5f5ef6,U001727,2022-11-14 08:03:16,08:03:16,806363.97,purchase,M00041,USD,success,atm,D001488,83.83.89.167,credit_card,Hanoi,"19.544738,108.420355",35,F,2019-03-11,active,0.95,0,0,0,auto_approved,0.3316,2022
940efad4-e37b-4f1f-a74e-2c5538ff2ca1,U000606,2022-08-09 04:05:46,04:05:46,3268102.05,online_payment,M00220,VND,failed,desktop,D001286,128.252.48.65,mobile_wallet,Ho Chi Minh City,"16.298366,104.492664",48,M,2016-10-08,active,0.64,1,1,0,auto_approved,0.6341,2022
c2fb9edf-220f-4587-b743-f562db10540e,U001968,2022-12-13 12:24:26,12:24:26,419620.14,transfer,M00163,USD,success,atm,D001416,83.165.131.161,debit_card,Hanoi,"21.398268,106.623865",38,M,2018-03-04,active,0.87,0,0,0,auto_approved,0.3702,2022
7d1b7908-f0bb-4828-a96f-2f046599c3c6,U001612,2022-07-23 09:02:07,09:02:07,21186.07,bill_payment,M00296,VND,success,atm,D001124,88.58.255.98,credit_card,Kuala Lumpur,"8.144613,108.60772",59,F,2019-12-14,active,0.88,0,0,0,auto_approved,0.1978,2022
9bcae2eb-c95e-4da3-ae5c-2d587a1ada7d,U000006,2022-07-08 09:07:38,09:07:38,673188.79,transfer,M00269,USD,failed,mobile,D001846,78.39.78.87,debit_card,Da Nang,"17.588985,105.469745",42,F,2014-05-07,active,0.78,0,1,0,auto_approved,0.2202,2022
61fb1724-8217-4e48-9d06-be84d9c9cd0f,U001100,2022-04-23 13:29:48,13:29:48,506823.35,online_payment,M00158,USD,success,desktop,D002989,81.92.188.69,credit_card,Kuala Lumpur,"11.842979,102.532555",58,M,2021-06-17,active,0.51,0,0,0,auto_approved,0.0341,2022
e6d2ad12-7f38-4d21-a8f0-e792c17279d1,U000133,2022-04-28 22:50:39,22:50:39,1546705.08,transfer,M00339,VND,success,pos,D001772,166.146.243.245,debit_card,Bangkok,"10.758893,108.898136",40,M,2014-04-26,active,0.91,0,0,0,auto_approved,0.1024,2022
99b5cf50-f597-4c5d-abb4-777365e0c45f,U001643,2022-06-20 16:35:54,16:35:54,47894.29,cash_withdrawal,M00087,VND,success,desktop,D000216,84.223.140.181,credit_card,Kuala Lumpur,"13.315242,104.261228",55,F,2021-01-20,active,0.78,0,0,0,auto_approved,0.4229,2022
a2a17953-5c8a-4a1f-9ad8-21c54bfef66d,U000344,2022-02-24 00:35:33,00:35:33,615467.99,bill_payment,M00414,USD,success,mobile,D000088,85.118.203.55,mobile_wallet,Bangkok,"12.399839,102.379898",50,F,2013-12-08,active,0.64,0,0,0,auto_approved,0.0134,2022
0c55920f-f167-4d7a-8726-2a45f4f6b8a6,U001506,2022-09-25 09:06:52,09:06:52,364066.15,purchase,M00080,USD,success,pos,D001371,61.99.125.32,mobile_wallet,Kuala Lumpur,"8.162932,103.530278",26,F,2014-12-25,active,0.52,0,1,0,auto_approved,0.365,2022
87c7a5b7-096c-498c-a72f-c9d682054dca,U000593,2022-05-26 05:46:59,05:46:59,313170.45,cash_withdrawal,M00477,USD,success,mobile,D001596,126.21.190.207,credit_card,Ho Chi Minh City,"18.07053,105.104374",55,F,2015-04-08,active,0.75,0,1,0,auto_approved,0.2992,2022
c98f19cc-75b0-4c2c-8b81-d107405d19ce,U001521,2022-09-22 22:04:03,22:04:03,52373.66,bill_payment,M00195,VND,failed,atm,D002575,32.121.86.110,credit_card,Kuala Lumpur,"18.001044,108.881079",47,M,2019-12-13,active,0.81,0,0,0,auto_approved,0.2028,2022
127657c5-bd5e-443a-b652-194927c75a8d,U001308,2022-01-08 05:58:34,05:58:34,91584.67,transfer,M00014,USD,success,desktop,D002396,52.113.20.236,bank_transfer,Kuala Lumpur,"10.882294,107.227341",63,M,2015-08-07,blocked,0.99,0,0,0,auto_approved,0.2184,2022
f786ad7a-6ce9-40ed-9269-6e3cbeff449b,U001070,2022-08-04 08:56:47,08:56:47,874752.66,purchase,M00279,USD,pending,atm,D001592,11.76.241.233,credit_card,Hanoi,"14.679615,103.949719",70,F,2020-05-23,active,0.48,0,0,0,auto_approved,0.0145,2022
86a75703-6b40-4e34-ade2-3514c09a597f,U001846,2022-01-06 20:45:58,20:45:58,747204.21,transfer,M00230,VND,success,pos,D000383,188.113.18.119,debit_card,Hanoi,"11.899109,104.622506",42,M,2020-02-25,active,0.89,0,0,0,auto_approved,0.1129,2022
6c042671-9061-451a-9aeb-616c3ebd5262,U000057,2022-07-02 14:51:01,14:51:01,15623.18,cash_withdrawal,M00096,VND,success,atm,D002148,60.58.144.245,mobile_wallet,Da Nang,"16.866756,104.509607",28,F,2020-10-15,active,0.93,1,0,0,auto_approved,0.5532,2022
21275778-391d-439b-a14b-e9820117f9ee,U000286,2022-07-20 14:23:36,14:23:36,1522560.83,transfer,M00001,USD,success,pos,D001207,1.9.199.119,credit_card,Hanoi,"18.670719,107.55061",19,F,2014-11-28,active,0.74,0,0,0,auto_approved,0.3286,2022
b91cd0d2-5f9e-4e6f-bf0f-961583a2a5a9,U000631,2022-08-07 22:42:51,22:42:51,349974.15,cash_withdrawal,M00207,VND,success,mobile,D000074,102.111.227.78,mobile_wallet,Da Nang,"18.006598,104.029651",56,F,2018-04-15,active,0.83,0,0,0,auto_approved,0.3005,2022
4860bee2-3f76-43c1-bdbd-cd8e332b6f82,U001380,2022-11-10 04:39:18,04:39:18,156829.7,bill_payment,M00402,VND,success,desktop,D000053,249.109.218.208,credit_card,Bangkok,"17.319248,106.726862",49,F,2016-09-06,active,0.97,0,1,0,auto_approved,0.4532,2022
4592ebb1-af60-45fe-928d-17ce4454935d,U001520,2022-02-03 04:18:26,04:18:26,1808597.16,bill_payment,M00115,USD,success,desktop,D002571,241.5.63.84,bank_transfer,Hanoi,"20.841112,104.045302",32,F,2018-07-28,active,0.51,0,0,0,auto_approved,0.1827,2022
bb565a39-9793-4a53-abca-3cf32b9eda54,U000411,2022-02-15 01:05:18,01:05:18,8050.0,bill_payment,M00165,VND,success,atm,D001712,180.195.117.191,debit_card,Ho Chi Minh City,"18.934258,106.825326",34,M,2019-03-21,active,0.71,0,0,0,auto_approved,0.1434,2022
e2904f05-ce01-48ae-a752-cbf57f716d9c,U001484,2022-03-09 09:55:26,09:55:26,3159175.63,bill_payment,M00243,VND,success,pos,D001626,126.216.18.33,debit_card,Kuala Lumpur,"14.338324,105.151364",63,F,2015-10-24,active,0.89,0,1,0,auto_approved,0.344,2022
5c8e67af-d366-48b9-9ac6-3d17c9fe2bac,U001760,2022-11-09 08:49:09,08:49:09,810242.54,transfer,M00051,VND,success,pos,D000753,247.92.34.163,credit_card,Hanoi,"13.200724,104.903459",69,F,2020-07-04,active,1.0,0,0,0,auto_approved,0.3782,2022
b935e662-3d84-4b51-8cc3-0f1bbd35dbf2,U001378,2022-11-12 04:06:17,04:06:17,241216.97,cash_withdrawal,M00346,VND,success,mobile,D002530,89.140.56.212,credit_card,Ho Chi Minh City,"21.52362,105.1164",38,F,2020-11-05,active,0.54,0,0,0,auto_approved,0.0953,2022
19c0f460-05d3-481e-a542-9ab19bad88e3,U000604,2022-09-02 00:56:05,00:56:05,1053918.83,cash_withdrawal,M00437,USD,success,mobile,D002032,93.226.186.94,bank_transfer,Bangkok,"12.204494,104.104006",31,M,2015-09-11,active,0.82,2,1,0,auto_approved,0.1529,2022
80c4db4f-5445-4f42-89ed-b02554d26740,U000775,2022-10-25 15:15:30,15:15:30,1654412.02,cash_withdrawal,M00343,USD,failed,desktop,D002132,2.65.240.216,credit_card,Bangkok,"16.464603,107.94341",28,F,2018-06-08,blocked,0.99,0,0,0,auto_approved,0.1726,2022
1f2cc33a-6d0d-447c-b8da-1ccbdb66a6f1,U000174,2022-02-17 06:23:13,06:23:13,1962699.61,cash_withdrawal,M00250,VND,success,mobile,D002570,87.62.243.141,mobile_wallet,Ho Chi Minh City,"10.921601,108.786678",28,M,2018-03-09,active,0.59,0,1,0,auto_approved,0.3887,2022
f86f874a-a216-4cf2-9e59-eace2b3eb93a,U000304,2022-06-05 06:47:21,06:47:21,84430.25,bill_payment,M00119,VND,success,desktop,D002594,170.198.31.190,debit_card,Hanoi,"17.608994,106.056785",19,M,2015-10-29,active,0.92,0,0,0,auto_approved,0.1045,2022
84e98e1e-9865-4ff5-bdca-738a11552974,U001325,2022-10-25 22:38:53,22:38:53,2172745.92,bill_payment,M00351,VND,success,desktop,D001863,219.161.22.254,bank_transfer,Da Nang,"21.98879,106.231682",66,F,2020-03-14,active,0.98,0,0,0,auto_approved,0.0332,2022
a07608e5-f065-40f1-b95d-cff2d3461970,U001382,2022-05-18 11:20:55,11:20:55,329654.13,cash_withdrawal,M00093,VND,success,pos,D002304,94.137.106.241,debit_card,Kuala Lumpur,"21.644829,102.835271",67,F,2018-06-16,active,0.57,0,0,0,auto_approved,0.2683,2022
57d93555-6045-4c71-b81d-b6288c755b93,U000225,2022-08-24 17:24:00,17:24:00,65654.98,transfer,M00160,VND,success,pos,D002800,141.70.105.183,mobile_wallet,Ho Chi Minh City,"20.994211,108.420562",53,M,2020-02-15,active,0.86,0,0,0,auto_approved,0.2757,2022
9a1812b5-489c-45d4-b2ed-af0fe3832c25,U000666,2022-07-11 17:32:24,17:32:24,113444.44,cash_withdrawal,M00301,USD,success,desktop,D002918,21.224.81.46,debit_card,Kuala Lumpur,"19.08316,106.730021",65,F,2021-02-14,active,0.69,0,0,0,auto_approved,0.2101,2022
93979d3b-f345-4456-bf2f-d53ed641ca90,U001107,2022-06-30 22:39:54,22:39:54,517443.33,bill_payment,M00091,VND,pending,desktop,D002504,44.152.218.152,mobile_wallet,Kuala Lumpur,"10.192055,102.762196",57,M,2020-11-04,active,0.99,0,0,0,auto_approved,0.1486,2022
905ec7fa-b646-4109-ac2b-c62d74ddd5d3,U001777,2022-10-23 07:30:11,07:30:11,478408.21,cash_withdrawal,M00430,VND,success,mobile,D000565,182.109.164.55,debit_card,Hanoi,"9.666132,107.61685",19,F,2020-04-18,active,0.85,0,0,0,auto_approved,0.3492,2022
52e2d58d-2d95-4e59-8eb0-1cd54861bc4b,U001050,2022-06-24 07:34:36,07:34:36,1634439.46,purchase,M00477,VND,success,desktop,D002268,126.44.239.91,debit_card,Ho Chi Minh City,"18.453764,104.867004",37,M,2016-09-26,active,0.84,0,0,0,auto_approved,0.1407,2022
471235e4-4d22-48a7-aa19-c5a72273a708,U000102,2022-02-16 16:11:23,16:11:23,373760.98,bill_payment,M00208,USD,success,desktop,D000287,36.32.37.23,credit_card,Ho Chi Minh City,"17.304179,105.533498",56,F,2013-12-12,active,0.65,0,1,1,pending_review,0.5445,2022
82daf419-df9e-4799-afac-9b277a7c372c,U001618,2022-07-23 03:22:20,03:22:20,206822.06,purchase,M00499,VND,success,atm,D002398,187.46.119.167,mobile_wallet,Kuala Lumpur,"17.789845,106.921855",48,F,2018-01-28,active,0.85,0,0,0,auto_approved,0.4439,2022
2a3b72bf-844a-468b-834f-b1b11f919d4b,U000233,2022-12-24 23:56:30,23:56:30,381306.77,purchase,M00192,VND,success,desktop,D001393,42.80.234.16,debit_card,Hanoi,"20.834227,102.417452",30,M,2020-11-02,active,0.64,0,0,0,auto_approved,0.3657,2022
9551e222-7689-4415-bce6-a95754bafc1b,U001011,2022-07-11 21:23:02,21:23:02,317767.96,online_payment,M00273,USD,success,atm,D002180,125.45.57.172,bank_transfer,Singapore,"17.538562,105.276315",32,M,2022-03-06,active,0.77,0,0,0,auto_approved,0.1642,2022
23b34dba-8099-4336-9364-e614b23a2504,U001531,2022-10-17 16:26:12,16:26:12,851935.99,online_payment,M00416,USD,success,desktop,D000884,17.40.94.162,credit_card,Da Nang,"10.366371,108.530557",22,F,2020-01-04,active,0.77,0,0,0,auto_approved,0.0928,2022
291f66f5-6906-42fb-a126-1ccfaa596ee2,U000908,2022-07-02 18:24:18,18:24:18,2209442.52,purchase,M00188,USD,success,atm,D000823,9.69.89.81,bank_transfer,Hanoi,"14.619599,106.475447",49,M,2020-11-12,active,0.86,0,0,0,auto_approved,0.1566,2022
5a6f5e60-4542-40d6-a138-f9850a988c32,U000907,2022-02-14 12:38:05,12:38:05,312373.59,cash_withdrawal,M00125,USD,success,mobile,D000909,204.172.6.165,credit_card,Singapore,"8.784708,102.78147",46,M,2019-11-21,active,0.84,0,0,0,auto_approved,0.1853,2022
c83bbfe3-1a7c-4202-a506-1612aa625bec,U000440,2022-08-14 07:11:21,07:11:21,1077303.24,online_payment,M00337,VND,success,mobile,D000951,124.117.237.160,mobile_wallet,Hanoi,"8.686615,103.399197",34,F,2015-02-06,active,0.52,0,0,0,auto_approved,0.0233,2022
de7de9be-8d33-42ec-a963-120f39312a64,U000882,2022-11-15 16:52:06,16:52:06,142488.67,cash_withdrawal,M00349,VND,success,atm,D002609,97.68.235.172,debit_card,Ho Chi Minh City,"12.380335,105.634023",33,F,2015-06-06,active,0.51,1,0,0,auto_approved,0.1554,2022
f2b9f5af-25c4-4358-a756-d39c760f6604,U000142,2022-05-30 01:51:22,01:51:22,1689908.35,bill_payment,M00018,USD,success,pos,D000577,60.8.35.55,debit_card,Da Nang,"13.528357,104.265223",35,M,2019-03-02,active,0.88,0,0,0,auto_approved,0.3823,2022
a181c25e-eea1-41d6-aa84-5ea492fdb3d9,U001613,2022-07-25 22:16:22,22:16:22,3011417.14,cash_withdrawal,M00468,USD,success,pos,D001262,196.177.193.182,mobile_wallet,Da Nang,"15.648714,102.275037",35,M,2019-10-05,active,0.95,0,1,0,auto_approved,0.3,2022
e71f2f1b-e060-4b4f-97a8-e283d2c1def5,U001066,2022-05-14 02:48:17,02:48:17,437131.15,cash_withdrawal,M00353,USD,success,desktop,D001600,134.223.31.241,bank_transfer,Kuala Lumpur,"10.721903,104.880294",47,F,2015-06-27,active,0.89,0,0,0,auto_approved,0.1396,2022
fd0ca3f4-a195-473c-bf06-2f8cf4b36660,U001211,2022-03-25 23:53:09,23:53:09,494067.93,purchase,M00334,VND,success,mobile,D000018,83.233.228.120,mobile_wallet,Bangkok,"10.096663,103.032753",26,F,2021-08-07,active,0.97,0,0,0,auto_approved,0.0627,2022
e78d6f98-23bd-4e4b-8fbf-c479636b9f99,U000459,2022-12-08 09:20:15,09:20:15,1737144.93,cash_withdrawal,M00401,USD,success,pos,D001652,23.12.68.224,credit_card,Singapore,"16.293287,108.206871",41,M,2022-04-04,active,0.79,0,0,0,auto_approved,0.2757,2022
720d92b9-1118-46a1-99c1-08b82d44bdb8,U001966,2022-09-10 12:26:53,12:26:53,304606.23,cash_withdrawal,M00332,VND,success,desktop,D002404,110.206.76.67,debit_card,Bangkok,"11.115161,106.167062",54,M,2015-02-24,active,0.57,0,0,0,auto_approved,0.3077,2022
0fb04fe8-335e-454d-9b51-45a92278f44f,U000838,2022-11-25 05:38:33,05:38:33,249060.11,purchase,M00155,USD,success,atm,D002406,233.244.48.118,mobile_wallet,Singapore,"19.968861,103.168969",59,M,2020-03-08,active,0.77,2,1,0,auto_approved,0.5909,2022
9042f704-9a1e-4be3-8585-d9269ee3aa4f,U000488,2022-10-01 18:48:17,18:48:17,1028381.64,purchase,M00197,USD,success,atm,D001812,27.111.100.231,bank_transfer,Bangkok,"21.190512,103.715785",50,M,2019-12-09,active,0.61,0,1,0,auto_approved,0.5406,2022
0d2ac734-4078-4e90-8290-2a2d486699ab,U001554,2022-01-18 12:45:34,12:45:34,1050207.08,online_payment,M00413,USD,success,pos,D000979,90.158.114.87,bank_transfer,Kuala Lumpur,"13.369605,103.953875",36,F,2018-03-13,active,0.67,0,0,0,auto_approved,0.1641,2022
d8d5ffb6-d97c-4593-97a8-ea5e2bb009b9,U001683,2022-03-10 14:07:03,14:07:03,2479192.8,cash_withdrawal,M00292,VND,success,pos,D001873,131.182.58.243,mobile_wallet,Bangkok,"21.867071,103.586119",66,M,2018-03-09,active,0.67,0,0,0,auto_approved,0.2409,2022
1714cd9e-eaa3-47e8-b639-2dc686864919,U000713,2022-08-01 08:31:45,08:31:45,1273795.33,purchase,M00218,USD,success,mobile,D001727,93.197.88.83,mobile_wallet,Singapore,"16.718026,102.767607",67,F,2017-06-30,active,0.88,2,1,0,auto_approved,0.2863,2022
a86625fa-93f0-4d17-b4d3-54ba5f9fb1a5,U000368,2022-01-10 17:17:13,17:17:13,297632.05,transfer,M00041,USD,success,desktop,D000928,118.110.226.90,debit_card,Hanoi,"16.879044,103.35438",24,M,2019-10-25,active,0.98,1,0,0,auto_approved,0.1436,2022
6a0aea6e-2274-456a-959a-b4bbe226262b,U000960,2022-10-24 14:00:51,14:00:51,63078.58,online_payment,M00240,VND,success,atm,D002948,108.255.46.19,credit_card,Ho Chi Minh City,"19.265048,102.945827",34,F,2018-01-31,active,0.63,0,1,1,pending_review,0.5309,2022
d8c9301d-cf9b-446b-ba1b-33d4bfa3c3a1,U000146,2022-12-06 05:21:24,05:21:24,2085865.62,purchase,M00147,VND,success,atm,D000344,42.131.170.82,credit_card,Kuala Lumpur,"9.880227,107.100918",52,M,2019-09-27,active,0.81,1,0,0,auto_approved,0.4951,2022
81fa570b-7cec-4400-8c60-f0f7895a2381,U000725,2022-08-28 04:04:57,04:04:57,1162631.62,transfer,M00291,VND,success,pos,D000818,146.187.11.75,bank_transfer,Bangkok,"10.068235,106.478671",24,F,2015-11-29,active,0.61,0,0,0,auto_approved,0.3418,2022
8caea444-57b8-4583-9b95-d54354f49904,U000654,2022-07-10 02:35:44,02:35:44,513962.14,cash_withdrawal,M00186,VND,success,desktop,D001827,185.193.13.25,credit_card,Singapore,"14.01717,108.688924",27,F,2016-03-30,active,0.86,0,0,0,auto_approved,0.3193,2022
a6964ead-ffd5-4aa8-b318-7cf22726aa1e,U001785,2022-03-05 07:50:37,07:50:37,110706.57,purchase,M00321,USD,success,mobile,D001712,223.0.173.106,credit_card,Kuala Lumpur,"8.701994,104.193488",50,M,2020-12-09,active,0.49,0,0,0,auto_approved,0.0733,2022
33aa1e1d-8bfd-48d1-9198-ac6963c35b96,U001256,2022-06-02 06:40:26,06:40:26,38835.99,online_payment,M00306,USD,success,desktop,D001183,210.238.150.17,mobile_wallet,Ho Chi Minh City,"16.570749,105.431213",21,M,2015-01-12,active,0.49,1,0,0,auto_approved,0.3993,2022
fb0175b1-d48d-46a4-a131-4aa7cbfb383c,U000647,2022-10-18 17:21:56,17:21:56,1079434.35,bill_payment,M00474,VND,success,atm,D001268,50.250.96.194,bank_transfer,Singapore,"9.624629,103.002927",20,F,2018-05-21,active,0.93,0,0,0,auto_approved,0.1001,2022
ba76a358-20f6-4069-afe9-bf2b357e16b2,U000790,2022-04-12 15:01:52,15:01:52,197358.9,bill_payment,M00382,USD,failed,mobile,D001819,201.39.64.118,debit_card,Ho Chi Minh City,"9.413153,107.257187",59,F,2014-10-18,active,0.69,2,1,0,auto_approved,0.5178,2022
90ee490f-3f8b-4aaa-8836-5ab0b24f64bc,U000208,2022-07-09 01:31:15,01:31:15,432389.99,purchase,M00103,VND,success,mobile,D001862,130.51.216.24,bank_transfer,Singapore,"10.35305,103.090189",21,F,2019-07-07,active,0.46,0,0,0,auto_approved,0.0893,2022
d81cea5b-1d5d-48ad-81c4-9ee6de86c8ef,U001223,2022-12-27 06:42:23,06:42:23,77832.76,bill_payment,M00161,USD,success,mobile,D000608,112.19.125.249,mobile_wallet,Hanoi,"18.103974,105.655922",35,F,2021-11-12,under_review,0.77,0,0,0,auto_approved,0.3704,2022
c41d4430-92dd-434a-ab50-2171547cb425,U000160,2022-04-28 12:55:03,12:55:03,387241.32,transfer,M00414,USD,success,pos,D000956,18.101.234.217,bank_transfer,Hanoi,"13.295622,106.681462",50,M,2020-01-26,active,0.86,3,1,0,auto_approved,0.4501,2022
0f9a9853-5989-443e-b546-2dea0d305114,U000600,2022-10-27 01:48:53,01:48:53,51777.12,transfer,M00420,USD,success,mobile,D002540,136.224.18.134,bank_transfer,Hanoi,"9.667516,106.254083",44,M,2020-09-30,active,0.47,0,0,0,auto_approved,0.4439,2022
a91c1d0f-0604-40f9-b4a2-b54949b32836,U000130,2022-11-12 05:03:55,05:03:55,58173.95,purchase,M00412,VND,success,desktop,D000149,143.113.173.92,mobile_wallet,Hanoi,"12.89146,106.753195",27,F,2015-12-13,active,0.83,0,0,0,auto_approved,0.4326,2022
7a11023f-03da-4adf-94a8-9208413a2389,U001418,2022-07-19 15:05:28,15:05:28,1022772.31,cash_withdrawal,M00135,USD,success,atm,D002146,174.252.255.7,debit_card,Kuala Lumpur,"10.137704,108.323734",28,M,2021-03-07,active,0.83,0,0,0,auto_approved,0.3613,2022
c5c1452e-fd91-4554-9407-7268f717e993,U000969,2022-03-11 22:29:21,22:29:21,1315213.32,transfer,M00374,VND,success,mobile,D002027,136.206.12.218,credit_card,Singapore,"21.17233,104.896706",44,F,2019-01-13,active,0.82,2,1,0,auto_approved,0.3073,2022
5e44cf9b-a743-4fc7-aa8c-94e458d36fa6,U000167,2022-10-11 11:31:12,11:31:12,195643.16,online_payment,M00151,USD,pending,mobile,D000091,219.238.49.138,mobile_wallet,Bangkok,"12.195202,108.739531",52,F,2022-08-26,under_review,0.85,0,1,0,auto_approved,0.3986,2022
2f5db858-61f3-492a-a6fd-99c447b6f053,U001681,2022-01-03 09:13:14,09:13:14,1672430.5,purchase,M00165,VND,success,mobile,D001225,173.60.20.129,bank_transfer,Singapore,"16.621466,104.87836",43,M,2017-11-21,active,0.72,0,0,0,auto_approved,0.4247,2022
176d1df1-50fe-4db5-af1c-1b6871ec78f5,U000652,2022-09-25 13:30:03,13:30:03,127684.27,purchase,M00104,VND,success,atm,D002914,204.232.3.57,debit_card,Bangkok,"14.099191,108.608609",41,F,2018-05-13,active,0.87,0,0,0,auto_approved,0.1846,2022
283fdab5-04ff-4f19-a4d1-d54d13c018ff,U001074,2022-10-14 17:16:08,17:16:08,61529.09,purchase,M00422,USD,success,mobile,D000856,124.5.198.172,bank_transfer,Hanoi,"18.867821,108.760192",52,M,2021-07-18,active,0.85,0,0,0,auto_approved,0.444,2022
1d6a82e3-d870-42db-a4a8-3973a83f636b,U001986,2022-08-12 17:55:52,17:55:52,369681.51,bill_payment,M00104,VND,success,desktop,D002265,219.157.194.193,mobile_wallet,Da Nang,"13.252757,107.308849",58,F,2016-07-22,active,0.72,0,0,0,auto_approved,0.3881,2022
2ac579e1-4041-4e21-bfee-06b390e731fe,U000170,2022-01-19 17:28:30,17:28:30,1141446.95,online_payment,M00166,VND,success,desktop,D001379,92.251.210.211,credit_card,Bangkok,"8.841948,104.327199",56,M,2018-09-15,active,0.71,0,0,0,auto_approved,0.283,2022
68e7bda7-e87f-44bb-887d-b6de8c6be218,U001964,2022-10-12 01:48:48,01:48:48,913440.83,online_payment,M00297,USD,success,pos,D001064,118.14.66.129,credit_card,Kuala Lumpur,"8.455982,105.881336",69,F,2016-09-29,active,0.95,0,0,0,auto_approved,0.2577,2022
bd357766-4736-4510-97b1-63ef31876e65,U000341,2022-01-13 14:29:31,14:29:31,637844.19,cash_withdrawal,M00365,USD,success,pos,D002265,152.219.17.54,credit_card,Da Nang,"16.13478,104.826185",59,F,2017-08-23,active,0.85,0,0,0,auto_approved,0.0625,2022
1f38185e-f5be-4fd5-a65a-41f515470338,U001830,2022-03-02 20:03:51,20:03:51,583225.72,bill_payment,M00385,USD,success,desktop,D000577,245.31.254.99,mobile_wallet,Hanoi,"16.604759,108.984834",36,F,2014-06-13,active,0.9,0,0,0,auto_approved,0.2508,2022
d42b0862-ba07-4a81-ad4e-9b1f75b25e31,U001428,2022-04-15 22:57:17,22:57:17,723215.1,online_payment,M00250,VND,success,desktop,D000021,177.73.51.73,credit_card,Hanoi,"16.029392,103.615071",59,F,2018-11-14,active,0.53,0,0,0,auto_approved,0.2579,2022
a992e92d-e768-44d9-b4cc-42bd1e4c01c9,U001523,2022-03-02 05:38:42,05:38:42,343296.19,online_payment,M00110,USD,success,mobile,D002862,101.198.92.204,debit_card,Singapore,"17.559621,106.563737",57,M,2019-05-21,active,0.68,1,0,0,auto_approved,0.1864,2022
0b6a5967-2d67-40dc-b240-b4a0d2f2e919,U000658,2022-08-27 06:48:22,06:48:22,680067.42,online_payment,M00140,USD,success,pos,D002505,146.27.196.68,credit_card,Singapore,"19.470963,104.056998",43,F,2016-11-08,active,0.7,0,0,0,auto_approved,0.018,2022
43254cfc-ccb5-4e33-b33f-ba753ddcb066,U000310,2022-06-03 06:46:50,06:46:50,195803.47,cash_withdrawal,M00033,VND,success,mobile,D001282,145.107.180.59,mobile_wallet,Ho Chi Minh City,"14.068335,103.307995",27,M,2018-08-16,active,0.93,0,0,0,auto_approved,0.3545,2022
b0b89e28-07a3-4998-988f-5b81952f6c1c,U001550,2022-10-05 05:41:37,05:41:37,1499582.17,cash_withdrawal,M00042,USD,success,atm,D001657,83.143.41.161,mobile_wallet,Singapore,"18.354326,102.520201",69,F,2015-08-18,under_review,0.53,0,0,0,auto_approved,0.324,2022
65cf42b1-0139-4e66-9f05-15196d837e1c,U000452,2022-12-22 10:13:59,10:13:59,213558.82,purchase,M00363,USD,success,atm,D000109,140.209.204.95,mobile_wallet,Hanoi,"13.769959,103.606609",52,F,2016-10-02,active,0.61,0,0,0,auto_approved,0.3996,2022
29f2f664-b58b-4960-bb78-7040951aee53,U000040,2022-12-10 21:12:36,21:12:36,1270048.82,cash_withdrawal,M00086,VND,success,desktop,D001938,171.237.79.70,bank_transfer,Da Nang,"16.190808,105.543359",39,F,2022-04-21,active,0.62,0,1,0,auto_approved,0.5415,2022
39046ec4-ed89-4295-b650-b5cf5243ed17,U001772,2022-12-04 22:52:05,22:52:05,26316.41,purchase,M00202,VND,success,pos,D000533,225.160.125.101,debit_card,Bangkok,"14.593287,103.103671",43,F,2018-12-07,active,0.6,0,0,0,auto_approved,0.1882,2022
4f477198-785f-4d76-9479-56e442502e5f,U000143,2022-10-22 19:05:25,19:05:25,599187.91,transfer,M00316,VND,success,pos,D002636,226.132.156.244,debit_card,Hanoi,"9.987441,105.219797",35,F,2019-02-17,active,0.7,0,0,0,auto_approved,0.2921,2022
7efbfe09-672c-4103-a599-e3faa159503d,U000218,2022-10-14 12:18:21,12:18:21,121471.31,purchase,M00408,VND,success,mobile,D000110,190.13.141.112,credit_card,Kuala Lumpur,"8.14326,106.517445",34,M,2016-07-26,active,0.65,0,0,0,auto_approved,0.3061,2022
25a8a46c-6808-4cd8-8c04-0fea5f240aa3,U001884,2022-12-27 18:23:20,18:23:20,298854.02,cash_withdrawal,M00025,USD,success,desktop,D002455,131.56.65.183,mobile_wallet,Kuala Lumpur,"13.274319,103.216103",38,M,2017-05-29,active,0.78,0,0,0,auto_approved,0.112,2022
90ea86f5-4554-44d3-9eea-7f42e36b6a27,U000988,2022-11-16 08:06:49,08:06:49,1245534.33,bill_payment,M00239,USD,success,desktop,D000407,188.97.88.97,mobile_wallet,Singapore,"8.969905,104.603165",47,M,2021-06-21,active,0.67,2,1,0,auto_approved,0.3775,2022
c3fbefa7-6790-46f3-9806-6bdaf9c03fd7,U000098,2022-10-04 08:23:36,08:23:36,2318619.2,bill_payment,M00076,VND,success,pos,D001624,84.198.68.151,bank_transfer,Bangkok,"18.403378,104.980289",45,M,2017-05-07,active,0.76,0,0,0,auto_approved,0.0904,2022
2cf50b80-5a42-48cf-a1f7-31cb6dda0955,U000225,2022-12-01 11:53:13,11:53:13,726914.9,cash_withdrawal,M00129,USD,success,desktop,D000863,32.30.79.47,credit_card,Bangkok,"9.7818,104.573047",61,F,2020-07-07,active,0.5,0,0,0,auto_approved,0.1142,2022
146d30f4-a4fd-4db1-bd4b-b12644973210,U000891,2022-01-31 01:02:07,01:02:07,692776.29,cash_withdrawal,M00210,USD,success,mobile,D001191,206.241.225.50,mobile_wallet,Bangkok,"11.357883,102.374608",21,F,2021-04-03,active,0.98,0,0,0,auto_approved,0.0244,2022
3ded01e2-26aa-4254-907c-dc3fc776c3f9,U000420,2022-08-22 23:51:17,23:51:17,534481.11,online_payment,M00291,VND,success,pos,D000060,76.142.146.235,debit_card,Bangkok,"15.799459,102.300779",64,F,2017-07-20,active,0.79,0,0,0,auto_approved,0.2419,2022
47ddb35c-f934-4ea2-a27f-1eee896975a6,U000654,2022-08-19 00:55:07,00:55:07,334428.53,cash_withdrawal,M00035,VND,success,atm,D001768,47.150.192.56,credit_card,Kuala Lumpur,"8.021953,103.952904",32,F,2017-04-05,active,0.78,0,0,0,auto_approved,0.3194,2022
2c46f20b-8f04-46f9-9466-4a57105701aa,U000702,2022-04-08 21:23:48,21:23:48,50097.47,purchase,M00069,VND,success,atm,D000664,12.27.129.27,bank_transfer,Singapore,"18.382306,106.233461",31,M,2018-03-13,active,0.73,0,0,0,auto_approved,0.269,2022
33cd2f3c-fc27-4344-b8b1-750ef72d6005,U000962,2022-09-21 20:47:08,20:47:08,17407.51,online_payment,M00147,VND,success,mobile,D002393,74.199.150.6,credit_card,Kuala Lumpur,"20.328206,102.271451",39,M,2014-09-19,active,0.76,0,0,0,auto_approved,0.2167,2022
b3fbc6b9-8fa5-4022-8164-e220ea99c69e,U001470,2022-11-14 05:07:39,05:07:39,894556.74,online_payment,M00084,VND,failed,atm,D002545,67.173.194.176,bank_transfer,Kuala Lumpur,"10.118793,107.957634",64,M,2022-05-02,active,0.73,0,0,0,auto_approved,0.1457,2022
6e544dbf-e484-4a6c-9f95-3c8ea2fc78e1,U000873,2022-07-12 20:20:13,20:20:13,271892.92,bill_payment,M00341,USD,success,desktop,D002908,116.235.59.15,bank_transfer,Hanoi,"19.469927,107.384355",29,M,2018-05-23,active,0.95,0,0,0,auto_approved,0.3537,2022
5b37cc75-bf2f-4f8f-a2c5-0fe96fc5680d,U001900,2022-02-08 23:00:45,23:00:45,14131.88,purchase,M00026,VND,success,atm,D001756,152.171.245.184,bank_transfer,Singapore,"13.569896,104.488453",40,F,2015-11-05,active,0.86,0,1,0,auto_approved,0.62,2022
df7295c9-35e0-4acd-a0e2-5d4ac791cb2a,U001323,2022-08-02 08:08:44,08:08:44,504365.73,transfer,M00410,VND,success,desktop,D000773,187.231.191.86,mobile_wallet,Singapore,"14.345209,103.485447",63,F,2016-03-28,active,0.62,0,0,0,auto_approved,0.3559,2022
96aa4176-07d3-4a94-9778-59c833221171,U000417,2022-04-01 07:12:17,07:12:17,291191.18,transfer,M00101,USD,pending,desktop,D001452,92.20.100.32,credit_card,Singapore,"18.501963,106.535561",35,M,2017-07-08,active,0.85,2,1,0,auto_approved,0.2411,2022
92d17ffd-aa68-4b8e-8d2c-516b9babea49,U000224,2022-05-20 23:37:28,23:37:28,92558.05,transfer,M00426,VND,success,mobile,D000532,251.77.238.203,credit_card,Da Nang,"19.948799,106.332529",43,M,2017-02-18,active,0.94,0,0,0,auto_approved,0.2078,2022
38158585-d5eb-4a15-9d56-561820c00f33,U001500,2022-11-26 08:00:12,08:00:12,1317240.32,purchase,M00423,VND,success,pos,D000490,91.135.91.58,credit_card,Ho Chi Minh City,"15.695553,105.899354",18,M,2015-04-10,active,0.8,0,0,0,auto_approved,0.3513,2022
10bfe727-7175-476f-ae26-8a0524ca4396,U001354,2022-06-14 12:24:42,12:24:42,1391190.42,online_payment,M00350,VND,success,pos,D001630,98.29.250.251,mobile_wallet,Hanoi,"11.550517,105.286752",65,F,2016-05-29,active,0.63,0,0,0,auto_approved,0.397,2022
a1bffbd4-0136-4a83-ad52-973654753786,U001421,2022-07-22 12:29:34,12:29:34,962515.15,purchase,M00318,USD,success,mobile,D001983,144.80.123.128,debit_card,Kuala Lumpur,"15.45752,108.786578",22,M,2015-05-20,active,0.83,2,1,0,auto_approved,0.5147,2022
a26e0994-aaf9-4695-ab30-b4d1fa3a08d3,U000033,2022-09-07 18:43:18,18:43:18,403978.99,purchase,M00140,VND,success,desktop,D001410,140.92.185.74,mobile_wallet,Ho Chi Minh City,"12.531803,107.668751",48,F,2014-06-26,active,0.88,1,0,0,auto_approved,0.1536,2022
79cf3c87-e7b9-4680-9d53-b98406291cb0,U001770,2022-12-17 15:23:49,15:23:49,1114813.81,bill_payment,M00150,VND,success,atm,D001420,140.126.55.28,debit_card,Kuala Lumpur,"19.128244,103.589548",19,F,2022-09-11,active,0.86,0,0,0,auto_approved,0.2569,2022
7b6db77c-f38e-4a7f-b8a8-2646502bd5c3,U000272,2022-09-24 14:05:51,14:05:51,374069.81,cash_withdrawal,M00156,VND,success,atm,D001645,84.188.158.224,mobile_wallet,Bangkok,"19.510265,107.020925",70,F,2019-11-30,active,0.73,0,0,0,auto_approved,0.1648,2022
e1e8ceb6-05e6-445f-8a8f-b276af1b38b4,U001085,2022-03-21 11:11:12,11:11:12,1045682.1,cash_withdrawal,M00178,VND,success,mobile,D002049,78.218.166.248,mobile_wallet,Ho Chi Minh City,"8.757043,107.28025",54,M,2022-01-15,active,0.88,0,0,0,auto_approved,0.0601,2022
2a558fb8-7462-400d-bbcc-7057d6e43f5b,U001371,2022-05-29 15:59:51,15:59:51,648906.19,bill_payment,M00475,VND,pending,mobile,D002201,195.143.95.51,mobile_wallet,Hanoi,"10.916425,103.636689",29,M,2016-07-08,active,0.83,1,0,0,auto_approved,0.232,2022
6f065f41-5341-41b8-a113-2cba35b36cec,U000523,2022-04-25 23:58:41,23:58:41,135868.25,online_payment,M00186,USD,success,atm,D000921,15.36.36.254,debit_card,Hanoi,"11.527333,107.833868",59,F,2020-11-03,active,0.78,0,0,0,auto_approved,0.0494,2022
d8bc8496-5d31-4aab-8637-9cb8bd917e8c,U001562,2022-01-09 13:48:42,13:48:42,56459.22,cash_withdrawal,M00290,USD,success,pos,D001257,98.175.236.70,bank_transfer,Bangkok,"20.947105,107.877747",69,M,2018-05-07,active,0.95,0,0,0,auto_approved,0.0242,2022
074b7eb6-e98f-4428-a10d-dc45568cff80,U000405,2022-06-15 05:16:15,05:16:15,1061966.39,purchase,M00196,USD,success,desktop,D000338,41.14.113.100,debit_card,Kuala Lumpur,"17.713299,108.210074",35,M,2016-11-29,active,0.85,0,0,0,auto_approved,0.1818,2022
32f86967-6a3b-4693-9e64-14662f182830,U001852,2022-01-20 14:42:24,14:42:24,581800.25,online_payment,M00209,VND,success,atm,D002482,192.64.11.245,mobile_wallet,Da Nang,"19.625873,104.000363",59,M,2015-05-13,active,0.86,0,0,0,auto_approved,0.2798,2022
42301c5a-b5de-4880-a8f4-a67a24a9b0b1,U000180,2022-10-21 08:42:23,08:42:23,30896.65,online_payment,M00395,VND,success,mobile,D000978,1.1.202.65,bank_transfer,Hanoi,"13.742152,107.069301",57,F,2014-08-13,active,0.87,0,0,0,auto_approved,0.4061,2022
935eaee3-aa04-4bb7-af4a-15bbebc3b920,U000445,2022-10-22 20:14:05,20:14:05,1744703.95,transfer,M00342,VND,success,desktop,D000396,158.230.202.220,bank_transfer,Hanoi,"18.486378,104.053198",52,F,2022-05-12,active,0.85,0,0,0,auto_approved,0.2993,2022
7b8e36d0-4db1-45f9-897a-f1967da38c89,U001109,2022-01-07 03:49:57,03:49:57,945943.71,purchase,M00447,USD,success,pos,D000132,86.241.105.3,bank_transfer,Bangkok,"19.606506,103.157256",20,F,2014-11-30,active,0.84,0,1,1,pending_review,0.3273,2022
a1169c51-dfb0-4f91-98c1-f31f373fae5b,U001317,2022-09-30 21:37:18,21:37:18,987154.94,transfer,M00234,USD,success,atm,D002264,150.1.103.15,bank_transfer,Singapore,"14.910614,106.893098",18,F,2016-02-21,active,0.76,0,0,0,auto_approved,0.2462,2022
d0395e62-d569-4b76-8926-835f8d7f92a8,U000489,2022-10-01 17:22:32,17:22:32,400834.79,online_payment,M00068,VND,success,mobile,D002512,126.247.6.129,bank_transfer,Singapore,"9.025225,105.829354",39,F,2020-11-27,active,0.58,2,1,0,auto_approved,0.2073,2022
81d4f11d-de4c-42cc-8e6e-db6c5fe60894,U001210,2022-05-18 11:42:33,11:42:33,159515.15,transfer,M00106,VND,success,mobile,D000615,67.12.101.204,bank_transfer,Kuala Lumpur,"9.424514,102.204088",29,M,2015-05-04,active,0.58,1,0,0,auto_approved,0.5629,2022
e9053ef1-ec97-4755-a2ff-b0d57f99c589,U000062,2022-09-15 00:40:00,00:40:00,762855.18,purchase,M00093,VND,success,pos,D001248,43.64.124.10,credit_card,Hanoi,"16.7104,107.984664",69,M,2017-10-01,under_review,0.79,1,0,0,auto_approved,0.327,2022
0ea009c5-16a3-4ec3-a789-0fcf0898aca1,U000834,2022-01-28 22:26:00,22:26:00,793593.13,transfer,M00143,USD,success,atm,D001866,135.193.179.179,debit_card,Da Nang,"13.934101,108.460744",40,M,2018-06-10,active,0.56,0,0,0,auto_approved,0.1086,2022
325a175b-d7a9-439a-a2f0-9cc63487cd9e,U001446,2022-08-21 22:57:38,22:57:38,624094.25,online_payment,M00128,USD,success,desktop,D001998,46.251.116.215,credit_card,Da Nang,"21.954087,106.496268",29,M,2017-01-19,active,0.6,0,0,0,auto_approved,0.1937,2022
8cd4f7b8-16b0-46c3-89b3-77f424e233e9,U001192,2022-09-30 11:05:04,11:05:04,302285.21,purchase,M00040,USD,success,desktop,D002023,72.112.235.94,bank_transfer,Ho Chi Minh City,"18.459821,104.855918",69,F,2019-03-04,active,0.63,0,1,1,pending_review,0.4025,2022
2b8a30d1-cd58-4ff3-8ae0-1b3c961d0b00,U000371,2022-01-28 13:58:57,13:58:57,26337.41,cash_withdrawal,M00012,USD,success,mobile,D000191,234.225.21.242,credit_card,Kuala Lumpur,"11.263428,104.721028",70,F,2015-09-03,blocked,0.55,0,0,0,auto_approved,0.0721,2022
7a74093c-694d-4c6c-8ae4-37fb2dfc0629,U001237,2022-05-03 02:07:20,02:07:20,371069.57,bill_payment,M00221,USD,success,pos,D001741,254.208.45.73,debit_card,Kuala Lumpur,"13.60212,104.468982",25,F,2014-06-26,active,0.79,0,0,0,auto_approved,0.0707,2022
197c66d6-db76-4722-a4e7-ada84c9aa9ef,U000948,2022-02-12 23:26:01,23:26:01,1107360.16,bill_payment,M00075,USD,success,pos,D000887,207.184.93.81,debit_card,Da Nang,"12.054687,105.451268",47,F,2015-11-23,active,0.45,0,0,0,auto_approved,0.0998,2022
ee1590ea-47dd-45ab-8d6b-c89a94cc3156,U000522,2022-08-30 10:16:08,10:16:08,694466.13,online_payment,M00445,USD,success,pos,D001384,157.209.146.27,credit_card,Bangkok,"15.352791,106.234043",29,F,2020-09-06,active,0.69,0,0,0,auto_approved,0.0627,2022
86d11fbb-c1e5-4ec7-a2c4-120dc80b2de4,U001129,2022-03-13 06:38:53,06:38:53,581298.73,cash_withdrawal,M00055,USD,success,mobile,D000508,204.39.114.197,debit_card,Singapore,"17.407974,108.368636",31,M,2017-04-02,active,0.51,0,0,0,auto_approved,0.0729,2022
6e577665-c4c4-463b-855e-307e744c08ae,U001479,2022-09-20 07:53:16,07:53:16,919128.63,cash_withdrawal,M00251,VND,success,desktop,D002817,6.1.200.135,bank_transfer,Kuala Lumpur,"17.772174,106.65431",32,M,2022-05-01,active,0.77,0,0,0,auto_approved,0.0447,2022
7328d02b-aa9e-4402-a2f4-8fab988874cb,U000037,2022-10-28 12:04:18,12:04:18,264329.53,cash_withdrawal,M00345,VND,success,desktop,D001537,175.74.37.128,bank_transfer,Singapore,"20.417197,108.600323",67,F,2022-07-20,active,0.91,0,0,0,auto_approved,0.3734,2022
bda4e5d9-d5b6-41b3-83db-bbc29e378229,U000715,2022-05-24 00:56:34,00:56:34,268329.16,purchase,M00409,USD,success,mobile,D000270,128.145.234.249,debit_card,Ho Chi Minh City,"17.253846,102.054088",40,M,2016-01-09,active,0.71,0,0,0,auto_approved,0.1074,2022
8d4104ea-b2fb-4e7c-a82c-31cc3c0b5113,U000116,2022-12-24 09:37:44,09:37:44,478365.95,purchase,M00037,VND,success,atm,D002711,177.22.80.153,credit_card,Bangkok,"8.895487,103.947098",30,F,2016-07-10,active,0.68,1,0,0,auto_approved,0.37,2022
4661390d-71fb-40a5-aee0-c3c3788fb66e,U001391,2022-01-25 13:37:51,13:37:51,76875.0,bill_payment,M00020,VND,pending,atm,D001852,250.246.147.108,credit_card,Kuala Lumpur,"10.580602,102.212135",34,M,2017-04-23,active,0.79,0,0,0,auto_approved,0.0373,2022
f4f0aa07-255a-4e52-b5e5-9aa01afa9fb4,U000457,2022-01-04 08:40:04,08:40:04,1168187.26,purchase,M00140,USD,success,atm,D002223,252.96.58.202,bank_transfer,Hanoi,"8.145745,102.756971",36,F,2021-04-06,active,0.56,0,0,0,auto_approved,0.0751,2022
4a4ea3b0-f0ff-47a8-bf2a-0bcbb42dadf3,U000397,2022-01-01 21:42:56,21:42:56,1113304.76,bill_payment,M00343,VND,success,atm,D001411,215.113.63.26,bank_transfer,Singapore,"15.708701,108.070146",34,F,2021-02-19,active,0.97,0,0,0,auto_approved,0.0227,2022
1e145cfd-e55b-4cba-898d-87e8336d73f5,U000948,2022-07-01 04:03:45,04:03:45,2107168.54,bill_payment,M00393,VND,success,mobile,D000641,233.247.246.252,mobile_wallet,Hanoi,"20.650414,102.54167",39,M,2014-12-21,active,0.66,0,0,0,auto_approved,0.2091,2022
111347f7-4c9a-498e-84da-5cd4d30d3665,U001900,2022-08-12 09:09:49,09:09:49,228920.34,transfer,M00240,VND,success,desktop,D002882,217.197.189.232,bank_transfer,Kuala Lumpur,"19.287846,102.597247",46,M,2015-04-05,active,0.6,1,0,0,auto_approved,0.3201,2022
f71cf3eb-e00b-4fa1-93b8-6e4fbb79c5ec,U000344,2022-06-14 09:05:56,09:05:56,608576.33,cash_withdrawal,M00252,USD,success,pos,D002338,159.44.179.242,credit_card,Kuala Lumpur,"14.01704,104.239669",52,M,2017-08-31,active,0.96,0,0,0,auto_approved,0.4191,2022
43c8c389-969c-4a39-be96-fbea84ddd9ff,U001905,2022-08-22 23:27:43,23:27:43,1389787.84,transfer,M00280,VND,success,mobile,D001992,162.183.51.171,debit_card,Kuala Lumpur,"21.438873,106.126588",40,F,2016-09-10,active,0.99,0,0,0,auto_approved,0.0607,2022
38948eb3-aa32-487c-ac77-58e7b4436937,U000897,2022-12-26 16:04:09,16:04:09,1324198.3,transfer,M00349,VND,success,atm,D001808,164.187.66.201,bank_transfer,Ho Chi Minh City,"9.90561,102.92553",57,M,2017-04-09,active,0.92,0,0,0,auto_approved,0.0973,2022
23dfc626-2720-4982-9dd8-b6af30223e60,U001091,2022-12-18 14:11:19,14:11:19,48075.04,bill_payment,M00472,VND,success,mobile,D002668,133.82.39.86,debit_card,Kuala Lumpur,"19.837692,103.196444",51,F,2015-12-12,active,0.94,0,0,0,auto_approved,0.434,2022
354f1419-6b8d-4d6c-99ab-4ec9d3c002e9,U001861,2022-08-30 19:57:51,19:57:51,402405.31,online_payment,M00133,USD,pending,desktop,D001872,92.113.159.108,bank_transfer,Da Nang,"11.564694,107.843549",21,M,2018-10-03,active,0.57,1,0,0,auto_approved,0.4607,2022
1e5a5ec1-147a-42aa-a261-082878dd39d7,U000629,2022-08-27 11:42:23,11:42:23,391612.28,online_payment,M00477,VND,success,atm,D002347,221.109.118.199,bank_transfer,Ho Chi Minh City,"17.281929,108.327277",25,M,2016-12-19,active,0.76,0,0,0,auto_approved,0.2669,2022
35f28c5f-4a3c-4b0d-960e-b402e0d656ea,U001323,2022-03-29 23:21:55,23:21:55,660566.0,online_payment,M00103,USD,success,atm,D002294,217.106.179.235,credit_card,Singapore,"12.520025,108.873811",65,F,2016-09-09,active,0.77,0,0,0,auto_approved,0.2315,2022
128a735e-69de-4dfa-a45b-113377156578,U000570,2022-10-09 14:01:51,14:01:51,18121.77,purchase,M00216,USD,failed,mobile,D002727,109.69.252.173,credit_card,Singapore,"21.030825,107.58356",60,F,2020-11-26,active,0.54,0,0,0,auto_approved,0.0576,2022
9651a5b2-307d-4547-ba92-703c996567e6,U000688,2022-09-15 16:53:21,16:53:21,1251803.95,purchase,M00314,VND,success,atm,D000378,190.177.188.161,bank_transfer,Bangkok,"19.096112,106.572606",47,F,2020-07-09,active,0.75,0,0,0,auto_approved,0.277,2022
5afa14bf-4c9b-4e87-b6e8-15bb569b4b66,U001445,2022-06-14 10:23:51,10:23:51,713607.24,purchase,M00199,USD,success,desktop,D000641,135.255.25.104,mobile_wallet,Bangkok,"15.937479,102.68951",50,F,2016-11-04,active,0.67,0,0,0,auto_approved,0.164,2022
13fa731f-ccbe-4d4f-bea0-97d5f3a2ef61,U001972,2022-12-16 10:26:56,10:26:56,306644.33,cash_withdrawal,M00368,VND,success,atm,D000243,183.186.137.27,debit_card,Hanoi,"15.169365,104.938974",64,M,2014-12-25,active,0.95,0,1,0,auto_approved,0.4874,2022
1795942c-e651-4112-a42b-0a572c995273,U001146,2022-04-23 20:42:59,20:42:59,999293.65,cash_withdrawal,M00380,VND,failed,mobile,D000095,116.42.82.240,bank_transfer,Singapore,"9.385889,102.040277",33,F,2021-03-19,active,0.94,0,0,0,auto_approved,0.4078,2022
bf6c91c1-9bde-44d6-972c-b3a00dcfe89a,U000103,2022-05-27 08:37:15,08:37:15,688926.88,transfer,M00215,VND,success,desktop,D001216,121.195.49.210,credit_card,Bangkok,"19.308597,105.328048",48,F,2015-03-14,active,0.64,0,0,0,auto_approved,0.3849,2022
c3f5194d-e645-4bfd-ba71-a219be6800da,U000217,2022-08-15 11:52:19,11:52:19,2170.94,online_payment,M00309,VND,success,pos,D000174,160.20.253.227,credit_card,Hanoi,"13.172923,108.352137",19,F,2015-11-23,active,0.57,0,0,0,auto_approved,0.0249,2022
efd9ab97-db62-4c15-b808-1cede40d22cc,U001225,2022-06-14 02:35:37,02:35:37,67137.31,purchase,M00218,USD,success,mobile,D000306,84.93.13.164,credit_card,Ho Chi Minh City,"15.220601,104.470278",23,F,2014-09-28,active,0.9,0,0,0,auto_approved,0.3128,2022
846da34f-975d-4731-9df8-9a639845ef23,U001506,2022-03-18 18:03:28,18:03:28,937369.03,cash_withdrawal,M00418,VND,success,atm,D001376,200.137.70.169,bank_transfer,Kuala Lumpur,"13.276041,102.475088",56,F,2021-06-16,active,0.81,0,0,0,auto_approved,0.126,2022
b606b556-1ab5-4444-b4ba-7f76064bcef1,U001943,2022-11-14 04:10:11,04:10:11,1570804.38,purchase,M00196,VND,success,desktop,D001754,166.63.64.155,bank_transfer,Ho Chi Minh City,"21.240265,107.010628",63,F,2020-08-25,active,0.83,0,1,0,auto_approved,0.5596,2022
484c3422-2da7-4732-9da8-a7eb2b45ee2f,U001673,2022-11-16 04:41:43,04:41:43,231713.2,online_payment,M00295,USD,failed,atm,D000905,165.52.130.9,credit_card,Da Nang,"21.449156,104.383916",19,F,2021-02-20,blocked,0.75,0,1,0,auto_approved,0.3133,2022
8000ca83-aa00-4c02-a232-8e6c9733a9a1,U001067,2022-12-04 14:38:32,14:38:32,101619.49,purchase,M00093,VND,success,pos,D001216,175.229.248.166,credit_card,Da Nang,"17.243816,103.259459",65,F,2014-10-07,under_review,0.83,0,0,0,auto_approved,0.1596,2022
81758fe5-b301-466b-a0eb-6f102948a288,U001311,2022-10-22 07:32:07,07:32:07,560182.08,cash_withdrawal,M00019,USD,success,pos,D002258,47.52.127.242,credit_card,Kuala Lumpur,"19.584463,103.457819",19,F,2016-09-24,active,0.97,0,0,0,auto_approved,0.3558,2022
a611422d-eac9-4044-a63f-5b7a56ead513,U000770,2022-05-01 15:40:28,15:40:28,599056.82,purchase,M00128,VND,success,desktop,D001354,89.25.131.212,mobile_wallet,Ho Chi Minh City,"8.826115,104.340534",25,M,2014-09-14,active,0.78,0,0,0,auto_approved,0.1966,2022
719d138a-91a6-4a88-a954-bc761a8e45a3,U001269,2022-02-15 03:03:50,03:03:50,13126.47,transfer,M00474,USD,success,desktop,D002511,122.44.153.15,bank_transfer,Bangkok,"21.297369,104.018336",56,F,2019-08-29,active,0.83,0,0,0,auto_approved,0.4468,2022
7fd33bc1-6dbc-434d-bd29-b79711348e25,U000832,2022-04-28 20:25:49,20:25:49,603448.2,purchase,M00289,USD,success,desktop,D001618,94.147.213.134,bank_transfer,Ho Chi Minh City,"17.733346,105.161909",52,F,2020-04-29,active,0.86,0,0,0,auto_approved,0.1742,2022
591a4f99-4365-4b99-9a24-4484d007e8f0,U001261,2022-08-18 07:07:02,07:07:02,1407742.68,cash_withdrawal,M00196,USD,success,desktop,D001837,55.182.67.203,bank_transfer,Da Nang,"8.837998,107.298359",57,M,2020-08-20,active,0.72,0,0,0,auto_approved,0.1452,2022
d8a72779-cd4b-47e7-b403-08dd6442a646,U001500,2022-08-05 20:04:36,20:04:36,239850.44,transfer,M00440,USD,success,pos,D002390,39.63.227.104,credit_card,Bangkok,"12.10755,106.408035",66,M,2017-10-27,active,0.95,0,0,0,auto_approved,0.0935,2022
563c258b-5094-4d0f-a820-a59205e42504,U001392,2022-02-05 16:34:20,16:34:20,384792.57,bill_payment,M00420,USD,success,pos,D000102,251.86.116.237,credit_card,Singapore,"8.192516,108.866292",36,F,2017-12-13,active,0.78,0,0,0,auto_approved,0.1001,2022
c66bd41f-f0cc-49f1-bb46-4d69862dc358,U001054,2022-06-15 13:36:04,13:36:04,1722409.89,transfer,M00049,USD,success,pos,D001220,155.189.17.202,credit_card,Singapore,"21.003488,108.525418",69,F,2015-05-12,active,0.86,0,0,0,auto_approved,0.0179,2022
8aef68f0-de0e-4b40-aaf3-877cf52a6069,U001481,2022-08-31 21:13:53,21:13:53,60277.81,online_payment,M00338,USD,success,mobile,D001346,77.146.233.214,credit_card,Ho Chi Minh City,"16.436582,103.01578",54,M,2018-05-28,active,0.86,0,0,0,auto_approved,0.1235,2022
e98d2a4a-446f-4888-9205-b228a6ef1a5c,U001304,2022-09-17 21:42:26,21:42:26,495408.51,transfer,M00319,USD,success,mobile,D001049,171.47.8.222,credit_card,Kuala Lumpur,"20.269088,105.161084",49,M,2018-02-07,active,0.9,0,1,1,pending_review,0.2839,2022
ef91258e-d18e-4a4d-a399-2c89fd0a8e10,U001148,2022-03-23 19:23:00,19:23:00,637073.18,online_payment,M00185,USD,success,atm,D001911,63.100.144.54,mobile_wallet,Ho Chi Minh City,"16.54447,105.769504",25,M,2015-06-28,active,0.54,0,0,0,auto_approved,0.1106,2022
14500667-b2f6-434e-8faf-e4747931e55c,U001204,2022-06-26 01:27:57,01:27:57,1031713.72,transfer,M00392,VND,success,pos,D001265,51.116.205.175,bank_transfer,Kuala Lumpur,"16.545141,106.111827",55,M,2019-08-25,active,0.68,0,0,0,auto_approved,0.141,2022
6b0ccee1-7572-45bf-a441-400308a2f296,U001243,2022-01-28 02:23:16,02:23:16,346218.2,bill_payment,M00374,VND,success,pos,D000390,172.10.209.48,credit_card,Hanoi,"14.09014,103.462826",29,F,2015-09-23,active,0.96,0,1,0,auto_approved,0.568,2022
294f1b9e-8888-4340-bf75-ab9edcf70d3f,U001623,2022-09-06 19:56:03,19:56:03,855527.92,purchase,M00277,VND,success,atm,D002510,248.221.151.182,credit_card,Bangkok,"8.770978,108.429788",62,F,2015-05-01,active,0.9,0,0,0,auto_approved,0.1861,2022
65a50490-b8cd-43f6-afc5-a4833cb496a9,U001262,2022-05-03 02:22:21,02:22:21,1019159.66,bill_payment,M00499,VND,success,pos,D001230,3.109.9.33,debit_card,Bangkok,"19.902577,103.779112",66,M,2019-09-04,active,0.71,0,0,0,auto_approved,0.1089,2022
44c65c36-5292-4d52-ad17-8ad1cc111607,U000055,2022-12-04 13:16:23,13:16:23,127230.52,online_payment,M00344,USD,failed,atm,D002174,160.133.180.35,debit_card,Da Nang,"9.284771,107.951795",23,F,2017-06-15,active,0.83,0,0,0,auto_approved,0.2453,2022
3935ec3d-d6df-437a-b404-c7db15fad81d,U000683,2022-07-17 10:18:17,10:18:17,2331907.09,purchase,M00319,VND,success,pos,D000832,61.49.237.24,mobile_wallet,Hanoi,"11.980014,102.813242",56,M,2018-07-10,active,0.61,1,0,0,auto_approved,0.387,2022
84d89ae4-8d18-40ba-bfa5-7d866d42d2aa,U000741,2022-07-11 07:47:00,07:47:00,23540.71,purchase,M00272,USD,success,mobile,D002002,165.156.104.128,mobile_wallet,Hanoi,"9.495304,102.356559",62,M,2019-08-02,active,0.91,0,0,0,auto_approved,0.0166,2022
38f55883-c860-4ad2-aa85-395355444c2c,U001091,2022-03-15 13:50:21,13:50:21,124298.65,online_payment,M00198,VND,success,pos,D000060,178.2.229.31,credit_card,Ho Chi Minh City,"17.417604,103.100788",63,M,2015-01-22,active,0.85,1,0,0,auto_approved,0.3527,2022
bd635703-4826-4f37-a5b2-03fb4d9f950b,U001957,2022-01-15 19:29:50,19:29:50,439439.59,transfer,M00056,USD,success,mobile,D002208,230.211.135.35,credit_card,Singapore,"15.6429,104.062513",70,M,2021-01-15,active,0.81,1,0,0,auto_approved,0.5443,2022
a3205ad0-c520-4aab-b4ea-9a86b0f40472,U000982,2022-05-24 12:55:36,12:55:36,770813.59,transfer,M00198,USD,success,atm,D001570,188.24.75.174,bank_transfer,Da Nang,"9.364086,105.919129",69,F,2015-03-27,active,0.75,0,0,0,auto_approved,0.3967,2022
4c5b6162-f90a-4557-a973-0d5eb76ea5d6,U001744,2022-08-26 13:39:59,13:39:59,2162996.28,purchase,M00222,USD,success,atm,D001391,146.43.27.32,mobile_wallet,Kuala Lumpur,"8.180399,107.462764",49,M,2020-12-06,active,0.68,0,0,0,auto_approved,0.1727,2022
a0fad009-e4c6-457e-a604-bfa0af9a4d30,U001835,2022-03-16 23:30:34,23:30:34,150652.14,online_payment,M00196,VND,success,desktop,D000807,197.124.195.108,debit_card,Ho Chi Minh City,"21.846081,102.451161",43,F,2014-05-09,under_review,0.89,0,0,0,auto_approved,0.3913,2022
237322d2-1467-4957-87b5-070ed11ec64f,U001432,2022-08-22 01:04:24,01:04:24,397838.56,bill_payment,M00415,VND,success,desktop,D000037,19.117.230.125,credit_card,Hanoi,"13.106014,102.672384",24,M,2015-01-28,active,0.78,0,0,0,auto_approved,0.213,2022
ae72fa02-7f1c-424c-8905-1f2a04102b94,U001970,2022-11-25 19:48:35,19:48:35,837896.71,cash_withdrawal,M00176,VND,success,atm,D001298,66.93.205.48,debit_card,Kuala Lumpur,"16.426569,105.210567",31,M,2022-02-16,active,0.46,0,0,0,auto_approved,0.2525,2022
13f2daba-653f-4126-8cd4-13d645524dc3,U001763,2022-07-18 04:18:25,04:18:25,465534.46,bill_payment,M00368,VND,success,desktop,D002663,40.61.160.131,bank_transfer,Singapore,"15.02422,108.032558",63,M,2017-10-07,active,0.81,0,0,0,auto_approved,0.3772,2022
f5918317-5ef5-4bc0-a054-f73dfa19b546,U001881,2022-01-27 09:14:33,09:14:33,277092.6,purchase,M00392,USD,success,pos,D000637,83.37.85.199,bank_transfer,Ho Chi Minh City,"19.583801,105.982476",31,M,2021-10-25,active,0.86,0,0,0,auto_approved,0.1917,2022
156e524c-bc33-4c5d-a182-85617342794c,U001595,2022-02-28 19:21:57,19:21:57,20004.82,transfer,M00412,USD,success,mobile,D002248,209.139.249.76,bank_transfer,Da Nang,"14.15488,107.515432",45,F,2017-07-30,active,0.77,0,1,0,auto_approved,0.328,2022
08b9b86d-36dc-4f90-af28-469214f2ccb8,U001905,2022-02-06 21:08:25,21:08:25,591835.93,online_payment,M00276,VND,success,mobile,D002367,93.26.188.247,mobile_wallet,Ho Chi Minh City,"18.557943,105.404886",67,F,2019-11-13,active,0.7,0,0,0,auto_approved,0.2576,2022
d4b54d47-aade-4f69-971f-45ed17574e92,U001152,2022-02-02 22:58:54,22:58:54,216728.12,online_payment,M00116,USD,success,atm,D002859,255.16.58.178,credit_card,Da Nang,"13.03172,108.096361",63,M,2021-09-01,active,0.61,0,0,0,auto_approved,0.4423,2022
fceb138b-4e13-434a-b8ff-e2b46a78f490,U001206,2022-04-17 19:14:14,19:14:14,1100711.59,online_payment,M00279,VND,success,desktop,D000111,17.61.211.244,bank_transfer,Da Nang,"15.308892,107.493539",46,F,2021-02-14,active,0.78,1,0,0,auto_approved,0.4561,2022
d1791106-865e-4094-9da2-b12a27189b1a,U001739,2022-04-30 11:37:38,11:37:38,2015900.72,cash_withdrawal,M00120,USD,success,mobile,D002297,25.154.129.3,mobile_wallet,Kuala Lumpur,"10.813451,103.052124",43,F,2016-09-23,active,0.65,0,0,0,auto_approved,0.2447,2022
bcedbb4b-c2f0-4ca1-b531-09967d09933c,U001695,2022-06-18 00:08:52,00:08:52,844852.09,online_payment,M00110,USD,success,pos,D000930,143.173.249.195,debit_card,Singapore,"17.830742,105.142239",23,M,2017-05-22,blocked,0.68,0,0,0,auto_approved,0.3904,2022
42311330-9685-4691-8753-056795fc29d3,U000726,2022-10-07 21:34:19,21:34:19,544006.16,cash_withdrawal,M00060,USD,success,mobile,D002177,39.92.150.100,bank_transfer,Kuala Lumpur,"21.951009,102.196014",47,F,2020-07-24,blocked,0.66,0,0,0,auto_approved,0.3723,2022
ff536a24-8d38-4558-89e2-b224e4027b0e,U001241,2022-06-10 09:01:00,09:01:00,254577.82,bill_payment,M00226,VND,success,mobile,D000957,164.154.5.90,credit_card,Bangkok,"14.086385,108.893041",18,F,2018-11-05,active,0.93,0,0,0,auto_approved,0.0554,2022
78c21d98-df97-48c4-8604-32112a28ed02,U000925,2022-10-23 12:00:10,12:00:10,1678588.09,bill_payment,M00190,VND,failed,pos,D001710,222.161.81.43,credit_card,Kuala Lumpur,"19.150231,103.991533",59,M,2017-10-25,active,0.64,0,0,0,auto_approved,0.4088,2022
cfc2c17e-d8d1-4a95-aeaf-69b0505c312d,U000244,2022-08-31 00:48:31,00:48:31,916536.52,bill_payment,M00001,VND,success,atm,D001913,7.87.49.152,mobile_wallet,Singapore,"20.818697,105.763621",51,F,2015-03-12,under_review,0.81,0,0,0,auto_approved,0.3578,2022
a95d6c60-7027-440d-8546-a671ff74a1c2,U001403,2022-05-12 04:21:16,04:21:16,1152291.55,cash_withdrawal,M00312,VND,success,mobile,D001755,110.9.86.14,debit_card,Da Nang,"8.187455,108.295679",63,M,2021-10-01,active,0.62,0,0,0,auto_approved,0.2961,2022
6b1f445d-48e1-4fbd-b74e-9762b595915d,U000373,2022-02-04 11:02:50,11:02:50,323225.48,cash_withdrawal,M00330,USD,success,mobile,D000446,132.57.161.28,mobile_wallet,Ho Chi Minh City,"13.74943,104.514182",54,M,2019-12-10,under_review,0.61,0,0,0,auto_approved,0.2027,2022
cb12d151-48b4-4f15-bab9-a157dbedf43a,U000195,2022-06-26 16:10:16,16:10:16,164847.23,online_payment,M00268,USD,success,mobile,D001375,109.170.183.92,mobile_wallet,Da Nang,"15.191072,104.629001",50,M,2014-10-08,blocked,0.63,0,0,0,auto_approved,0.1609,2022
4ffecbee-8ee2-4641-8cf5-699dddd9e0df,U000468,2022-03-31 18:05:49,18:05:49,291258.63,transfer,M00092,USD,success,desktop,D000004,163.171.251.115,credit_card,Da Nang,"20.771166,106.251166",34,F,2016-06-18,active,0.65,0,0,0,auto_approved,0.4366,2022
2c639e91-d100-403b-bfb6-f5c99a8b3047,U001801,2022-08-05 02:40:17,02:40:17,747825.99,transfer,M00346,VND,success,desktop,D000740,255.127.153.80,debit_card,Hanoi,"17.580395,108.19706",67,M,2018-01-21,active,0.9,0,0,0,auto_approved,0.1102,2022
5fd1ad4e-08d5-4c75-84c7-b5b7e2862176,U000813,2022-09-27 19:54:43,19:54:43,595024.53,purchase,M00014,USD,success,desktop,D001410,16.207.134.14,mobile_wallet,Hanoi,"12.500951,104.366665",43,F,2015-10-31,active,0.88,0,0,0,auto_approved,0.1995,2022
a39e36d6-0aa2-43d4-ae1e-ee74b3b1de0d,U001719,2022-07-04 04:46:38,04:46:38,1285192.98,purchase,M00269,USD,success,desktop,D001182,141.57.133.203,debit_card,Singapore,"13.510235,103.432211",63,M,2015-09-03,active,0.87,0,0,0,auto_approved,0.0766,2022
4bb62176-79ee-4ea2-9fb4-3103d25349dd,U000340,2022-07-18 20:05:51,20:05:51,1125744.26,cash_withdrawal,M00161,VND,success,pos,D001528,182.74.141.158,mobile_wallet,Da Nang,"9.269298,105.995069",64,F,2019-11-28,active,0.97,0,0,0,auto_approved,0.1342,2022
e03b7cbf-d386-4391-99d7-89a7c7fe44a9,U000549,2022-03-28 00:23:06,00:23:06,241227.68,bill_payment,M00245,USD,success,desktop,D000373,104.17.237.202,debit_card,Singapore,"16.79793,102.945595",28,M,2019-03-31,active,0.94,0,0,0,auto_approved,0.0573,2022
701d57eb-d7d4-41e7-83d6-979bd8c6db85,U000988,2022-03-19 17:49:12,17:49:12,560268.34,online_payment,M00319,VND,success,atm,D001374,176.83.195.193,debit_card,Bangkok,"10.73696,107.312093",23,M,2021-01-02,active,0.67,0,0,0,auto_approved,0.2595,2022
0beb015f-ad11-4bf2-aaa3-3a52822ee0f4,U000701,2022-01-29 22:48:42,22:48:42,1589639.13,transfer,M00165,USD,success,mobile,D002510,93.72.131.74,bank_transfer,Da Nang,"12.686684,106.373757",39,F,2018-09-23,active,0.72,0,1,1,pending_review,0.6017,2022
eb25d6ba-cf0b-4520-9d57-e67ea92381a0,U001339,2022-12-08 15:55:56,15:55:56,306449.11,purchase,M00140,USD,success,mobile,D000264,64.216.123.198,mobile_wallet,Ho Chi Minh City,"10.860377,102.038673",35,F,2018-01-11,active,0.58,0,0,0,auto_approved,0.2696,2022
2ef1b6da-5f1b-4137-a2b5-30a9224a8eca,U001627,2022-12-06 19:35:52,19:35:52,2138144.66,cash_withdrawal,M00103,USD,success,atm,D001553,228.205.97.110,debit_card,Bangkok,"12.259913,104.042821",43,F,2014-10-17,active,0.71,0,0,0,auto_approved,0.4039,2022
69c010f4-0308-4ead-82fb-3459d7245845,U000586,2022-10-17 08:47:54,08:47:54,172269.54,online_payment,M00005,USD,success,atm,D001145,38.204.125.147,bank_transfer,Hanoi,"19.149342,107.695806",19,M,2020-10-18,active,0.6,0,1,0,auto_approved,0.4534,2022
6c1e8556-bd75-4d2d-9db8-6320ce8c3c20,U000063,2022-12-29 17:45:50,17:45:50,1792305.5,purchase,M00441,USD,success,desktop,D001366,138.210.11.194,credit_card,Kuala Lumpur,"10.741108,105.782444",55,F,2015-11-17,active,0.49,0,0,0,auto_approved,0.1268,2022
a4beaf90-063c-424c-93dc-f85401b887ca,U001459,2022-08-04 04:56:45,04:56:45,768559.17,cash_withdrawal,M00022,VND,success,desktop,D001994,60.237.169.100,mobile_wallet,Hanoi,"17.538236,105.894784",35,M,2016-12-17,active,0.66,0,0,0,auto_approved,0.2143,2022
c5b750c3-3ca1-439e-8635-f7457de41bcb,U001939,2022-04-06 04:20:28,04:20:28,371958.17,online_payment,M00474,VND,success,pos,D001691,171.107.4.54,debit_card,Ho Chi Minh City,"18.90022,105.975702",32,M,2019-05-02,active,0.64,0,0,0,auto_approved,0.252,2022
7727e8c4-4804-4f43-96ab-9f9e0c816fa3,U001652,2022-09-27 19:06:57,19:06:57,1016377.33,online_payment,M00450,USD,success,atm,D001398,168.110.155.114,mobile_wallet,Hanoi,"13.406108,102.86821",66,M,2021-07-06,active,0.87,0,0,0,auto_approved,0.1281,2022
40d7c19c-d714-4a32-a108-545dbc0a5f90,U001262,2022-07-06 19:00:43,19:00:43,150122.46,purchase,M00229,USD,success,pos,D002720,185.180.35.57,credit_card,Bangkok,"10.180902,108.081921",19,F,2014-05-22,active,0.89,0,0,0,auto_approved,0.281,2022
18631404-e3b5-4e39-b836-f35450f30b78,U000286,2022-11-12 08:16:31,08:16:31,432084.48,transfer,M00376,VND,failed,atm,D002267,180.43.63.171,mobile_wallet,Kuala Lumpur,"11.10691,103.863053",22,M,2021-06-25,active,0.83,0,0,0,auto_approved,0.0613,2022
b727e039-d376-41f7-ba5a-7b479637f23b,U001260,2022-08-04 12:32:29,12:32:29,944747.12,online_payment,M00184,USD,success,pos,D001008,96.138.202.174,debit_card,Kuala Lumpur,"8.471909,103.742352",45,M,2017-12-26,active,0.84,0,0,0,auto_approved,0.2681,2022
a9867075-bbea-4713-9a68-691ac468621a,U000801,2022-11-13 14:12:43,14:12:43,1496189.3,bill_payment,M00229,USD,success,mobile,D000777,46.61.33.64,debit_card,Bangkok,"20.13519,104.070294",32,M,2022-01-24,active,0.8,0,0,0,auto_approved,0.4324,2022
aee62439-0f68-4d1f-9503-3db86c5969ef,U001681,2022-03-11 00:37:57,00:37:57,149275.73,bill_payment,M00317,USD,success,mobile,D001184,226.167.148.178,bank_transfer,Bangkok,"12.169303,104.37857",25,F,2019-05-02,active,0.93,0,1,0,auto_approved,0.5252,2022
400d4341-6547-463f-94dd-e4995ad85de4,U001285,2022-01-09 17:36:24,17:36:24,840090.45,cash_withdrawal,M00102,VND,success,pos,D000588,136.209.157.197,credit_card,Bangkok,"19.349072,104.645632",20,M,2018-03-01,active,0.73,0,0,0,auto_approved,0.2132,2022
a3d18f5c-44fc-4b93-abe9-f2269874df69,U000530,2022-08-11 23:55:40,23:55:40,422008.22,online_payment,M00167,USD,pending,atm,D002827,52.90.183.4,mobile_wallet,Ho Chi Minh City,"21.829694,102.058129",30,M,2019-01-16,blocked,0.97,0,0,0,auto_approved,0.423,2022
0fc8228d-6263-42e4-9d6d-d991b67cc267,U001842,2022-09-03 13:44:01,13:44:01,440357.91,cash_withdrawal,M00370,VND,success,atm,D002112,188.52.83.130,bank_transfer,Da Nang,"10.652178,108.313552",20,F,2016-08-16,active,0.55,3,1,0,auto_approved,0.3787,2022
f069d180-55a0-44c6-9e22-5a406cba4b53,U000260,2022-05-03 17:16:54,17:16:54,959544.84,transfer,M00303,VND,success,desktop,D002414,36.211.10.188,debit_card,Kuala Lumpur,"10.942326,102.866226",65,F,2018-03-14,active,0.71,0,0,0,auto_approved,0.0167,2022
2878ff32-06cd-4e71-bdd5-dde221a4a323,U000948,2022-05-13 11:57:56,11:57:56,1049479.22,transfer,M00158,VND,success,desktop,D000831,34.153.250.237,debit_card,Kuala Lumpur,"17.23264,102.754988",66,F,2016-07-01,active,0.67,0,0,0,auto_approved,0.0308,2022
ece6e610-18af-433a-a95c-0b29992052c7,U001497,2022-06-25 08:35:39,08:35:39,747190.53,transfer,M00331,VND,pending,pos,D002119,212.244.63.198,credit_card,Kuala Lumpur,"14.455481,105.508212",45,M,2018-02-13,active,0.51,0,0,0,auto_approved,0.1707,2022
1555a144-f796-4c00-a9b2-c440d11d0f70,U000574,2022-07-08 10:42:39,10:42:39,1388707.29,transfer,M00346,VND,success,atm,D001568,246.81.151.219,mobile_wallet,Da Nang,"17.429328,108.80012",55,F,2017-08-15,active,0.63,0,0,0,auto_approved,0.1361,2022
b6d66af8-d531-4d8a-b5ca-5e196758d6a6,U001158,2022-05-13 05:38:44,05:38:44,55113.47,purchase,M00185,VND,success,pos,D000401,199.124.184.15,mobile_wallet,Ho Chi Minh City,"20.37851,104.769929",19,F,2019-02-17,active,0.95,1,0,0,auto_approved,0.2207,2022
1df04f2d-c2c5-43dd-b03f-cd8d40fcfdb8,U000837,2022-02-02 02:40:03,02:40:03,219894.98,purchase,M00392,VND,success,mobile,D002242,135.163.165.163,credit_card,Singapore,"21.017,104.442929",20,F,2017-03-09,active,0.59,0,0,0,auto_approved,0.1109,2022
240c12aa-34f2-410f-a68b-57119aacb8c0,U001092,2022-10-07 02:15:58,02:15:58,1185658.71,bill_payment,M00364,USD,success,desktop,D001250,111.106.153.186,bank_transfer,Da Nang,"8.336447,107.080147",64,F,2015-08-30,active,0.52,1,1,0,auto_approved,0.5294,2022
31a8de61-89c6-4fdd-a4b9-d6f27124ac45,U001957,2022-11-11 07:31:26,07:31:26,439169.96,purchase,M00465,VND,success,atm,D000434,130.29.199.36,debit_card,Singapore,"19.505176,104.784634",67,F,2020-03-01,active,0.59,2,1,1,pending_review,0.5479,2022
b8c30ba7-91e6-4618-b8f0-eff6677bf19b,U001954,2022-12-28 18:14:00,18:14:00,505240.1,transfer,M00340,USD,success,pos,D002701,132.177.53.167,debit_card,Ho Chi Minh City,"21.714311,103.059798",63,M,2017-10-09,active,0.89,0,0,0,auto_approved,0.2109,2022
623e581f-2829-4431-b2d3-a982e40838e5,U001496,2022-06-06 04:08:49,04:08:49,310441.7,purchase,M00406,VND,success,atm,D000537,203.147.236.2,credit_card,Hanoi,"18.028804,102.521186",22,M,2017-07-31,active,0.58,0,0,0,auto_approved,0.3711,2022
e11d826e-16d6-4a51-addd-8fc1c7f765ac,U000684,2022-04-10 13:21:29,13:21:29,318631.87,purchase,M00130,USD,success,atm,D001481,234.8.136.220,debit_card,Kuala Lumpur,"18.734587,102.252551",46,F,2018-05-29,active,0.54,0,0,0,auto_approved,0.3175,2022
08520930-d598-4a7a-9d5e-e8bc5662e35b,U001105,2022-10-27 06:59:13,06:59:13,1180607.55,purchase,M00421,USD,success,desktop,D000940,210.83.120.210,credit_card,Kuala Lumpur,"17.810538,106.563417",46,F,2015-06-17,active,0.5,0,0,0,auto_approved,0.0624,2022
04b8c477-7aaa-431f-b450-708cd1a4c54f,U000405,2022-01-06 03:35:54,03:35:54,614167.69,transfer,M00326,USD,success,mobile,D000974,117.240.57.52,bank_transfer,Kuala Lumpur,"19.806934,102.010412",67,M,2018-04-01,active,0.49,0,0,0,auto_approved,0.4287,2022
51e33d42-9937-4959-92ab-20abda3306ce,U000797,2022-03-06 15:53:43,15:53:43,1021103.25,transfer,M00121,USD,success,mobile,D001007,195.123.120.180,mobile_wallet,Hanoi,"12.363323,104.692813",41,F,2020-11-23,active,0.85,0,0,0,auto_approved,0.4375,2022
a0f3b6d4-5d87-4b19-8094-f8e65421a191,U001224,2022-01-10 17:03:40,17:03:40,1028416.08,cash_withdrawal,M00154,VND,success,mobile,D000163,238.160.247.171,debit_card,Bangkok,"12.647293,106.495492",40,M,2020-09-21,active,0.62,0,0,0,auto_approved,0.4192,2022
c7cec59e-e044-4dd4-900f-24f5b395f64b,U000732,2022-04-29 23:35:57,23:35:57,767529.19,transfer,M00214,VND,success,desktop,D002323,168.164.143.253,mobile_wallet,Singapore,"16.801606,103.163025",57,F,2022-01-10,active,0.9,0,0,0,auto_approved,0.0846,2022
833e4d27-b2d9-48e9-aa90-0c0d293ecc0d,U000665,2022-06-06 10:19:39,10:19:39,524120.51,purchase,M00034,USD,success,atm,D002589,48.62.8.229,credit_card,Kuala Lumpur,"13.977173,103.596106",26,M,2016-12-27,active,0.89,0,0,0,auto_approved,0.3292,2022
c4cd934c-6bb5-43b1-8d8e-628fa9f7dffd,U001651,2022-04-11 15:27:12,15:27:12,865939.51,online_payment,M00141,USD,success,mobile,D000925,38.157.61.139,credit_card,Kuala Lumpur,"9.075061,102.366517",66,F,2017-04-22,active,0.83,0,0,0,auto_approved,0.0241,2022
678c3509-d737-4c0a-be5a-9e729ed65d54,U001388,2022-06-07 05:55:10,05:55:10,387401.71,transfer,M00258,VND,success,desktop,D002372,158.251.66.149,bank_transfer,Bangkok,"21.444023,102.120744",23,M,2019-07-11,under_review,0.45,0,0,0,auto_approved,0.1724,2022
c677e348-901a-43aa-a98a-8b390fb99a7f,U000490,2022-01-03 17:05:02,17:05:02,331753.3,online_payment,M00383,VND,failed,atm,D000748,166.80.237.118,credit_card,Kuala Lumpur,"15.303606,103.24204",54,M,2020-04-20,active,0.97,0,0,0,auto_approved,0.3007,2022
bd656a8b-84b4-452d-a2c1-9ab2c6d139c3,U001324,2022-01-12 19:32:59,19:32:59,420415.69,bill_payment,M00155,VND,success,mobile,D001070,160.20.219.98,credit_card,Ho Chi Minh City,"17.735265,108.145236",29,M,2016-10-13,active,0.92,0,0,0,auto_approved,0.2894,2022
7b5b3857-02a7-499e-a153-19a2017c3d2c,U000899,2022-10-13 06:34:29,06:34:29,254294.49,purchase,M00083,USD,success,pos,D000814,160.68.108.198,credit_card,Hanoi,"21.729018,107.833622",22,F,2020-11-12,active,0.85,0,0,0,auto_approved,0.2702,2022
5770970d-cbdd-47c0-bfff-74168744f80d,U001724,2022-04-07 04:16:05,04:16:05,602531.88,cash_withdrawal,M00226,VND,pending,mobile,D002776,204.174.223.118,mobile_wallet,Hanoi,"18.571613,107.992329",31,F,2016-02-15,active,0.8,0,0,0,auto_approved,0.27,2022
fbe5f60b-3c6c-4265-80fb-85d301073d85,U001528,2022-09-10 05:53:26,05:53:26,912346.99,online_payment,M00141,VND,success,desktop,D000790,53.5.19.134,credit_card,Ho Chi Minh City,"10.40578,108.286989",19,M,2022-02-05,active,0.9,0,0,0,auto_approved,0.301,2022
e8210f1a-dcb3-47cd-a3de-586cf85ee506,U001510,2022-12-04 08:22:58,08:22:58,76311.02,online_payment,M00108,USD,success,mobile,D001543,86.46.210.128,credit_card,Bangkok,"15.244677,106.420194",30,M,2017-02-05,active,0.82,0,0,0,auto_approved,0.0959,2022
266375ed-b59e-46ad-8323-3a15433fd18c,U000007,2022-07-25 04:49:05,04:49:05,435802.63,purchase,M00416,VND,success,mobile,D000824,159.239.173.203,mobile_wallet,Da Nang,"19.929463,106.815006",19,F,2016-03-28,active,0.73,0,0,0,auto_approved,0.1651,2022
d5f2aea1-d518-42f8-b55c-c5189d695803,U001112,2022-01-06 08:32:44,08:32:44,81455.45,bill_payment,M00463,VND,success,desktop,D000542,207.55.66.39,debit_card,Singapore,"11.66985,107.042212",19,F,2021-09-12,active,0.48,0,0,0,auto_approved,0.0934,2022
051040fa-89e8-4780-bdcf-9a617b6e744b,U000017,2022-02-15 22:57:40,22:57:40,623240.53,cash_withdrawal,M00115,VND,success,atm,D001155,42.171.190.16,debit_card,Singapore,"13.092563,102.739266",55,F,2020-01-07,under_review,0.84,0,0,0,auto_approved,0.2332,2022
5406dbea-fc82-4264-a4d9-1ef951d5afa7,U000687,2022-10-18 05:57:41,05:57:41,296515.58,cash_withdrawal,M00047,USD,success,pos,D000903,35.33.105.116,credit_card,Singapore,"15.234452,102.896473",20,F,2018-07-20,active,0.95,1,0,0,auto_approved,0.4113,2022
c5bb6ca0-fbdd-4f0a-9918-17cc3ea148d6,U000847,2022-07-14 20:13:13,20:13:13,56168.39,online_payment,M00026,USD,success,pos,D002216,21.13.84.96,debit_card,Ho Chi Minh City,"11.892525,107.005761",68,M,2021-10-26,active,0.82,0,0,0,auto_approved,0.2851,2022
ccb5c228-0c92-4a9d-9a71-b1ea4f2a2b2a,U001449,2022-06-04 00:23:20,00:23:20,212506.03,online_payment,M00294,VND,success,desktop,D001100,80.45.211.88,credit_card,Hanoi,"14.365162,103.368284",29,M,2016-10-31,active,0.97,0,0,0,auto_approved,0.0299,2022
edb4fb22-e78d-48bc-acc2-c592af817905,U001763,2022-02-10 14:45:22,14:45:22,62233.04,transfer,M00321,USD,success,atm,D002355,255.11.144.185,bank_transfer,Ho Chi Minh City,"9.283005,104.173687",51,M,2018-05-18,active,0.94,1,0,0,auto_approved,0.2345,2022
20bc0e2c-7d98-4deb-897d-8620050f3f3f,U000580,2022-01-02 19:26:43,19:26:43,882043.44,bill_payment,M00403,VND,success,pos,D000201,178.184.143.42,credit_card,Kuala Lumpur,"21.374046,105.543423",46,F,2020-02-18,active,0.62,0,0,0,auto_approved,0.0614,2022
5fab8ef5-a502-49ac-8576-cbb9e13f9936,U001158,2022-10-31 11:15:52,11:15:52,4323965.39,cash_withdrawal,M00432,VND,success,atm,D000901,190.222.159.13,debit_card,Bangkok,"19.933954,107.819229",42,M,2021-03-22,active,0.69,0,1,0,auto_approved,0.4395,2022
c82a3f2b-78c3-4c36-9908-6b08712dcb0d,U000653,2022-08-24 23:04:10,23:04:10,230774.45,purchase,M00256,VND,success,mobile,D000996,30.197.211.46,credit_card,Ho Chi Minh City,"21.121952,105.147253",48,F,2020-11-21,active,0.57,0,1,0,auto_approved,0.6559,2022
8afcebf6-60e9-4810-8c95-d1ee3e2e6ed8,U000521,2022-06-05 14:09:41,14:09:41,1264484.81,cash_withdrawal,M00180,USD,success,mobile,D000928,24.101.251.41,debit_card,Hanoi,"12.655059,102.574476",61,M,2015-10-16,active,0.9,0,0,0,auto_approved,0.3443,2022
a956dffe-cfea-4adf-8d84-f224d70e574a,U001445,2022-04-14 08:23:26,08:23:26,77907.5,transfer,M00098,VND,success,pos,D002077,159.173.93.247,debit_card,Hanoi,"18.71644,108.553271",69,F,2015-03-01,active,0.77,0,0,0,auto_approved,0.2108,2022
518c1c47-5a10-4416-8749-f1221a0eec41,U000218,2022-11-07 11:43:24,11:43:24,5058173.17,purchase,M00063,VND,success,pos,D000627,92.235.63.56,bank_transfer,Da Nang,"12.278506,106.139308",47,F,2014-10-19,active,0.92,0,1,0,auto_approved,0.3036,2022
ab8408b1-41ab-4d2f-9195-584d25dc5837,U001137,2022-07-23 05:48:52,05:48:52,4530962.41,online_payment,M00089,USD,success,atm,D001804,238.182.172.223,mobile_wallet,Kuala Lumpur,"13.855382,107.495268",33,F,2014-07-06,active,0.95,0,1,1,pending_review,0.3671,2022
790b37a6-7fd1-487f-90f3-29acab175765,U000453,2022-04-23 03:46:01,03:46:01,2877.77,online_payment,M00120,USD,success,desktop,D002147,202.99.165.94,bank_transfer,Ho Chi Minh City,"9.526741,104.446142",61,M,2018-10-28,active,0.63,0,0,0,auto_approved,0.3812,2022
afb91f33-5ffd-4b95-b81f-312ea0750ea1,U000382,2022-11-23 11:38:13,11:38:13,14589.34,purchase,M00349,USD,success,atm,D002604,226.172.28.70,debit_card,Bangkok,"21.993049,104.6346",70,F,2020-07-09,active,0.89,1,0,0,auto_approved,0.3608,2022
45dd1162-59be-477f-9856-30fb3b4299a4,U001825,2022-07-27 10:51:09,10:51:09,827019.36,online_payment,M00131,USD,success,desktop,D002368,36.86.43.187,mobile_wallet,Da Nang,"18.65617,102.858694",56,F,2015-09-08,active,0.83,0,0,0,auto_approved,0.2774,2022
f490bc8d-64bc-44aa-8589-25e8b52e938b,U001545,2022-12-28 21:08:06,21:08:06,60540.41,online_payment,M00425,VND,success,atm,D002024,119.114.134.224,bank_transfer,Hanoi,"13.947658,105.131562",34,F,2018-02-08,active,0.98,0,0,0,auto_approved,0.0668,2022
3e26bcc2-41db-4e3c-a94e-92772fc2b313,U001596,2022-02-01 00:26:51,00:26:51,115901.91,transfer,M00418,USD,success,desktop,D000278,181.164.66.14,bank_transfer,Singapore,"14.81871,105.696696",26,F,2019-04-01,active,0.98,0,0,0,auto_approved,0.0634,2022
75ffa168-22a4-46c9-90d6-b1096b6bf7df,U000918,2022-01-16 08:07:35,08:07:35,1777355.47,cash_withdrawal,M00388,USD,success,mobile,D002484,35.247.149.231,debit_card,Bangkok,"9.745752,107.520857",49,F,2018-02-01,active,0.48,0,0,0,auto_approved,0.0318,2022
4f72b244-acb1-4556-b9f8-85714e25021d,U000449,2022-07-27 20:47:54,20:47:54,391606.52,purchase,M00127,VND,success,pos,D002666,234.109.9.127,debit_card,Ho Chi Minh City,"10.706027,102.198036",29,F,2017-02-13,active,0.66,0,0,0,auto_approved,0.2544,2022
5f907f11-a0ee-46ac-8f56-430a68cd22aa,U001917,2022-12-15 21:18:10,21:18:10,250899.56,purchase,M00487,USD,success,atm,D000072,76.67.205.137,credit_card,Da Nang,"19.471779,105.939336",56,F,2014-12-29,active,0.7,0,0,0,auto_approved,0.0372,2022
be828e98-0227-4c6c-bec7-f9742f0e392a,U001563,2022-02-16 11:32:43,11:32:43,665420.28,online_payment,M00449,VND,success,desktop,D000531,184.81.243.213,debit_card,Bangkok,"18.023988,103.740914",67,M,2015-11-26,active,0.87,0,1,0,auto_approved,0.5033,2022
adab4951-0cb2-4ca8-ae17-01303ebbaf74,U000534,2022-08-23 01:01:35,01:01:35,482566.92,cash_withdrawal,M00219,USD,success,pos,D000909,227.206.152.156,debit_card,Hanoi,"11.58055,106.096767",60,F,2016-10-20,active,0.53,0,0,0,auto_approved,0.4115,2022
10d89e81-0669-4deb-a8c2-ce53e36b326e,U000280,2022-09-27 03:38:50,03:38:50,43779.7,transfer,M00120,VND,failed,desktop,D001287,4.228.163.3,bank_transfer,Da Nang,"11.818974,105.811795",25,F,2014-12-17,active,0.5,0,0,0,auto_approved,0.1535,2022
cb7138b9-e588-4127-b0e8-fa4a0deb8c36,U001614,2022-04-06 22:17:28,22:17:28,222358.19,cash_withdrawal,M00279,VND,success,pos,D001261,53.72.125.102,mobile_wallet,Singapore,"18.056841,105.290365",35,M,2017-07-28,active,0.54,0,0,0,auto_approved,0.0543,2022
0ee16a74-7f96-4c35-a02f-44f24f7f61e7,U000119,2022-05-24 19:35:01,19:35:01,774573.77,purchase,M00458,USD,success,atm,D002751,174.123.70.110,bank_transfer,Bangkok,"20.652014,105.810635",68,F,2016-05-07,under_review,0.57,0,0,0,auto_approved,0.3599,2022
165082a9-6711-4426-9b8a-63ddbefef897,U001229,2022-08-31 13:59:13,13:59:13,204553.99,online_payment,M00278,USD,success,atm,D001953,104.168.148.1,mobile_wallet,Bangkok,"20.412819,107.444573",58,M,2017-09-21,active,0.88,1,0,0,auto_approved,0.3238,2022
29bf95d1-b645-4d6f-9b6d-783e4d628952,U001620,2022-10-26 12:04:26,12:04:26,422417.54,purchase,M00020,USD,success,pos,D000069,227.46.80.66,debit_card,Bangkok,"9.819704,103.587644",19,M,2019-03-10,active,0.92,0,0,0,auto_approved,0.2345,2022
b4666b24-5279-4f15-9e38-eb8b091322f2,U000070,2022-09-27 07:05:56,07:05:56,1143577.98,online_payment,M00228,USD,success,atm,D000021,10.235.239.3,mobile_wallet,Hanoi,"17.677798,107.559259",40,M,2021-02-04,active,0.5,0,0,0,auto_approved,0.3654,2022
e1aa40cb-4152-43a3-87c5-dc166ff9ba31,U000332,2022-08-15 17:33:18,17:33:18,1920976.76,transfer,M00495,VND,success,desktop,D002354,229.117.58.103,credit_card,Bangkok,"16.344446,103.001429",45,F,2021-04-11,active,0.53,0,0,0,auto_approved,0.1538,2022
13adb6b7-2904-4596-abc8-16be19a5c464,U000740,2022-08-18 23:15:35,23:15:35,1047598.67,transfer,M00248,VND,success,atm,D002180,250.76.162.170,debit_card,Kuala Lumpur,"17.720619,105.52686",35,M,2015-09-06,active,0.57,0,0,0,auto_approved,0.1753,2022
a44fcb8c-8d34-4364-bc63-541a185adc54,U001295,2022-11-25 20:09:04,20:09:04,182343.72,online_payment,M00399,VND,success,desktop,D002317,183.255.96.242,credit_card,Bangkok,"15.348497,107.589789",48,M,2020-08-10,active,0.56,0,0,0,auto_approved,0.0482,2022
e11386c0-89c1-4691-a89d-9109a6855d4c,U001470,2022-02-23 01:52:46,01:52:46,34749.96,bill_payment,M00026,VND,success,atm,D000947,245.84.23.38,credit_card,Da Nang,"14.723132,104.804004",48,M,2019-03-19,active,0.5,1,0,0,auto_approved,0.3098,2022
c9ae33b0-8f61-4ca5-b6f7-11654330b14c,U001445,2022-04-11 02:58:56,02:58:56,297495.17,cash_withdrawal,M00087,USD,success,desktop,D002255,36.5.218.228,bank_transfer,Bangkok,"17.615504,106.248556",40,F,2020-01-23,active,0.94,1,1,0,auto_approved,0.6258,2022
3d7ab657-7950-47c1-b9b9-65c6213adfb7,U000141,2022-05-01 19:31:45,19:31:45,47379.51,purchase,M00440,VND,success,mobile,D001504,9.163.94.58,credit_card,Hanoi,"20.376179,108.731681",57,F,2020-01-03,active,0.62,1,0,0,auto_approved,0.2077,2022
9c9ce1e3-421d-4a28-a5d6-baa7a5057e82,U000339,2022-02-08 08:01:29,08:01:29,633288.34,online_payment,M00041,USD,success,pos,D002916,157.38.45.147,debit_card,Hanoi,"20.210409,108.744609",56,F,2019-11-02,active,0.84,0,0,0,auto_approved,0.1367,2022
effa8061-8f8b-4964-b4cc-ac0a573558ed,U000329,2022-09-27 02:16:58,02:16:58,2242137.38,purchase,M00076,VND,success,mobile,D001227,98.186.118.14,credit_card,Kuala Lumpur,"14.591553,107.26309",57,F,2017-05-28,active,0.87,0,0,0,auto_approved,0.272,2022
142ecf82-f94b-4bb5-b647-9b31454a4333,U001881,2022-07-16 18:31:59,18:31:59,275376.13,transfer,M00232,USD,success,desktop,D001073,41.78.126.9,mobile_wallet,Bangkok,"19.004635,102.267443",48,M,2015-12-14,active,0.96,0,0,0,auto_approved,0.4474,2022
18cb1296-caa3-4f3b-88d3-d81ece569cec,U000343,2022-07-27 14:51:40,14:51:40,1571494.74,online_payment,M00008,VND,success,mobile,D001286,140.3.53.183,bank_transfer,Kuala Lumpur,"19.297999,102.480033",20,F,2017-05-01,active,0.75,0,0,0,auto_approved,0.3734,2022
1e789281-cf81-4480-999f-992456d4ccc6,U000785,2022-05-13 20:27:36,20:27:36,906870.15,purchase,M00342,USD,success,mobile,D002760,130.159.31.34,debit_card,Da Nang,"20.934492,105.752881",58,M,2021-12-01,under_review,0.82,0,0,0,auto_approved,0.2262,2022
9972a51c-3e1c-4a68-9dbe-ea45c4e7e13a,U001783,2022-12-01 20:23:21,20:23:21,623077.1,online_payment,M00264,USD,success,mobile,D000229,219.98.199.204,credit_card,Singapore,"12.713915,107.913909",48,F,2018-02-05,active,0.56,3,1,0,auto_approved,0.5784,2022
4d3552f6-bb6c-4ad3-bba6-d757433a4362,U000037,2022-07-18 00:40:32,00:40:32,686486.7,purchase,M00418,VND,success,desktop,D001159,68.134.18.5,mobile_wallet,Kuala Lumpur,"11.436799,105.759985",45,F,2015-07-31,active,0.57,0,0,0,auto_approved,0.2837,2022
1362752c-5c33-43a5-a15c-adaea182870c,U000559,2022-09-21 22:33:38,22:33:38,130542.13,bill_payment,M00046,USD,success,desktop,D002538,176.41.33.252,bank_transfer,Ho Chi Minh City,"12.933217,102.866336",20,M,2020-02-15,active,0.53,0,1,1,pending_review,0.4152,2022
9b4443c7-57be-4633-a5f9-33cb60e5ba2b,U001639,2022-02-03 07:36:37,07:36:37,301731.38,bill_payment,M00379,USD,success,mobile,D000863,246.191.183.130,credit_card,Hanoi,"10.9678,108.648737",65,F,2018-10-07,active,0.64,0,0,0,auto_approved,0.1763,2022
4c4b7adc-0e73-4945-a3a2-fa35f21310a2,U001328,2022-07-24 16:59:50,16:59:50,79661.59,cash_withdrawal,M00232,VND,success,desktop,D002269,27.28.155.5,bank_transfer,Da Nang,"16.058683,105.392027",35,F,2015-01-31,active,0.9,0,0,0,auto_approved,0.3129,2022
a10f60ba-d79f-4081-927e-cd7c4e22895a,U001647,2022-11-09 13:40:49,13:40:49,277754.26,purchase,M00348,USD,success,mobile,D001183,124.26.152.143,credit_card,Da Nang,"8.296012,103.786695",37,M,2016-07-23,active,0.59,0,1,1,pending_review,0.5379,2022
f9da9e58-7581-4d12-ad65-dde02ea87c88,U001423,2022-12-02 08:39:16,08:39:16,35685.28,online_payment,M00355,USD,pending,desktop,D002863,9.172.80.198,mobile_wallet,Bangkok,"20.475236,103.693692",68,F,2019-01-04,active,0.8,0,0,0,auto_approved,0.2839,2022
96343065-1e1e-4c35-a825-c2b5fc7419eb,U001574,2022-01-15 08:43:00,08:43:00,354265.95,transfer,M00024,VND,success,mobile,D001836,101.24.50.248,bank_transfer,Da Nang,"12.37782,105.91298",33,F,2014-06-13,active,0.49,0,0,0,auto_approved,0.3732,2022
c8e19574-e439-4087-9132-d90925e4984b,U000309,2022-08-31 20:06:51,20:06:51,271376.15,purchase,M00072,VND,success,mobile,D001718,39.157.7.145,debit_card,Kuala Lumpur,"16.047146,106.17293",23,F,2014-12-29,active,0.62,0,0,0,auto_approved,0.1123,2022
e86609ac-004d-4cf9-a52e-6d43b2240968,U000403,2022-11-24 06:17:48,06:17:48,301559.25,online_payment,M00097,VND,success,mobile,D002450,142.54.92.173,credit_card,Da Nang,"9.220542,103.320347",25,M,2018-10-07,active,0.87,0,0,0,auto_approved,0.1041,2022
ac4b321e-8e3b-44ed-8080-0dc483e002f5,U001016,2022-05-01 22:29:20,22:29:20,23897.21,online_payment,M00368,VND,success,atm,D002454,231.72.228.94,mobile_wallet,Hanoi,"20.391598,102.061652",69,F,2022-02-04,active,0.65,0,0,0,auto_approved,0.3014,2022
08c4a2a6-87c9-4a41-8cf4-56af0ccdf91f,U000676,2022-01-24 06:22:37,06:22:37,1400339.25,online_payment,M00114,VND,success,atm,D002500,199.54.222.193,bank_transfer,Kuala Lumpur,"16.605086,106.984721",23,F,2019-04-10,active,0.99,0,0,0,auto_approved,0.3596,2022
40f3abb5-cee4-497d-b19a-79b18d9b37f4,U000685,2022-03-02 23:10:39,23:10:39,637693.98,purchase,M00091,VND,success,desktop,D001647,162.178.253.28,mobile_wallet,Hanoi,"14.453677,105.45718",58,F,2021-12-09,active,0.87,0,0,0,auto_approved,0.3307,2022
994623a4-8eea-4e54-acca-08e5e45c2a1f,U001510,2022-05-04 10:25:45,10:25:45,930646.59,purchase,M00189,VND,success,mobile,D002173,24.223.54.22,bank_transfer,Singapore,"8.898831,103.238971",60,F,2019-12-04,active,0.51,0,1,0,auto_approved,0.1717,2022
8c904aa7-1792-40ee-b3ef-38f78379ce7a,U000488,2022-08-28 01:44:30,01:44:30,731992.54,bill_payment,M00248,USD,success,atm,D002359,214.44.132.34,mobile_wallet,Hanoi,"9.626798,105.453852",67,M,2022-03-30,active,0.94,0,1,0,auto_approved,0.3218,2022
59ce5294-4dae-4ae0-9903-a024f59f34ac,U001660,2022-10-10 08:39:57,08:39:57,721406.85,bill_payment,M00315,USD,success,atm,D002844,250.59.79.184,debit_card,Da Nang,"8.297432,106.287955",37,M,2017-06-13,active,0.49,0,0,0,auto_approved,0.0975,2022
539b1424-6d8c-464b-9ed9-81e8e9dade43,U001638,2022-08-31 14:29:37,14:29:37,47585.86,purchase,M00413,VND,failed,atm,D002300,193.86.132.23,bank_transfer,Singapore,"15.882611,107.763943",32,M,2022-02-15,active,0.57,0,0,0,auto_approved,0.1206,2022
ae180a3f-ee70-4214-b0be-574686490b7a,U001783,2022-01-04 21:19:29,21:19:29,849070.12,purchase,M00015,VND,failed,desktop,D002672,200.32.200.47,bank_transfer,Kuala Lumpur,"11.085366,102.30901",63,M,2014-08-22,active,0.58,0,0,0,auto_approved,0.3385,2022
c7bba94c-2eef-4006-89ad-a1c30efb1490,U000640,2022-09-08 16:11:53,16:11:53,478757.62,transfer,M00200,VND,success,atm,D001405,207.104.13.149,mobile_wallet,Kuala Lumpur,"16.636801,104.10387",34,M,2017-08-30,active,0.85,0,0,0,auto_approved,0.1536,2022
4434053d-4f69-4906-a346-f356dbb0d949,U001151,2022-07-23 15:41:24,15:41:24,118798.51,online_payment,M00486,VND,success,mobile,D000357,250.0.208.2,bank_transfer,Ho Chi Minh City,"13.656911,102.34016",29,M,2020-08-14,under_review,0.92,0,0,0,auto_approved,0.2391,2022
c00eae9c-8e09-4aa1-81db-711a60ede132,U001279,2022-07-15 05:15:25,05:15:25,492362.24,purchase,M00011,VND,success,pos,D000889,90.99.53.184,bank_transfer,Singapore,"14.221455,108.732982",23,F,2017-05-14,active,0.49,3,1,0,auto_approved,0.293,2022
915021aa-74f4-4b5d-8594-778c789cc03f,U001046,2022-02-11 18:04:23,18:04:23,466166.67,transfer,M00390,VND,success,mobile,D000806,106.169.153.161,credit_card,Kuala Lumpur,"16.80156,104.817751",43,F,2018-12-09,active,0.56,0,0,0,auto_approved,0.1196,2022
03959cd6-bd43-4e50-8ac6-5d6a411556f7,U001286,2022-04-29 12:55:14,12:55:14,221786.05,bill_payment,M00294,USD,success,pos,D002318,152.128.247.72,mobile_wallet,Hanoi,"21.45006,104.855232",52,M,2015-05-06,active,0.51,0,0,0,auto_approved,0.3302,2022
1b0c9e23-1815-4d12-9555-66fae7ade17d,U000538,2022-02-18 14:02:47,14:02:47,1024692.58,cash_withdrawal,M00092,VND,success,atm,D001794,247.32.4.63,mobile_wallet,Bangkok,"15.437676,102.641409",58,F,2016-10-09,active,0.86,0,0,0,auto_approved,0.3163,2022
a5c5cf61-17e1-4b60-8987-2b4bff713b81,U000823,2022-01-21 20:00:33,20:00:33,419310.4,transfer,M00071,VND,success,mobile,D002555,176.36.43.38,bank_transfer,Singapore,"11.964141,104.866874",29,M,2018-02-28,active,0.56,1,0,0,auto_approved,0.5299,2022
2ee46195-32d4-4264-a492-40affb24947d,U001947,2022-05-21 04:48:36,04:48:36,1129872.71,bill_payment,M00286,VND,success,pos,D001795,45.64.101.124,mobile_wallet,Bangkok,"19.023003,104.32232",18,F,2015-10-01,active,0.51,0,0,0,auto_approved,0.2744,2022
aa09ce98-48cc-4f9f-90f6-65ef026e7bf0,U001283,2022-02-08 08:38:51,08:38:51,355041.02,bill_payment,M00147,USD,success,desktop,D000670,192.140.192.249,bank_transfer,Ho Chi Minh City,"11.602937,104.904565",62,M,2016-05-28,active,0.92,2,1,0,auto_approved,0.105,2022
ffadba92-5070-44d3-95da-9b082c17b8ac,U001655,2022-02-13 20:03:26,20:03:26,1548080.49,online_payment,M00297,VND,success,pos,D000662,142.139.74.113,credit_card,Kuala Lumpur,"13.209557,105.462879",29,M,2018-03-22,active,0.85,0,1,0,auto_approved,0.2344,2022
ae7bfb24-b393-4ae7-b686-0f6ad5411c72,U001104,2022-01-01 20:14:45,20:14:45,56465.23,bill_payment,M00169,VND,success,pos,D000868,181.24.27.14,credit_card,Bangkok,"10.060138,108.822946",49,M,2018-06-25,active,0.66,0,1,0,auto_approved,0.4259,2022
dac3c4a0-d728-4b55-ba13-383e157cd578,U001082,2022-05-20 22:13:48,22:13:48,228310.86,cash_withdrawal,M00381,VND,success,desktop,D000667,241.202.169.20,credit_card,Singapore,"11.382354,102.004971",19,F,2015-10-02,active,0.56,0,0,0,auto_approved,0.0785,2022
c9412e1a-f2d2-4bd6-ab42-5f1343b2fd3d,U001538,2022-06-07 15:11:03,15:11:03,609423.64,online_payment,M00174,USD,success,mobile,D000567,205.39.230.241,bank_transfer,Da Nang,"19.259472,106.247214",33,M,2019-03-01,active,0.78,0,0,0,auto_approved,0.3839,2022
860762a7-b8f0-49ff-a3c8-95e0586c472f,U001236,2022-04-01 14:35:28,14:35:28,201309.55,bill_payment,M00211,VND,success,pos,D002725,182.106.51.217,bank_transfer,Singapore,"11.170041,106.072752",32,M,2015-10-25,active,0.86,0,0,0,auto_approved,0.3079,2022
e287ea84-7335-4039-a3e4-7b74b4b5a75b,U000436,2022-08-26 10:57:36,10:57:36,1156153.81,purchase,M00347,VND,success,desktop,D001768,35.23.62.251,debit_card,Ho Chi Minh City,"14.150862,104.974652",65,M,2017-05-06,active,0.8,0,0,0,auto_approved,0.1438,2022
6fb9bbb4-42ce-4ff4-8fb9-3d8e6340b943,U000296,2022-11-14 02:30:53,02:30:53,22142.76,purchase,M00288,USD,success,desktop,D002602,66.134.175.188,debit_card,Hanoi,"19.863891,102.381358",51,F,2017-03-21,active,0.64,0,0,0,auto_approved,0.1069,2022
5f8c7dde-dfd2-45b4-baf9-9a103ffef360,U001039,2022-05-28 21:12:13,21:12:13,617360.49,bill_payment,M00356,VND,success,desktop,D001924,12.151.149.50,mobile_wallet,Kuala Lumpur,"13.440833,103.770115",51,F,2021-11-20,active,0.6,0,0,0,auto_approved,0.319,2022
5101798b-cb5b-4cfa-939f-edc6fed3bc32,U001554,2022-12-23 11:19:49,11:19:49,535170.05,bill_payment,M00017,VND,success,atm,D000514,222.29.32.98,credit_card,Bangkok,"19.162258,107.74573",43,M,2018-02-10,active,0.69,0,0,0,auto_approved,0.4041,2022
bfe37924-209c-4ec4-b0be-bdec1866f217,U001363,2022-11-13 00:15:04,00:15:04,43710.56,transfer,M00024,USD,success,mobile,D001740,181.198.152.231,bank_transfer,Ho Chi Minh City,"18.261505,105.197337",66,F,2016-09-15,active,0.53,0,0,0,auto_approved,0.429,2022
dca50464-64a3-4116-9f80-558692e4aa7d,U001836,2022-12-13 02:02:04,02:02:04,469847.37,transfer,M00499,USD,success,mobile,D000334,78.133.179.18,mobile_wallet,Singapore,"10.859415,104.221654",43,F,2022-01-14,active,0.85,3,1,0,auto_approved,0.3501,2022
27e4cede-3788-4cac-96ee-695c2132f1e5,U000912,2022-12-27 23:23:30,23:23:30,187154.08,purchase,M00248,VND,success,pos,D000123,76.157.208.107,credit_card,Bangkok,"12.277715,108.199544",33,M,2016-11-13,active,0.62,0,0,0,auto_approved,0.2159,2022
e744c531-9bf6-48a6-893a-125ec498e1a5,U000214,2022-07-03 10:00:37,10:00:37,102422.88,online_payment,M00440,USD,success,atm,D001894,165.45.231.86,bank_transfer,Hanoi,"12.01749,104.758019",50,F,2014-08-22,active,0.53,0,0,0,auto_approved,0.4389,2022
6f09110e-25dc-4131-949b-22b976aa5534,U001432,2022-06-07 18:24:32,18:24:32,885076.99,online_payment,M00082,VND,success,pos,D002336,108.18.208.150,bank_transfer,Singapore,"20.348203,104.43006",36,M,2018-03-08,active,0.88,0,1,0,auto_approved,0.3813,2022
d2bf3126-e674-4608-8b13-d04017e2bbec,U001643,2022-05-20 06:46:16,06:46:16,502006.04,transfer,M00154,VND,failed,desktop,D002569,110.253.170.183,mobile_wallet,Bangkok,"14.699272,104.859103",59,M,2019-08-21,active,0.96,0,0,0,auto_approved,0.1049,2022
62cb1bf9-bc13-43e4-ae15-3af49f673908,U001253,2022-01-25 11:04:00,11:04:00,3883550.48,cash_withdrawal,M00027,VND,success,atm,D001579,207.12.17.45,mobile_wallet,Bangkok,"11.538899,108.275378",51,F,2016-03-07,active,0.85,3,1,1,pending_review,0.5124,2022
34031ca9-7e6e-45a7-920d-570accfdad4d,U001795,2022-04-21 20:59:22,20:59:22,17342.95,cash_withdrawal,M00459,USD,success,desktop,D002511,121.66.16.255,mobile_wallet,Bangkok,"19.915671,103.055472",22,F,2018-11-03,active,0.78,0,0,0,auto_approved,0.2787,2022
239d4c02-4a06-40d1-bb5d-8444a42700bf,U001354,2022-04-13 09:12:22,09:12:22,73747.96,bill_payment,M00242,VND,success,desktop,D002448,151.180.161.45,credit_card,Singapore,"19.084626,108.160542",20,F,2019-10-26,active,0.86,0,1,0,auto_approved,0.3486,2022
723c4166-0326-4ec2-8894-ad58875e3cc8,U001670,2022-01-11 14:31:32,14:31:32,1131735.57,online_payment,M00096,VND,success,mobile,D001512,191.56.192.229,mobile_wallet,Bangkok,"11.219224,105.646895",24,M,2021-10-16,active,0.82,0,0,0,auto_approved,0.4322,2022
3ce7a4e5-8d6b-43cf-94f7-71b5b614d29f,U001689,2022-08-09 18:18:56,18:18:56,1828.68,online_payment,M00352,USD,success,mobile,D000080,100.76.42.41,mobile_wallet,Ho Chi Minh City,"13.491885,104.868687",38,M,2017-08-15,active,0.45,0,0,0,auto_approved,0.331,2022
ada2a5b9-42aa-464d-951c-10c1abf4d97e,U000282,2022-05-19 20:50:42,20:50:42,26682.86,transfer,M00060,USD,failed,mobile,D002979,67.96.221.96,mobile_wallet,Hanoi,"11.754772,106.625047",20,F,2020-07-10,active,0.68,0,0,0,auto_approved,0.2061,2022
519e29d5-e66d-44ae-a802-29a5c28c7204,U001727,2022-02-21 23:15:14,23:15:14,71125.78,cash_withdrawal,M00255,VND,success,mobile,D000752,218.164.128.84,bank_transfer,Hanoi,"13.020335,102.43062",51,F,2016-02-01,active,0.75,0,0,0,auto_approved,0.39,2022
17ab32f3-4374-453b-b32b-87a13234e4a8,U000932,2022-07-12 13:25:46,13:25:46,630129.89,cash_withdrawal,M00160,USD,success,mobile,D002355,122.117.0.7,debit_card,Singapore,"8.710587,108.852039",41,M,2018-03-09,active,0.7,0,0,0,auto_approved,0.0578,2022
904e3759-b05a-4ddc-852a-03ad74323d3f,U001453,2022-08-27 16:21:17,16:21:17,994178.25,cash_withdrawal,M00491,USD,success,pos,D000200,234.130.39.127,credit_card,Hanoi,"15.136343,104.069507",31,F,2017-06-19,active,0.5,2,1,0,auto_approved,0.2799,2022
2eb3b4cc-f683-4a67-96e9-73b2d1b17fd8,U000259,2022-04-07 22:58:10,22:58:10,809399.57,bill_payment,M00204,USD,success,pos,D002670,53.31.152.52,mobile_wallet,Kuala Lumpur,"10.38281,107.633155",60,M,2016-09-20,active,0.81,0,0,0,auto_approved,0.4297,2022
acb4d382-ef54-4de0-b6d6-4f5d8134b697,U001681,2022-11-24 16:43:11,16:43:11,916298.74,purchase,M00240,USD,success,atm,D002487,242.243.86.22,bank_transfer,Kuala Lumpur,"11.869653,105.867889",57,F,2019-05-24,active,0.86,0,0,0,auto_approved,0.3744,2022
f9387ed3-fedd-486e-9626-ccf8780f2659,U000571,2022-06-08 17:06:54,17:06:54,519083.89,transfer,M00407,USD,failed,atm,D001836,2.39.170.140,bank_transfer,Singapore,"15.702691,103.376018",49,M,2019-03-20,active,0.64,2,1,1,pending_review,0.4892,2022
bd7065af-2158-46ed-a195-2cdf95ab5271,U000662,2022-02-06 11:00:35,11:00:35,682669.15,purchase,M00225,VND,success,atm,D001967,92.226.142.93,mobile_wallet,Bangkok,"13.60948,108.122334",46,M,2017-04-19,active,0.75,0,0,0,auto_approved,0.2388,2022
071a4339-aa02-4455-86b9-c68410c3fae8,U001104,2022-05-25 00:21:52,00:21:52,1782323.4,purchase,M00312,VND,success,desktop,D001444,110.144.174.119,debit_card,Kuala Lumpur,"18.955067,107.42404",27,M,2015-03-21,active,0.94,0,0,0,auto_approved,0.1466,2022
8e393db9-4ab1-40b8-a042-65f1854d84a3,U000507,2022-02-06 22:34:16,22:34:16,1820420.95,purchase,M00115,VND,success,desktop,D000106,153.109.76.132,mobile_wallet,Ho Chi Minh City,"9.0358,106.144313",56,F,2020-08-30,active,0.7,0,0,0,auto_approved,0.3887,2022
b67b3dae-d6ae-446c-a1fd-96914a89e2e9,U000600,2022-01-19 11:12:23,11:12:23,1581419.61,cash_withdrawal,M00058,VND,success,pos,D002760,140.148.74.106,debit_card,Singapore,"10.200035,108.180675",56,M,2020-07-24,active,0.5,0,1,0,auto_approved,0.6008,2022
a17712ce-c8e5-46bc-8349-e610eda78d02,U001339,2022-12-01 21:12:17,21:12:17,2201978.28,purchase,M00425,VND,success,desktop,D000686,32.81.152.36,credit_card,Da Nang,"15.382858,103.35219",41,F,2022-07-22,active,0.55,0,0,0,auto_approved,0.3595,2022
59a15ad6-3ace-4c0e-bbdd-33ba51ffe612,U000018,2022-04-25 09:42:23,09:42:23,127649.63,transfer,M00233,USD,failed,desktop,D001629,201.219.102.163,bank_transfer,Kuala Lumpur,"14.278471,103.30856",65,F,2020-10-21,active,0.57,0,0,0,auto_approved,0.3128,2022
42a21eaa-16d7-4263-8af6-2b327a2fd7ed,U001245,2022-07-19 14:45:20,14:45:20,952717.15,transfer,M00345,USD,success,mobile,D002180,236.250.81.112,credit_card,Kuala Lumpur,"10.372685,107.471641",64,F,2021-02-28,active,0.92,1,0,0,auto_approved,0.3036,2022
27686392-d0f1-4643-a2c4-ffdbe46d9f97,U001117,2022-04-03 20:50:23,20:50:23,631727.61,bill_payment,M00496,VND,success,desktop,D000300,76.10.203.44,bank_transfer,Singapore,"18.760841,107.025255",36,M,2014-08-26,active,0.78,0,0,0,auto_approved,0.1486,2022
e570ce05-6211-4e9a-a53e-db40241cf5ad,U001671,2022-10-01 04:51:31,04:51:31,811078.64,purchase,M00360,USD,success,desktop,D002410,137.88.112.117,credit_card,Singapore,"14.771229,105.206764",30,F,2019-06-30,active,0.9,0,0,0,auto_approved,0.0274,2022
2cbf8d8f-8941-492f-9622-e43b0a27a0aa,U000339,2022-10-26 01:12:48,01:12:48,242609.14,purchase,M00212,USD,success,atm,D002848,82.69.165.142,credit_card,Singapore,"19.464812,106.576386",42,M,2018-01-17,active,0.63,0,0,0,auto_approved,0.3419,2022
693dc492-6e83-4c0f-a037-6741adaf414a,U000060,2022-01-25 00:54:52,00:54:52,14608.86,online_payment,M00051,VND,success,mobile,D001013,187.248.50.127,debit_card,Bangkok,"15.84406,106.239624",66,M,2019-07-31,active,0.49,1,0,0,auto_approved,0.4017,2022
2f7c9e0c-95a4-4211-8936-6a96d2d75990,U001433,2022-05-07 00:35:57,00:35:57,198633.34,online_payment,M00399,USD,success,mobile,D001447,211.177.4.170,mobile_wallet,Kuala Lumpur,"13.73391,107.721193",43,M,2019-06-30,active,0.73,0,1,0,auto_approved,0.242,2022
99a8592f-ed4b-4e75-b559-8b0a0c9b41fc,U000135,2022-12-13 13:53:00,13:53:00,323286.67,bill_payment,M00367,VND,success,atm,D002491,113.27.177.101,bank_transfer,Singapore,"14.079736,107.358755",56,M,2021-09-05,active,0.56,0,0,0,auto_approved,0.2625,2022
626a8fba-4b52-47d8-b280-d36ec86be81c,U001996,2022-12-18 10:30:54,10:30:54,1919750.57,online_payment,M00353,VND,success,mobile,D000462,131.26.168.162,mobile_wallet,Kuala Lumpur,"15.011061,102.697349",50,M,2016-04-22,active,0.49,0,0,0,auto_approved,0.349,2022
40e31ede-c828-4988-8920-bc7650a6298e,U000629,2022-04-18 14:03:14,14:03:14,2715572.63,cash_withdrawal,M00394,VND,success,pos,D001997,225.16.134.236,credit_card,Da Nang,"17.520519,103.535597",41,M,2019-02-06,active,0.53,0,0,0,auto_approved,0.4038,2022
52d7e3d8-9099-496b-9bd1-df85d5e3f3fe,U000987,2022-02-26 21:35:51,21:35:51,1170773.27,online_payment,M00309,USD,success,pos,D002437,30.43.233.36,debit_card,Ho Chi Minh City,"15.440914,105.282519",51,M,2018-05-14,active,0.61,0,0,0,auto_approved,0.2619,2022
33412df2-b08f-4b4b-bee2-22ed0559d221,U001226,2022-01-20 04:16:13,04:16:13,87762.72,purchase,M00353,VND,success,mobile,D002682,244.18.101.97,credit_card,Kuala Lumpur,"13.686386,106.881285",31,F,2021-10-04,active,0.84,1,0,0,auto_approved,0.5012,2022
bed7f211-75ed-444e-991c-92d1ae25b7b9,U001410,2022-12-05 06:07:01,06:07:01,627708.75,bill_payment,M00223,VND,success,atm,D001149,40.211.135.168,bank_transfer,Bangkok,"17.402717,108.265185",55,F,2022-10-01,active,0.66,0,0,0,auto_approved,0.3712,2022
2d4b473b-5683-45c0-b841-79f77d191ea9,U001837,2022-12-19 22:05:45,22:05:45,496129.04,purchase,M00346,USD,success,desktop,D000966,251.111.197.73,mobile_wallet,Singapore,"20.155385,104.073013",29,M,2021-04-24,active,0.84,1,0,0,auto_approved,0.3442,2022
bab26e46-7bf9-46ee-814c-b283a5e6677e,U000195,2022-09-08 22:10:14,22:10:14,127761.87,cash_withdrawal,M00208,VND,success,mobile,D000335,141.108.200.61,credit_card,Bangkok,"12.212376,108.03223",61,F,2017-08-21,active,0.81,0,0,0,auto_approved,0.0954,2022
8d727f86-1a7f-4ed8-9c34-dd6aa7a33c17,U001840,2022-07-06 23:34:35,23:34:35,756394.7,transfer,M00284,VND,success,desktop,D001761,240.118.197.171,debit_card,Bangkok,"10.445697,104.695106",57,M,2018-04-11,active,0.85,0,0,0,auto_approved,0.3853,2022
4e79a276-4bd1-4e70-84da-3865fd69bd86,U001128,2022-11-07 03:31:50,03:31:50,842099.44,purchase,M00406,VND,success,desktop,D000056,111.126.115.100,mobile_wallet,Singapore,"19.43161,104.308183",26,M,2022-03-25,active,0.94,0,0,0,auto_approved,0.3289,2022
1e940be2-10c2-49d9-977c-56b10e49d931,U001713,2022-12-09 21:29:10,21:29:10,2423831.75,bill_payment,M00074,USD,success,desktop,D002905,189.63.244.210,mobile_wallet,Bangkok,"11.408,104.763663",66,F,2016-04-11,active,0.75,1,0,0,auto_approved,0.5304,2022
8c177cbf-7606-45a0-a7c3-b8e34098c797,U001882,2022-10-03 21:01:33,21:01:33,49622.39,bill_payment,M00154,USD,success,desktop,D002231,157.50.227.148,bank_transfer,Kuala Lumpur,"18.432566,106.932866",39,F,2020-01-21,active,0.63,0,0,0,auto_approved,0.4107,2022
0b20e5e6-c01f-4052-8fa5-2e457738c504,U001054,2022-05-18 10:02:25,10:02:25,1153141.52,online_payment,M00374,USD,success,pos,D001614,57.117.185.77,debit_card,Ho Chi Minh City,"19.340517,104.392793",43,M,2019-09-15,active,0.68,0,0,0,auto_approved,0.3617,2022
e64b1efd-816d-4a1e-9294-e0bba3d21e1d,U000203,2022-01-13 09:20:37,09:20:37,652779.9,transfer,M00476,USD,success,pos,D000804,94.229.74.11,credit_card,Da Nang,"16.606175,106.786715",62,F,2018-03-20,active,0.9,1,1,0,auto_approved,0.6798,2022
2fd3f04c-8be6-4a69-8821-7a4c838be019,U001637,2022-12-12 00:21:16,00:21:16,638883.78,purchase,M00238,USD,success,desktop,D000640,81.31.5.32,credit_card,Singapore,"21.688586,108.50507",64,M,2016-08-25,active,0.46,0,0,0,auto_approved,0.3057,2022
8e62c25c-4574-4477-ae31-b57494bec33b,U001884,2022-01-14 04:26:32,04:26:32,386416.12,online_payment,M00348,VND,success,atm,D001314,130.108.188.62,debit_card,Hanoi,"20.373213,105.666529",47,F,2014-05-20,active,0.54,0,0,0,auto_approved,0.4025,2022
228822ba-9a7d-405f-bbb9-40f5ad51597b,U000073,2022-10-15 05:07:47,05:07:47,146378.74,purchase,M00140,VND,success,mobile,D001757,79.91.107.149,credit_card,Da Nang,"20.491751,107.852168",50,M,2016-06-21,active,0.74,1,1,1,pending_review,0.7981,2022
e2125a2e-595a-42e1-ae89-d994c69cd0e0,U001319,2022-10-19 10:27:13,10:27:13,641441.94,purchase,M00301,VND,success,pos,D000607,52.143.196.233,mobile_wallet,Ho Chi Minh City,"9.793589,106.029172",57,M,2020-07-08,active,0.89,0,0,0,auto_approved,0.2038,2022
0b18394e-0a93-4d84-b163-6942bb951c42,U001144,2022-04-29 20:48:31,20:48:31,60752.04,purchase,M00362,USD,success,pos,D000715,123.6.128.178,bank_transfer,Da Nang,"12.354862,102.748177",32,M,2018-02-24,active,0.66,0,0,0,auto_approved,0.4017,2022
8eb2b905-4f49-44f5-a580-fa0cddc44737,U000150,2022-03-13 15:24:45,15:24:45,2847050.05,bill_payment,M00469,VND,success,pos,D002343,221.182.47.156,bank_transfer,Hanoi,"15.516422,107.847228",53,F,2016-09-28,under_review,0.77,0,0,0,auto_approved,0.06,2022
8b2bb0fa-a6c5-4e4a-90e0-f8cad780b77f,U000805,2022-12-09 15:49:35,15:49:35,268063.11,online_payment,M00471,USD,success,pos,D002757,220.116.202.161,mobile_wallet,Da Nang,"21.156113,107.057318",47,M,2015-02-20,active,0.5,0,0,0,auto_approved,0.1527,2022
839c42dc-af27-459c-93da-f67fba0fe5ed,U000937,2022-12-02 05:39:36,05:39:36,1160972.2,cash_withdrawal,M00170,VND,success,desktop,D000403,212.179.5.255,credit_card,Da Nang,"20.99328,105.316164",26,M,2018-02-14,blocked,0.77,3,1,1,pending_review,0.3335,2022
333784c9-30d4-4d64-aeab-6daf369b3fcc,U000544,2022-12-03 15:28:21,15:28:21,420461.89,cash_withdrawal,M00129,USD,success,pos,D000100,226.199.157.80,credit_card,Bangkok,"10.282324,108.870506",65,F,2018-07-06,active,0.79,0,0,0,auto_approved,0.3928,2022
f51db645-fcc0-4a28-a2b9-686d89ec4cd9,U001357,2022-02-17 09:00:12,09:00:12,1035329.63,online_payment,M00283,USD,success,desktop,D001412,158.233.56.104,mobile_wallet,Da Nang,"21.506196,108.137105",39,M,2015-09-15,active,0.78,0,0,0,auto_approved,0.0946,2022
bf915fad-5982-453f-aa77-94bd6094b95a,U000928,2022-01-30 07:31:02,07:31:02,103233.89,purchase,M00409,USD,success,mobile,D000887,254.92.255.106,mobile_wallet,Da Nang,"15.985132,105.333041",47,M,2015-03-16,active,0.94,0,0,0,auto_approved,0.212,2022
5a002435-28d4-4501-94d2-ca1b3fc0d3ff,U000735,2022-10-13 22:16:15,22:16:15,852514.05,bill_payment,M00039,USD,success,atm,D002374,198.116.248.75,debit_card,Hanoi,"20.248557,103.398364",51,F,2020-10-01,active,0.83,0,0,0,auto_approved,0.2227,2022
6c4e6863-72db-4d53-baa6-277b5795eb1f,U001315,2022-06-08 05:29:01,05:29:01,1532237.56,online_payment,M00132,USD,success,mobile,D000270,134.207.108.200,credit_card,Bangkok,"12.338576,103.671531",55,M,2020-07-18,active,1.0,0,0,0,auto_approved,0.0445,2022
ee2612b7-2387-4c96-b1cf-977209ae2a58,U001524,2022-07-05 10:06:51,10:06:51,11022.18,bill_payment,M00360,USD,success,pos,D000954,39.165.226.130,debit_card,Bangkok,"18.847908,105.84498",64,F,2020-12-08,active,0.68,0,0,0,auto_approved,0.3877,2022
fad4d0c1-d8e4-454a-9841-a9d700fb9493,U000785,2022-09-06 19:08:49,19:08:49,1233169.63,cash_withdrawal,M00181,USD,success,atm,D001888,20.148.64.110,mobile_wallet,Kuala Lumpur,"18.281337,108.112068",28,F,2018-04-13,active,0.95,0,0,0,auto_approved,0.1004,2022
abc8cecd-7d25-4f07-b14c-486b9731b8a2,U000165,2022-12-16 12:39:24,12:39:24,181410.27,transfer,M00216,VND,success,pos,D002340,98.243.2.122,credit_card,Bangkok,"12.873932,106.047917",50,F,2019-10-10,active,0.98,0,0,0,auto_approved,0.3089,2022
aadd820b-bff9-43d8-bf84-e9688addcce5,U001126,2022-12-02 13:12:16,13:12:16,326714.13,cash_withdrawal,M00300,USD,success,mobile,D000352,104.3.198.217,debit_card,Bangkok,"11.553437,106.683008",51,M,2018-07-01,blocked,0.64,0,0,0,auto_approved,0.052,2022
57331ede-a70c-4ccc-9f1c-bcb0699582ed,U000009,2022-05-25 18:38:07,18:38:07,176944.95,online_payment,M00306,VND,success,mobile,D001430,139.218.213.40,bank_transfer,Singapore,"10.546921,107.09152",60,M,2017-06-16,active,0.76,0,0,0,auto_approved,0.342,2022
1dd38205-a570-4b12-acf3-1f303203563a,U000214,2022-10-28 19:56:37,19:56:37,30793.95,transfer,M00209,VND,failed,atm,D001610,136.227.8.37,bank_transfer,Singapore,"14.251632,108.318528",68,F,2017-07-06,active,0.6,0,0,0,auto_approved,0.4375,2022
d42ffa8f-f254-40c9-8041-c931c63fb05a,U001866,2022-01-18 20:13:12,20:13:12,868136.67,cash_withdrawal,M00372,USD,success,atm,D000789,250.132.201.27,bank_transfer,Hanoi,"17.138042,105.225302",36,F,2020-06-29,active,0.96,0,0,0,auto_approved,0.2536,2022
01e6b6a9-dc07-4709-b661-d57ff4ea494a,U001156,2022-12-22 09:24:28,09:24:28,2484226.51,purchase,M00291,USD,success,mobile,D000166,54.174.246.55,bank_transfer,Singapore,"11.964545,105.850243",58,F,2022-02-23,active,0.96,0,0,0,auto_approved,0.0563,2022
4321078b-e341-4537-9a4a-a7957bada351,U000960,2022-10-14 01:37:26,01:37:26,17176.61,cash_withdrawal,M00203,USD,success,pos,D002870,99.15.134.195,mobile_wallet,Kuala Lumpur,"9.126808,107.064901",65,F,2015-08-10,active,0.79,1,0,0,auto_approved,0.3654,2022
5c9c5820-b7e8-4f35-8a4d-1a41e6f958b7,U000069,2022-03-24 18:56:38,18:56:38,1151807.12,bill_payment,M00042,USD,success,atm,D001817,203.96.192.103,credit_card,Bangkok,"18.742459,105.550028",55,F,2018-11-09,active,0.57,1,0,0,auto_approved,0.5741,2022
1c488f8f-3c3a-424b-96bf-5e4473e37b99,U001490,2022-03-01 04:29:07,04:29:07,2782784.53,bill_payment,M00303,USD,success,atm,D002285,158.91.173.170,debit_card,Bangkok,"10.851342,105.696654",21,F,2018-09-21,under_review,0.76,0,0,0,auto_approved,0.2545,2022
d1496373-b07d-4d16-a1dc-e7b402fcbee7,U001261,2022-09-27 11:25:15,11:25:15,98322.77,transfer,M00419,USD,success,mobile,D000938,80.229.59.132,bank_transfer,Da Nang,"14.83167,108.077124",35,M,2019-05-23,active,0.46,0,1,0,auto_approved,0.1999,2022
9f7ea3dc-ca13-4626-bda0-79b5601a1010,U000493,2022-08-12 16:06:08,16:06:08,774223.76,cash_withdrawal,M00160,USD,success,desktop,D000314,191.57.119.40,mobile_wallet,Hanoi,"15.143458,104.509365",29,M,2020-09-06,active,0.76,0,0,0,auto_approved,0.2645,2022
107167d8-a48b-4f77-b0fd-8be80b1ce5dc,U001132,2022-06-26 22:10:36,22:10:36,559168.83,bill_payment,M00472,USD,success,atm,D000240,157.23.138.68,mobile_wallet,Ho Chi Minh City,"19.080364,103.174622",19,M,2017-02-02,active,0.48,0,0,0,auto_approved,0.4014,2022
10908d23-8632-442f-b292-b5d25d35c4fc,U001637,2022-06-24 18:23:45,18:23:45,220330.83,purchase,M00348,USD,success,mobile,D001834,5.105.187.93,debit_card,Ho Chi Minh City,"21.039305,106.49037",29,F,2021-02-04,active,0.75,0,0,0,auto_approved,0.3481,2022
5438bf9a-0f0e-4e8f-9078-d6a167f3a990,U001697,2022-02-08 03:37:49,03:37:49,1090873.01,cash_withdrawal,M00099,USD,success,desktop,D001770,3.235.251.61,debit_card,Hanoi,"8.333154,106.348357",60,M,2016-06-27,active,0.68,0,0,0,auto_approved,0.0885,2022
0be3eab4-7e71-458e-8189-99212090d30a,U000927,2022-11-24 20:49:01,20:49:01,211656.38,online_payment,M00237,VND,success,atm,D000335,209.226.249.98,credit_card,Singapore,"20.373314,103.578583",39,F,2015-05-10,active,0.78,0,1,0,auto_approved,0.5132,2022
0fd43f73-b6a3-40d1-acec-580558797b97,U000347,2022-08-30 04:37:21,04:37:21,161140.11,purchase,M00010,VND,success,mobile,D002453,227.152.13.129,debit_card,Da Nang,"17.126231,102.901428",19,M,2016-12-20,active,0.49,0,0,0,auto_approved,0.077,2022
4214fb84-aeec-4613-a9cb-a080d19a770f,U001838,2022-07-14 08:09:29,08:09:29,1939313.47,online_payment,M00147,VND,success,atm,D001757,112.68.204.250,debit_card,Bangkok,"14.148008,104.874104",64,M,2014-10-21,active,0.49,2,1,0,auto_approved,0.6024,2022
11073e54-c799-446f-8fb5-98055f02efbc,U000141,2022-08-26 15:15:20,15:15:20,398063.72,online_payment,M00061,VND,success,atm,D000376,34.239.188.117,credit_card,Ho Chi Minh City,"8.562889,108.597054",33,M,2016-02-29,active,0.69,0,1,1,pending_review,0.6642,2022
054e317e-edba-4ada-92a6-8ef6cff05ac3,U001948,2022-04-30 05:45:54,05:45:54,2488850.95,online_payment,M00230,USD,success,atm,D001753,119.237.231.51,credit_card,Da Nang,"13.060376,108.252273",46,M,2019-10-31,active,0.79,0,0,0,auto_approved,0.3988,2022
2b05eeb0-c64f-467a-a06a-77c5442f37cc,U000253,2022-12-31 07:40:33,07:40:33,658734.55,bill_payment,M00215,USD,success,atm,D002152,1.151.35.60,bank_transfer,Ho Chi Minh City,"17.460463,103.237604",28,F,2015-02-17,active,0.96,0,0,0,auto_approved,0.318,2022
1d802d88-bc0a-4846-a359-a07b738a2b48,U001854,2022-08-05 04:31:35,04:31:35,990166.5,transfer,M00468,VND,success,atm,D002078,115.134.9.155,mobile_wallet,Hanoi,"21.996382,103.733122",40,F,2019-01-20,active,0.51,0,0,0,auto_approved,0.406,2022
a7d711fa-bc56-4d22-be2d-26281df3bbed,U001779,2022-10-31 15:56:05,15:56:05,1503358.24,bill_payment,M00093,USD,success,desktop,D000514,74.152.65.123,debit_card,Da Nang,"13.559882,108.545724",40,M,2021-04-21,active,0.63,0,0,0,auto_approved,0.1243,2022
33b36b58-363b-4d22-8bd4-2e09c790c044,U000332,2022-04-03 06:56:17,06:56:17,1399381.6,online_payment,M00088,VND,success,mobile,D002929,152.105.252.100,bank_transfer,Singapore,"10.373567,102.65783",39,F,2017-04-14,under_review,0.72,0,0,0,auto_approved,0.3969,2022
88867306-97f3-4103-aa99-950665e2db52,U000013,2022-03-19 03:13:35,03:13:35,2208855.29,purchase,M00353,VND,success,pos,D002481,120.59.199.119,debit_card,Kuala Lumpur,"13.922182,108.244251",56,F,2021-05-25,active,0.74,2,1,0,auto_approved,0.606,2022
e4ec6ae5-8c5d-4b39-9614-f448a18d2315,U000820,2022-01-25 13:15:56,13:15:56,675369.25,cash_withdrawal,M00245,VND,success,atm,D002482,71.173.11.151,credit_card,Ho Chi Minh City,"20.073643,106.941342",42,F,2015-03-19,active,0.94,0,0,0,auto_approved,0.2647,2022
5d8acd92-f700-477c-85fd-99770a67c7a9,U001281,2022-06-10 03:27:36,03:27:36,591714.17,online_payment,M00476,USD,success,atm,D000853,132.226.70.18,mobile_wallet,Bangkok,"17.85988,105.524489",61,F,2015-07-16,active,0.99,0,0,0,auto_approved,0.389,2022
77c17518-d353-4659-89d7-cd160820e16b,U000281,2022-06-18 04:23:08,04:23:08,144099.42,cash_withdrawal,M00419,VND,success,atm,D000742,30.249.227.177,mobile_wallet,Kuala Lumpur,"18.499602,108.824207",48,F,2015-01-06,active,0.82,0,0,0,auto_approved,0.053,2022
0def8d57-45e0-4d96-adc4-7e9cd5de0164,U001883,2022-05-10 07:07:47,07:07:47,591967.53,cash_withdrawal,M00160,USD,success,pos,D001736,167.53.96.147,debit_card,Kuala Lumpur,"13.492253,103.219412",58,M,2016-02-09,active,0.57,0,0,0,auto_approved,0.0543,2022
1c0d4012-240f-4faf-8892-68b49b8c1ca2,U000092,2022-04-28 09:56:29,09:56:29,3260310.38,cash_withdrawal,M00180,USD,success,desktop,D002407,114.18.65.149,bank_transfer,Singapore,"17.468539,103.396802",59,F,2015-02-24,active,0.49,1,1,1,pending_review,0.5565,2022
d1e40ee3-15f1-4612-ba5f-a6fcd99bd742,U001464,2022-11-12 16:36:39,16:36:39,1033789.0,transfer,M00418,USD,success,desktop,D000375,232.239.54.126,credit_card,Kuala Lumpur,"10.372513,107.831787",27,F,2014-11-15,active,0.95,0,0,0,auto_approved,0.3731,2022
4a09e1b2-689d-42c5-b640-85173a235cfa,U001170,2022-03-30 17:53:58,17:53:58,1293492.16,transfer,M00179,VND,success,atm,D001330,150.18.218.126,mobile_wallet,Da Nang,"19.976827,106.521627",39,M,2016-02-21,active,0.61,0,0,0,auto_approved,0.2837,2022
f4b66035-87e2-4aab-ad15-54618aaca9b4,U000153,2022-04-17 12:05:30,12:05:30,686453.06,bill_payment,M00353,VND,success,atm,D002018,217.238.39.57,debit_card,Kuala Lumpur,"12.071487,106.945515",56,M,2021-04-15,active,0.99,1,1,1,pending_review,0.5665,2022
4315a513-3f56-4d7c-95a6-57c6a3a3306a,U001457,2022-11-08 12:30:14,12:30:14,464230.62,online_payment,M00035,USD,success,mobile,D001956,49.80.224.241,debit_card,Hanoi,"12.256947,106.535131",69,M,2018-12-16,active,0.82,0,0,0,auto_approved,0.1529,2022
1d1a7e5b-60b2-433f-9639-6c0703cbe004,U001208,2022-01-27 09:36:29,09:36:29,326747.26,bill_payment,M00155,VND,success,desktop,D002459,204.128.141.176,mobile_wallet,Hanoi,"8.583892,103.721409",20,F,2018-06-01,active,0.9,0,0,0,auto_approved,0.3727,2022
cc45f1ec-3262-4d16-8db6-9ec863cfd868,U001777,2022-10-21 03:34:02,03:34:02,368550.92,purchase,M00332,VND,success,atm,D001139,207.115.180.143,credit_card,Da Nang,"17.914546,105.51979",59,M,2022-01-12,active,0.99,0,0,0,auto_approved,0.4392,2022
29bb7374-2bc1-4435-a3e7-0326da961aa9,U001876,2022-03-01 00:59:36,00:59:36,746184.47,bill_payment,M00430,VND,success,atm,D000754,251.69.207.87,mobile_wallet,Hanoi,"8.371318,107.23882",43,F,2014-07-25,active,0.55,0,0,0,auto_approved,0.23,2022
2d43bb61-5934-4a04-a347-670224bad9d1,U000456,2022-04-02 15:00:49,15:00:49,522339.9,online_payment,M00497,USD,success,atm,D002505,242.33.138.160,mobile_wallet,Ho Chi Minh City,"20.796411,107.442409",25,F,2021-02-09,active,0.81,0,0,0,auto_approved,0.2725,2022
ea11fefb-b64c-4543-90bf-5131315e533e,U000255,2022-12-09 12:02:21,12:02:21,440586.96,cash_withdrawal,M00146,USD,success,desktop,D001097,130.129.224.217,mobile_wallet,Hanoi,"21.431786,103.808113",54,F,2015-11-22,active,0.53,0,0,0,auto_approved,0.4173,2022
cf4478bc-5f73-451c-90b6-3d22d245a49d,U001931,2022-10-24 13:37:00,13:37:00,1986104.37,bill_payment,M00439,USD,success,desktop,D002681,66.154.94.21,bank_transfer,Da Nang,"18.708859,103.124556",30,F,2018-05-08,active,0.67,0,0,0,auto_approved,0.153,2022
21a12b13-7e70-45ac-8ef8-e3497f082cf1,U000743,2022-07-29 13:11:52,13:11:52,2824313.94,purchase,M00393,VND,success,pos,D001660,81.117.228.176,debit_card,Kuala Lumpur,"11.186165,106.214661",64,F,2018-01-15,active,0.95,0,0,0,auto_approved,0.159,2022
f8564468-2de8-47af-b4da-ab62ca3671db,U000239,2022-10-28 01:19:18,01:19:18,469468.94,cash_withdrawal,M00265,USD,pending,desktop,D001045,202.15.1.157,credit_card,Singapore,"18.076908,104.363549",67,M,2015-03-05,active,0.53,0,0,0,auto_approved,0.2596,2022
c15cd505-aa22-4ef7-974c-d5903d573121,U001751,2022-08-29 14:27:10,14:27:10,717247.84,online_payment,M00319,VND,success,atm,D000757,20.113.193.146,credit_card,Hanoi,"9.575359,103.354129",46,M,2019-01-24,active,0.52,0,0,0,auto_approved,0.4262,2022
d2048d55-9f81-462f-8b15-d05f8dd97a27,U001352,2022-02-26 04:55:35,04:55:35,419990.71,purchase,M00041,VND,success,pos,D000283,201.136.49.194,mobile_wallet,Hanoi,"10.442705,104.90391",30,M,2018-05-02,active,0.48,0,0,0,auto_approved,0.308,2022
7854f908-5014-4f1e-8653-83dff6540c94,U000416,2022-10-06 09:10:20,09:10:20,890550.61,transfer,M00253,VND,failed,atm,D001117,250.171.41.132,credit_card,Singapore,"16.545788,107.360279",59,F,2018-10-03,active,0.62,0,0,0,auto_approved,0.36,2022
32fb7081-e7a7-4a0d-bfdc-d29c588aeb6f,U001198,2022-04-20 11:59:29,11:59:29,47543.83,bill_payment,M00230,VND,success,pos,D002906,175.58.113.15,credit_card,Kuala Lumpur,"14.132708,103.645337",24,F,2018-08-22,active,0.48,1,0,0,auto_approved,0.2392,2022
83534c22-fdcb-4732-9a06-22c22d942458,U001372,2022-06-15 03:22:11,03:22:11,47366.72,online_payment,M00111,USD,success,atm,D002563,104.117.52.112,bank_transfer,Ho Chi Minh City,"13.130905,106.821462",27,F,2019-10-03,active,0.84,0,0,0,auto_approved,0.3851,2022
f7e00f50-0a0b-4b80-a405-8dff993b3e7e,U001887,2022-05-01 02:38:59,02:38:59,186470.04,purchase,M00074,VND,failed,mobile,D001902,140.236.82.83,mobile_wallet,Kuala Lumpur,"21.836422,105.47209",33,M,2021-08-01,under_review,0.52,0,0,0,auto_approved,0.2426,2022
b8c45551-1ac6-485c-a313-76597980f387,U000304,2022-03-16 05:20:40,05:20:40,1107297.11,cash_withdrawal,M00123,USD,success,pos,D001315,129.170.62.45,credit_card,Hanoi,"18.06009,103.560301",34,M,2018-06-14,active,0.52,0,0,0,auto_approved,0.3635,2022
b667c524-a2b7-49ad-abba-70bb1da20cde,U000355,2022-06-19 22:27:42,22:27:42,761014.11,online_payment,M00074,VND,success,atm,D001440,244.148.240.67,mobile_wallet,Hanoi,"19.53043,107.535164",42,M,2017-04-25,blocked,0.93,0,0,0,auto_approved,0.1958,2022
6c66ac8d-b3a2-4e6b-a8a7-5588d95e5e0d,U001887,2022-04-30 15:45:11,15:45:11,276051.15,transfer,M00281,USD,success,mobile,D002673,238.26.245.77,credit_card,Ho Chi Minh City,"13.006093,108.154391",38,F,2014-08-28,active,0.82,0,0,0,auto_approved,0.0165,2022
a8503f83-33b8-4368-ae02-8db3b380bf92,U000763,2022-12-19 15:22:46,15:22:46,1259865.93,purchase,M00474,USD,success,pos,D002539,205.60.122.190,debit_card,Ho Chi Minh City,"21.796597,107.817133",51,M,2015-02-10,active,0.56,1,1,1,pending_review,0.5495,2022
6f8b2e9d-7ca4-4113-a7c6-8fd802dca0bb,U001929,2022-03-27 04:14:38,04:14:38,103136.02,purchase,M00092,VND,success,desktop,D001395,82.103.206.93,debit_card,Da Nang,"20.489196,103.165599",44,M,2020-08-19,active,0.55,1,0,0,auto_approved,0.3012,2022
811413bf-7ef2-43c1-b5f4-0d241e949c36,U001419,2022-12-01 14:39:31,14:39:31,1154075.35,cash_withdrawal,M00228,VND,success,desktop,D000515,80.4.243.100,debit_card,Kuala Lumpur,"14.359957,104.583389",24,F,2021-10-19,active,0.55,0,0,0,auto_approved,0.0173,2022
ee8e9474-551b-4d27-914a-94ad3388d87e,U000747,2022-06-23 09:00:35,09:00:35,222554.08,bill_payment,M00358,USD,success,atm,D002994,159.214.239.195,debit_card,Bangkok,"18.56197,108.077713",26,F,2021-11-30,active,0.74,1,0,0,auto_approved,0.4319,2022
5c91a98f-eae5-4626-9e32-b940700dafe3,U001563,2022-07-23 11:09:43,11:09:43,778414.26,bill_payment,M00074,VND,success,desktop,D000660,4.177.60.150,mobile_wallet,Hanoi,"16.46545,104.322109",34,F,2021-05-06,active,0.84,0,0,0,auto_approved,0.3417,2022
14addd69-f03d-4d80-a139-4b048d28152d,U000285,2022-10-26 08:49:33,08:49:33,306419.85,cash_withdrawal,M00387,VND,pending,pos,D002744,52.126.38.188,credit_card,Kuala Lumpur,"9.789483,106.436471",40,M,2018-07-11,active,0.88,2,1,0,auto_approved,0.1911,2022
8a5dec6d-1a0b-425a-9524-695c3dfee66f,U001784,2022-12-01 10:31:11,10:31:11,385868.5,online_payment,M00112,USD,success,pos,D002050,254.73.204.61,credit_card,Bangkok,"14.314086,108.733633",70,M,2021-01-25,active,0.74,0,0,0,auto_approved,0.0645,2022
53e6c03e-9ff9-48d2-b044-cbca7c261b43,U000823,2022-09-29 18:52:57,18:52:57,2988139.04,online_payment,M00009,USD,success,desktop,D000251,226.221.193.85,credit_card,Kuala Lumpur,"20.169612,106.815253",54,F,2015-01-22,active,0.72,0,0,0,auto_approved,0.1136,2022
52d89016-2944-4d4e-8752-5376064b8216,U000376,2022-01-20 05:12:06,05:12:06,808737.98,transfer,M00434,VND,success,atm,D000963,247.240.31.3,bank_transfer,Bangkok,"15.80682,103.567366",58,F,2017-04-10,active,0.66,0,0,0,auto_approved,0.1025,2022
4a4f9561-b027-417f-a0c2-2f5fe4419603,U000033,2022-03-12 05:32:30,05:32:30,209822.97,transfer,M00203,USD,success,atm,D000724,34.249.128.53,debit_card,Da Nang,"21.864946,106.37496",58,F,2014-09-24,active,0.5,0,0,0,auto_approved,0.3487,2022
adddaff5-b926-48c7-b74a-536d1bb17e4f,U000564,2022-09-29 03:17:11,03:17:11,873134.1,bill_payment,M00465,VND,success,desktop,D002410,72.176.14.180,bank_transfer,Kuala Lumpur,"21.375193,105.782572",46,M,2020-04-18,active,0.72,0,0,0,auto_approved,0.1133,2022
31e22b40-1d8a-424a-acf1-5658d394763c,U001414,2022-02-14 17:12:49,17:12:49,89078.09,transfer,M00387,VND,success,pos,D001771,186.86.252.235,bank_transfer,Da Nang,"20.486847,103.880849",54,F,2021-09-09,active,0.58,0,0,0,auto_approved,0.0724,2022
7acde53d-9937-4b5f-b8c4-5a79d40a07b8,U001833,2022-08-27 23:20:48,23:20:48,61385.27,online_payment,M00137,VND,success,desktop,D000570,48.15.219.66,debit_card,Bangkok,"21.309807,107.457475",58,M,2015-09-28,active,0.54,0,0,0,auto_approved,0.25,2022
40b56d50-be52-4c1a-9531-ebcc327294b7,U001553,2022-06-12 08:02:07,08:02:07,601055.42,transfer,M00210,VND,success,atm,D000195,144.238.90.96,bank_transfer,Da Nang,"17.296557,103.744266",48,M,2017-01-21,active,0.91,0,0,0,auto_approved,0.2398,2022
ec87db90-7d05-49f0-8202-dabde9b5f5c9,U000919,2022-02-21 15:57:02,15:57:02,509231.13,transfer,M00047,USD,success,pos,D002788,43.220.163.122,mobile_wallet,Ho Chi Minh City,"20.651615,104.537526",56,M,2014-06-14,active,0.96,0,0,0,auto_approved,0.0556,2022
cdec05d3-5ed7-4ea3-92f0-4d6744f15926,U000861,2022-01-21 01:22:47,01:22:47,186264.56,cash_withdrawal,M00026,VND,pending,atm,D002107,238.51.51.29,credit_card,Ho Chi Minh City,"16.675804,102.534327",63,F,2014-07-12,active,0.63,0,0,0,auto_approved,0.2185,2022
345666b2-7ef2-4f01-900d-988a2d935b61,U001366,2022-02-21 22:22:07,22:22:07,101849.13,transfer,M00346,VND,success,mobile,D000979,184.180.108.195,credit_card,Da Nang,"17.407623,106.90872",48,M,2018-12-28,blocked,0.7,0,0,0,auto_approved,0.4093,2022
8aeadcd2-250c-4bd2-86b6-833eb7b66c22,U000973,2022-02-14 21:43:43,21:43:43,486995.65,cash_withdrawal,M00275,USD,success,desktop,D002180,146.253.105.54,debit_card,Singapore,"13.564809,105.446254",68,M,2017-09-14,active,0.48,0,0,0,auto_approved,0.1649,2022
cb8022ad-a6a0-47d8-bc1d-b728e34863fe,U001812,2022-12-19 05:36:49,05:36:49,1647974.38,online_payment,M00134,VND,success,mobile,D002620,34.255.153.12,mobile_wallet,Hanoi,"21.929809,104.098109",52,F,2015-10-24,active,0.88,0,0,0,auto_approved,0.4034,2022
55edc000-7ef2-4aca-8646-a3a1227266be,U000919,2022-02-16 05:44:19,05:44:19,177879.96,bill_payment,M00157,USD,failed,desktop,D000186,77.87.232.42,bank_transfer,Da Nang,"12.986294,102.807192",37,M,2019-01-14,active,0.51,0,0,0,auto_approved,0.0495,2022
2634c10b-8694-4493-b5db-a6ee6b7e68fe,U000190,2022-11-07 10:54:46,10:54:46,40449.79,transfer,M00336,VND,success,pos,D002768,217.37.122.252,bank_transfer,Bangkok,"21.969876,106.675429",55,F,2021-01-27,active,0.81,0,0,0,auto_approved,0.0879,2022
9305b3cf-50af-4a7f-953c-55eefacc8b4b,U001983,2022-11-14 07:19:32,07:19:32,1966323.09,purchase,M00019,USD,success,atm,D000202,15.228.50.102,bank_transfer,Singapore,"11.988465,102.481914",68,F,2021-11-01,active,0.73,0,0,0,auto_approved,0.2187,2022
9a38cd89-3118-484e-95fc-6539ed036ff9,U001089,2022-08-30 02:39:08,02:39:08,10344.84,purchase,M00174,USD,success,desktop,D002204,29.83.14.69,credit_card,Da Nang,"11.400884,108.454138",24,M,2016-04-13,active,0.95,0,0,0,auto_approved,0.0829,2022
bdf0e9a0-7914-4460-9008-4f781899521c,U000620,2022-07-22 10:34:10,10:34:10,380933.06,bill_payment,M00347,USD,pending,pos,D000735,67.94.172.167,credit_card,Singapore,"11.700329,104.171189",49,M,2019-06-27,active,0.96,0,0,0,auto_approved,0.2613,2022
2dac0ff6-89bd-4fe1-bf9c-eb36da612dd3,U001827,2022-10-18 01:42:54,01:42:54,176823.91,transfer,M00281,USD,success,mobile,D002870,133.107.152.22,debit_card,Ho Chi Minh City,"19.325486,105.195588",51,F,2014-09-08,active,0.8,0,0,0,auto_approved,0.0875,2022
e907ed52-be84-402f-83c0-18311d511832,U000327,2022-05-25 03:24:07,03:24:07,681375.61,bill_payment,M00026,USD,success,atm,D000334,48.31.242.6,credit_card,Singapore,"11.128379,102.377478",28,F,2016-03-09,active,0.48,0,0,0,auto_approved,0.2118,2022
d2f5f44f-ceea-4635-bb54-1b54f0baacf5,U001114,2022-11-26 02:34:47,02:34:47,874013.08,bill_payment,M00472,VND,success,mobile,D000874,24.247.96.48,mobile_wallet,Hanoi,"8.744756,103.143969",52,M,2017-06-19,active,0.48,0,0,0,auto_approved,0.2762,2022
2c57aada-ce02-411d-81d8-f11c920ade10,U001960,2022-07-22 22:13:55,22:13:55,2404862.96,transfer,M00197,VND,success,mobile,D000108,174.95.199.147,credit_card,Bangkok,"17.093638,103.837124",31,M,2017-07-16,active,0.9,0,0,0,auto_approved,0.4214,2022
06fdf8f8-9978-4362-a7e1-b9d4238000e0,U001508,2022-08-15 09:19:16,09:19:16,61870.98,online_payment,M00280,USD,success,desktop,D002453,23.183.212.229,debit_card,Ho Chi Minh City,"17.680679,108.691043",51,M,2020-04-06,active,0.65,0,0,0,auto_approved,0.0366,2022
7f91001e-5737-4260-9cce-fa111d55d55e,U000621,2022-09-21 03:21:24,03:21:24,453282.95,bill_payment,M00096,VND,success,pos,D001546,209.49.185.195,credit_card,Ho Chi Minh City,"17.278615,107.132995",24,M,2021-01-06,active,0.91,0,0,0,auto_approved,0.4455,2022
0775b948-5bb0-4d9a-9e46-5f8862fc0db4,U000153,2022-01-10 12:51:31,12:51:31,499687.42,cash_withdrawal,M00299,VND,success,mobile,D002910,52.113.25.127,credit_card,Da Nang,"17.627587,105.317943",36,F,2015-12-20,active,0.66,0,0,0,auto_approved,0.3027,2022
f247ba90-7b2a-4d92-b1a3-115c8f835e72,U000316,2022-10-27 02:48:46,02:48:46,1129686.46,bill_payment,M00279,VND,success,desktop,D002288,36.129.26.231,bank_transfer,Da Nang,"13.637788,104.956199",50,M,2020-05-31,active,1.0,0,0,0,auto_approved,0.0194,2022
158b94e6-247f-4771-8ebb-99e61e61cbc0,U001787,2022-09-06 02:55:18,02:55:18,627564.19,online_payment,M00368,USD,success,desktop,D001870,184.214.124.114,credit_card,Singapore,"8.10296,105.279262",40,F,2014-08-18,active,0.82,0,0,0,auto_approved,0.1611,2022
10e7a6d8-760e-46c3-9b58-427e51103669,U000460,2022-10-07 08:00:15,08:00:15,688375.83,bill_payment,M00060,USD,success,mobile,D002351,52.91.177.56,mobile_wallet,Da Nang,"20.22728,102.431974",20,F,2019-02-03,active,0.62,0,1,0,auto_approved,0.6504,2022
488450ce-235f-4cfc-9cef-ea64074291dd,U001200,2022-08-06 12:50:06,12:50:06,348104.95,online_payment,M00038,VND,success,pos,D001522,230.221.181.181,mobile_wallet,Kuala Lumpur,"10.587253,107.331288",61,F,2019-10-31,active,0.58,0,0,0,auto_approved,0.2022,2022
afbc7273-dfca-4977-9e40-4f957ef7fbe7,U001483,2022-04-09 02:15:40,02:15:40,2516162.16,bill_payment,M00271,VND,success,pos,D001201,149.8.3.59,credit_card,Ho Chi Minh City,"16.400188,104.367305",27,F,2014-02-25,active,0.72,1,0,0,auto_approved,0.2794,2022
2b34f6c0-c096-45fb-b2cf-bfdf1f7be291,U000401,2022-10-21 17:00:37,17:00:37,513470.13,cash_withdrawal,M00262,USD,success,pos,D001809,93.167.182.88,debit_card,Bangkok,"17.692009,105.861076",39,M,2020-08-05,active,0.93,2,1,1,pending_review,0.5038,2022
875644f1-e050-4b9a-bf78-5278bb772183,U000353,2022-08-18 21:18:06,21:18:06,1102572.96,transfer,M00292,VND,success,mobile,D002797,29.104.7.21,bank_transfer,Hanoi,"16.796649,102.75407",60,M,2020-04-11,active,0.71,0,0,0,auto_approved,0.2127,2022
f443eb9b-51cb-49b1-acff-b29d6b6a0454,U001682,2022-09-17 22:00:42,22:00:42,1069190.89,cash_withdrawal,M00488,USD,success,desktop,D001452,170.76.48.51,debit_card,Kuala Lumpur,"18.270146,103.146464",62,M,2020-09-21,active,0.46,1,0,0,auto_approved,0.2943,2022
1ac6f5e7-12ef-489e-89ac-d18b62894402,U000005,2022-12-20 23:03:19,23:03:19,1438779.94,cash_withdrawal,M00278,USD,success,mobile,D002080,66.131.28.21,credit_card,Da Nang,"21.239578,107.936371",53,M,2016-12-22,active,0.75,0,1,0,auto_approved,0.6097,2022
f6947aa3-4785-4303-a812-781a26815d72,U000240,2022-12-17 06:46:18,06:46:18,166959.97,purchase,M00272,USD,success,mobile,D001437,39.67.55.208,bank_transfer,Kuala Lumpur,"19.210785,104.753712",54,F,2021-10-26,active,0.68,0,0,0,auto_approved,0.1169,2022
670347ff-4d7e-41a5-8dce-775e7f98ca6b,U000180,2022-08-29 08:24:32,08:24:32,670420.32,online_payment,M00237,VND,success,mobile,D001374,83.107.248.185,mobile_wallet,Hanoi,"15.924904,104.509502",29,F,2016-01-15,active,0.88,0,0,0,auto_approved,0.0727,2022
2caf839e-e796-4dc4-be6a-4e1a0043db95,U000373,2022-05-09 15:20:40,15:20:40,2022.51,purchase,M00245,VND,success,pos,D002125,113.71.241.125,mobile_wallet,Ho Chi Minh City,"10.339718,104.834103",24,M,2021-10-04,active,0.79,0,0,0,auto_approved,0.1859,2022
555aaa04-0c0a-4da6-a405-46ad4762bc9f,U001563,2022-08-08 01:26:16,01:26:16,165283.4,cash_withdrawal,M00194,USD,success,pos,D000338,241.29.113.199,credit_card,Ho Chi Minh City,"17.217562,102.514586",39,M,2015-08-11,active,0.56,0,0,0,auto_approved,0.4314,2022
c389273a-913b-4b54-8826-55b434522e76,U001738,2022-11-09 17:26:12,17:26:12,641719.1,bill_payment,M00284,VND,success,pos,D000664,247.62.124.229,credit_card,Singapore,"16.557386,104.999115",63,F,2021-10-19,active,0.88,1,1,0,auto_approved,0.5818,2022
5cb5943c-c233-4e88-be9d-bde742ca2d54,U000544,2022-04-19 20:25:40,20:25:40,593178.35,transfer,M00028,USD,success,mobile,D001000,128.208.132.142,debit_card,Hanoi,"8.088994,103.513617",22,M,2014-12-27,active,0.61,0,0,0,auto_approved,0.3722,2022
564543cc-3fc6-4389-9ea7-44c9c02b1800,U000544,2022-03-03 03:01:53,03:01:53,841328.54,transfer,M00474,VND,success,desktop,D002009,80.226.96.240,mobile_wallet,Ho Chi Minh City,"14.353885,106.835013",68,F,2015-09-07,active,0.63,0,0,0,auto_approved,0.3554,2022
890e6589-ced2-4200-b444-8df29c2ff9e9,U001268,2022-01-08 10:48:46,10:48:46,2422874.62,cash_withdrawal,M00294,USD,success,mobile,D001793,159.69.127.196,bank_transfer,Bangkok,"15.576082,107.443243",29,M,2018-04-02,active,0.82,0,0,0,auto_approved,0.4384,2022
90acd423-d30a-4651-bafa-cd0f266cae4b,U001215,2022-12-24 01:36:04,01:36:04,1309002.91,bill_payment,M00182,USD,success,desktop,D001095,185.41.145.176,debit_card,Da Nang,"8.705966,102.616761",44,F,2018-01-05,active,0.58,0,0,0,auto_approved,0.2991,2022
dfe2f891-3e8c-4983-878e-20daaf248adb,U000298,2022-11-09 04:39:42,04:39:42,1505937.47,online_payment,M00119,VND,success,mobile,D000348,192.50.223.162,credit_card,Ho Chi Minh City,"18.424695,108.753638",57,F,2017-07-20,active,0.92,0,1,0,auto_approved,0.3934,2022
fda4de73-e743-45f5-8670-c24ea20d2d7c,U000186,2022-08-31 10:14:45,10:14:45,550261.4,purchase,M00005,VND,success,mobile,D000960,150.15.124.246,debit_card,Singapore,"16.57062,103.68936",54,F,2020-08-25,active,0.57,0,0,0,auto_approved,0.0922,2022
2188351a-2eb0-4fba-ae67-1ccaf1f7ea11,U001985,2022-04-15 05:28:44,05:28:44,246612.24,cash_withdrawal,M00119,USD,success,desktop,D002313,149.59.5.46,bank_transfer,Ho Chi Minh City,"21.833559,104.947548",46,M,2018-09-23,active,0.56,0,0,0,auto_approved,0.2964,2022
510ad378-5218-472c-b220-01c90f9ebce8,U001502,2022-11-10 14:05:49,14:05:49,3197326.74,transfer,M00164,USD,success,mobile,D000322,10.189.113.53,bank_transfer,Singapore,"12.650246,106.605262",56,M,2016-03-26,active,0.48,0,1,0,auto_approved,0.2673,2022
8380288b-8bb1-40bb-a751-9b5b9465c67d,U001789,2022-04-15 10:58:18,10:58:18,18665.3,cash_withdrawal,M00045,VND,failed,atm,D002577,174.54.28.63,mobile_wallet,Singapore,"18.704771,103.137319",24,M,2016-12-29,active,0.99,0,0,0,auto_approved,0.2005,2022
0cde2ac5-a34f-4dcb-9f44-f9e9cd2120b0,U000717,2022-08-27 12:27:06,12:27:06,312582.51,cash_withdrawal,M00127,USD,success,desktop,D001654,78.242.30.37,mobile_wallet,Kuala Lumpur,"13.932098,108.753877",39,F,2017-01-06,active,0.71,0,0,0,auto_approved,0.0986,2022
63addc61-cee2-4996-a760-a9f86c6e21bf,U000516,2022-01-02 23:17:14,23:17:14,427855.51,purchase,M00276,USD,success,desktop,D000599,8.104.248.49,debit_card,Da Nang,"10.065132,103.187847",64,M,2020-11-23,active,0.99,0,0,0,auto_approved,0.0366,2022
a9c99c75-dbe9-4eaf-9948-de358f12e6a9,U001112,2022-05-05 06:40:24,06:40:24,53160.06,purchase,M00062,USD,success,mobile,D002758,189.241.242.24,bank_transfer,Hanoi,"15.862211,105.892204",36,M,2022-03-31,active,0.94,1,0,0,auto_approved,0.3133,2022
44a3492c-9862-4a6c-9157-f6bd00a92be1,U001455,2022-03-25 21:30:33,21:30:33,1086239.54,bill_payment,M00148,USD,success,atm,D000324,234.169.231.194,credit_card,Ho Chi Minh City,"11.318308,106.456037",65,M,2014-09-30,active,0.67,0,0,0,auto_approved,0.1049,2022
a44d7592-be1f-42bf-b7ae-981bce00042c,U000579,2022-04-21 04:09:13,04:09:13,338530.4,bill_payment,M00062,USD,success,desktop,D000274,182.106.31.175,mobile_wallet,Singapore,"11.771005,104.812311",60,M,2014-02-17,active,0.52,0,0,0,auto_approved,0.4455,2022
e36c0bd7-4ec4-4ad4-a1ca-5b78d0c8fa7a,U000064,2022-12-21 01:15:57,01:15:57,85556.41,purchase,M00387,USD,success,pos,D002839,219.213.170.222,credit_card,Bangkok,"9.906187,108.621228",19,F,2017-06-22,active,0.5,0,0,0,auto_approved,0.1432,2022
df03a7ed-429e-4b1d-96d5-681f3ffedb49,U000615,2022-02-21 04:59:50,04:59:50,330915.72,bill_payment,M00125,VND,success,desktop,D002040,23.118.12.241,credit_card,Da Nang,"17.350718,106.370153",22,M,2015-05-07,active,0.83,0,0,0,auto_approved,0.0895,2022
915a762e-baf8-4a15-bcf5-8db87a03a8f6,U000724,2022-04-29 17:34:48,17:34:48,41592.75,purchase,M00041,VND,success,atm,D000758,19.37.71.245,bank_transfer,Da Nang,"14.234299,108.772487",67,F,2017-01-01,active,0.73,0,0,0,auto_approved,0.4451,2022
8110bde0-8802-4b53-9a60-1f7a0435360c,U001966,2022-05-19 21:12:49,21:12:49,741569.89,purchase,M00169,USD,success,pos,D001938,87.242.181.95,mobile_wallet,Singapore,"19.380379,104.837961",50,F,2016-07-17,active,0.87,0,0,0,auto_approved,0.1525,2022
3452fe3f-be62-45ec-a690-d2e7c33fd2cd,U001408,2022-08-19 20:01:26,20:01:26,179326.01,bill_payment,M00176,VND,success,desktop,D000448,30.252.217.214,bank_transfer,Da Nang,"20.616416,103.122117",34,F,2015-06-05,active,0.46,0,0,0,auto_approved,0.0602,2022
4550902e-9512-4ed6-a6cf-d9a07bd0358d,U001746,2022-06-13 23:24:09,23:24:09,431178.1,transfer,M00273,VND,success,mobile,D002333,201.131.74.246,bank_transfer,Hanoi,"19.803997,108.928922",63,M,2020-10-20,active,0.5,0,0,0,auto_approved,0.175,2022
fe8fe37d-4af9-46c2-8e9c-011debc26517,U001829,2022-02-03 22:46:08,22:46:08,543550.35,transfer,M00490,VND,success,atm,D001957,247.92.88.156,bank_transfer,Ho Chi Minh City,"10.502297,102.590431",18,M,2015-08-12,active,0.84,0,0,0,auto_approved,0.2346,2022
20637148-d858-4cd2-8386-92a392593f01,U000315,2022-02-06 19:29:30,19:29:30,694106.31,cash_withdrawal,M00105,VND,success,desktop,D002774,65.146.105.78,debit_card,Kuala Lumpur,"18.214136,104.066892",50,F,2018-02-26,active,0.74,0,0,0,auto_approved,0.3964,2022
19139977-1891-4ff0-8253-8e640ecbeaf0,U000893,2022-10-31 15:16:08,15:16:08,564946.73,bill_payment,M00384,USD,success,pos,D001545,120.190.58.119,bank_transfer,Bangkok,"18.610698,106.200007",37,M,2022-08-06,active,0.51,0,0,0,auto_approved,0.3554,2022
ad7bd5ba-d96c-4db8-bbd1-7a854a690685,U001365,2022-11-16 12:39:34,12:39:34,465488.84,cash_withdrawal,M00246,USD,success,mobile,D000099,24.235.11.134,credit_card,Bangkok,"20.325,103.180853",42,F,2016-01-25,active,0.46,0,1,0,auto_approved,0.2983,2022
fc3bf05b-012e-4774-9c64-ffae4a992780,U000992,2022-06-21 06:14:43,06:14:43,186064.0,purchase,M00293,USD,failed,mobile,D002576,154.132.65.248,credit_card,Bangkok,"21.04232,107.694413",21,M,2020-07-23,active,0.56,0,0,0,auto_approved,0.3859,2022
6fb4b83c-93f2-48a4-9bc1-603aafb98ad9,U000563,2022-08-18 04:00:05,04:00:05,93287.59,transfer,M00348,USD,success,desktop,D001171,133.226.22.28,bank_transfer,Hanoi,"9.000503,104.558212",35,F,2020-09-20,active,0.97,1,0,0,auto_approved,0.2012,2022
514ce795-4657-4cd8-af33-e840750857db,U001762,2022-10-16 17:43:58,17:43:58,729316.57,transfer,M00118,USD,failed,desktop,D000582,14.156.35.197,bank_transfer,Ho Chi Minh City,"21.547569,106.712848",49,M,2021-05-11,active,0.93,0,0,0,auto_approved,0.2509,2022
94900f2f-57d6-45a5-b42b-c62690bee4d5,U000313,2022-02-25 12:44:36,12:44:36,328649.85,purchase,M00440,USD,success,desktop,D000128,15.133.127.255,bank_transfer,Da Nang,"11.905644,102.674154",57,F,2019-03-24,active,0.71,1,0,0,auto_approved,0.2935,2022
63f87aec-5643-470f-b27d-8cddbeef8f7a,U001144,2022-07-21 08:08:23,08:08:23,1796249.09,purchase,M00496,USD,success,desktop,D000301,52.172.31.30,mobile_wallet,Singapore,"9.498628,105.903976",39,M,2021-01-01,active,0.73,0,0,0,auto_approved,0.158,2022
ff1ca764-0aca-4508-b67f-b218b2d9353a,U000984,2022-10-30 03:41:52,03:41:52,287541.75,transfer,M00358,USD,pending,atm,D001228,167.2.251.25,bank_transfer,Da Nang,"21.180976,105.636642",22,F,2022-09-22,active,0.66,0,0,0,auto_approved,0.4448,2022
cca9b909-847a-46af-b246-fd86cb14cbb6,U000416,2022-02-28 16:06:40,16:06:40,326653.42,online_payment,M00347,VND,success,atm,D000239,228.78.206.192,mobile_wallet,Hanoi,"15.370328,104.232832",68,M,2020-12-22,active,0.98,0,0,0,auto_approved,0.275,2022
eecac412-077b-4e1d-942b-452714f7bb3f,U000012,2022-09-14 05:25:46,05:25:46,435410.04,online_payment,M00225,USD,success,desktop,D001322,89.146.31.156,debit_card,Kuala Lumpur,"10.737015,108.07637",47,F,2014-10-12,active,0.53,0,0,0,auto_approved,0.1556,2022
58f1e3da-c894-4eab-ba8e-05a86380a619,U001013,2022-08-21 12:10:52,12:10:52,1044197.25,transfer,M00497,VND,success,pos,D001044,227.56.195.12,mobile_wallet,Kuala Lumpur,"19.943605,106.513996",42,M,2016-08-18,active,0.76,0,0,0,auto_approved,0.3236,2022
1866ed33-0244-43ca-808a-93f6dcf5ab31,U001232,2022-12-12 12:58:46,12:58:46,378519.49,purchase,M00190,USD,success,atm,D001166,112.233.43.98,debit_card,Ho Chi Minh City,"15.235061,107.488021",52,M,2022-04-24,active,0.94,0,0,0,auto_approved,0.2915,2022
9d673bb3-063a-4b79-ba39-13a296f41ed2,U000262,2022-07-05 10:29:49,10:29:49,2501367.1,bill_payment,M00101,VND,success,mobile,D002285,179.235.135.160,debit_card,Ho Chi Minh City,"15.971254,106.499587",37,F,2020-07-01,active,0.89,0,0,0,auto_approved,0.4429,2022
9ddd04c1-6e6c-434f-aa27-83f05d8cf275,U000944,2022-09-20 08:21:25,08:21:25,142653.91,bill_payment,M00070,VND,success,atm,D002562,17.26.190.122,debit_card,Hanoi,"10.975489,107.146209",37,M,2015-01-21,active,0.62,0,0,0,auto_approved,0.1833,2022
8a07a939-47fc-49e6-a33e-eb4b12e52dac,U001945,2022-08-29 00:42:34,00:42:34,165153.7,cash_withdrawal,M00234,USD,pending,desktop,D002919,90.164.80.117,debit_card,Da Nang,"14.349498,107.772333",29,F,2018-03-18,active,0.72,0,0,0,auto_approved,0.1038,2022
0471eb04-4c9b-48fd-869c-64e4e350dd32,U000715,2022-08-30 16:39:24,16:39:24,129220.87,cash_withdrawal,M00243,VND,success,desktop,D000556,104.44.107.239,debit_card,Singapore,"10.313446,108.708346",41,M,2017-11-18,active,0.67,0,0,0,auto_approved,0.349,2022
d957a915-fd7c-4037-99f4-997a1ecc89dd,U001392,2022-06-26 12:54:00,12:54:00,785463.87,online_payment,M00133,VND,success,pos,D002690,38.234.247.115,debit_card,Hanoi,"8.187335,106.946243",26,M,2017-04-15,under_review,0.53,1,0,0,auto_approved,0.3924,2022
e48d1cd4-d73d-44d2-a0fe-e9f1853795f5,U001753,2022-11-30 15:45:59,15:45:59,449721.62,online_payment,M00240,VND,success,desktop,D000730,136.153.2.67,credit_card,Ho Chi Minh City,"14.005726,105.930355",51,F,2019-08-21,under_review,0.96,1,0,0,auto_approved,0.426,2022
32dcfd63-9bac-44f6-b593-ccbc291360f2,U000844,2022-12-28 15:28:12,15:28:12,1516815.26,cash_withdrawal,M00244,VND,success,atm,D001795,54.28.84.79,mobile_wallet,Ho Chi Minh City,"19.526789,107.293846",37,M,2018-07-31,active,0.72,0,0,0,auto_approved,0.4109,2022
9a510571-d5f6-4e68-97dd-e568c55fb5db,U001700,2022-10-31 23:27:04,23:27:04,1470062.43,transfer,M00398,USD,success,atm,D001078,247.141.90.77,debit_card,Bangkok,"10.358461,104.670017",51,F,2020-09-10,active,0.62,0,0,0,auto_approved,0.2057,2022
6c72ffb2-b8c3-44e1-bd18-47b4c02127cc,U000088,2022-04-24 10:29:25,10:29:25,1054546.65,online_payment,M00030,VND,failed,desktop,D000180,212.105.149.189,mobile_wallet,Kuala Lumpur,"8.407879,108.893313",33,M,2014-06-03,active,0.82,2,1,0,auto_approved,0.2518,2022
38c7e9dc-b687-4ca1-9d18-93cac77fb789,U000163,2022-03-10 10:43:22,10:43:22,1755136.29,online_payment,M00109,VND,success,mobile,D002323,206.231.4.218,debit_card,Hanoi,"8.166856,104.736014",26,F,2020-03-16,active,0.78,0,0,0,auto_approved,0.406,2022
ccf07414-2593-4bfc-bda6-c4740ed6803c,U000135,2022-11-10 06:43:35,06:43:35,1388605.6,transfer,M00477,VND,success,desktop,D000942,18.82.14.207,credit_card,Singapore,"20.122592,105.677904",64,F,2019-06-03,active,0.83,0,0,0,auto_approved,0.2915,2022
ab83f15b-2439-4f73-8b8a-b9bf6085162b,U001901,2022-08-14 03:33:52,03:33:52,867077.62,transfer,M00421,USD,success,pos,D002154,99.231.201.45,bank_transfer,Bangkok,"11.792319,107.124842",51,M,2021-02-23,active,0.91,0,1,0,auto_approved,0.3367,2022
2a016346-ca17-4c0e-a006-8163a2253977,U001948,2022-12-19 04:00:47,04:00:47,1704958.24,online_payment,M00429,USD,failed,desktop,D001371,114.91.67.119,debit_card,Bangkok,"14.025722,102.515349",60,F,2019-02-22,active,0.65,0,0,0,auto_approved,0.3101,2022
2525be3a-2942-4293-a3e6-4f5b00edc89e,U000088,2022-06-03 19:27:47,19:27:47,207455.69,transfer,M00059,USD,success,pos,D002880,150.54.141.168,mobile_wallet,Ho Chi Minh City,"15.029941,106.473063",49,F,2020-05-26,active,0.71,0,0,0,auto_approved,0.3739,2022
981ae8ae-3782-4395-940f-71120ea614f8,U000784,2022-04-20 11:23:48,11:23:48,554722.69,purchase,M00271,USD,success,pos,D001227,71.151.67.157,bank_transfer,Kuala Lumpur,"10.816041,104.252605",26,F,2014-04-12,active,0.66,0,0,0,auto_approved,0.342,2022
cdecf542-7704-4a3c-bb0d-a9c59f616477,U001438,2022-10-28 17:51:49,17:51:49,1196506.0,transfer,M00379,VND,pending,pos,D001185,252.22.26.252,debit_card,Bangkok,"20.484096,103.493967",44,M,2017-08-03,active,0.81,2,1,0,auto_approved,0.2932,2022
26b84eff-0359-41e7-a5f1-d7978aeb2378,U001422,2022-09-12 22:59:39,22:59:39,3095640.66,purchase,M00127,USD,success,mobile,D002781,236.62.155.15,debit_card,Hanoi,"8.019604,104.052977",41,F,2018-02-27,active,0.61,0,1,0,auto_approved,0.5618,2022
b87c6202-c246-4013-a048-de5945728373,U000931,2022-06-07 05:01:47,05:01:47,160749.4,bill_payment,M00325,USD,failed,desktop,D002140,221.99.172.9,bank_transfer,Da Nang,"21.965397,105.378833",34,M,2021-01-18,active,0.85,0,0,0,auto_approved,0.4021,2022
b660d5ab-4dd6-4096-9043-1da459f29efe,U000761,2022-07-15 08:48:00,08:48:00,148609.28,bill_payment,M00412,VND,success,desktop,D002925,20.67.58.210,debit_card,Bangkok,"16.979398,104.668066",25,M,2017-08-22,active,0.91,0,0,0,auto_approved,0.0404,2022
73099baf-605f-442b-978d-0a28063d4364,U001794,2022-06-20 18:17:40,18:17:40,1465283.34,purchase,M00500,USD,success,pos,D002984,147.74.209.41,debit_card,Bangkok,"19.622283,105.869938",21,F,2018-09-14,active,0.85,0,0,0,auto_approved,0.3842,2022
2a9080ac-d023-4252-ae00-441e0ac707f1,U001121,2022-04-29 12:51:12,12:51:12,680209.72,online_payment,M00450,USD,success,desktop,D000514,49.135.208.135,credit_card,Bangkok,"15.750949,107.499166",34,M,2015-06-13,active,0.69,0,0,0,auto_approved,0.378,2022
186ab3f8-d8ee-47fd-b9f2-f9327b7ee447,U001017,2022-02-14 17:39:21,17:39:21,87885.29,cash_withdrawal,M00338,USD,success,atm,D002978,203.112.47.245,credit_card,Da Nang,"18.756839,102.253332",51,F,2021-06-10,active,0.65,0,0,0,auto_approved,0.1683,2022
1d98c76d-631a-45fc-b1fc-96f8f3e9a597,U000418,2022-12-21 23:22:43,23:22:43,298136.14,bill_payment,M00364,VND,success,atm,D000076,4.243.91.109,debit_card,Kuala Lumpur,"18.89655,106.878857",42,M,2021-10-16,active,0.99,0,0,0,auto_approved,0.3054,2022
34c2f268-5339-489a-b970-d4e2825a1934,U000598,2022-06-19 21:09:15,21:09:15,2662257.14,bill_payment,M00014,USD,success,desktop,D000445,197.235.224.98,debit_card,Bangkok,"21.138577,106.196384",59,M,2020-03-20,active,0.65,2,1,0,auto_approved,0.5731,2022
aab2b840-802a-41e2-99c2-8fd55e06d423,U000219,2022-03-26 19:00:52,19:00:52,9525.42,cash_withdrawal,M00306,USD,success,mobile,D001819,49.97.135.223,debit_card,Da Nang,"12.303949,102.312462",35,F,2016-06-27,active,0.57,2,1,0,auto_approved,0.3591,2022
e2cf5d6e-0a25-4cb7-aba8-53fb07d96029,U000863,2022-06-10 12:24:08,12:24:08,671460.43,purchase,M00370,USD,success,mobile,D000131,156.71.197.77,bank_transfer,Kuala Lumpur,"13.621959,107.868018",46,M,2017-04-01,active,0.64,0,0,0,auto_approved,0.0448,2022
04b4758d-0961-4ee1-85b0-fe0974cdc559,U000948,2022-07-07 12:17:00,12:17:00,1839609.44,purchase,M00358,VND,failed,mobile,D001069,191.159.77.45,mobile_wallet,Singapore,"9.048341,108.731566",70,M,2018-02-27,active,0.77,0,0,0,auto_approved,0.1318,2022
15907067-7787-4771-bf68-c83816775d34,U001986,2022-09-11 22:58:57,22:58:57,1139771.48,transfer,M00007,USD,success,atm,D001915,51.59.70.127,bank_transfer,Hanoi,"18.15968,107.80708",38,M,2020-02-13,active,0.67,0,0,0,auto_approved,0.0993,2022
d2f53fe0-c06e-45b6-a052-adf209d3b96f,U001485,2022-06-15 10:29:18,10:29:18,378183.43,transfer,M00469,USD,success,mobile,D000556,238.251.172.20,mobile_wallet,Bangkok,"20.24851,106.982258",24,M,2019-10-25,active,0.59,0,0,0,auto_approved,0.4288,2022
5b361937-0495-4530-a7d1-3f03f27c145b,U000694,2022-05-19 12:12:37,12:12:37,193893.88,bill_payment,M00398,VND,success,atm,D000854,35.156.126.36,debit_card,Hanoi,"13.582561,102.011595",27,M,2020-11-28,active,0.76,0,0,0,auto_approved,0.1169,2022
99d459b9-aff8-4806-ac39-95b67c7f4789,U000432,2022-03-15 14:59:21,14:59:21,735682.57,purchase,M00268,USD,success,desktop,D001617,66.115.91.74,debit_card,Hanoi,"11.182483,108.363885",19,M,2021-11-04,active,0.72,0,0,0,auto_approved,0.3587,2022
593bb332-0673-4c78-80ab-5790a54fafd7,U001930,2022-02-21 14:59:34,14:59:34,496746.64,bill_payment,M00167,USD,success,desktop,D001998,110.92.129.27,debit_card,Ho Chi Minh City,"13.598007,105.786402",38,M,2019-07-15,active,0.96,0,0,0,auto_approved,0.0146,2022
880ec4ca-e82d-4ac1-a673-000628ce67b0,U001067,2022-10-08 08:09:57,08:09:57,1295261.22,bill_payment,M00226,VND,success,desktop,D002848,71.128.163.122,credit_card,Ho Chi Minh City,"16.944472,107.180491",68,F,2016-08-15,under_review,0.47,0,0,0,auto_approved,0.2741,2022
4118e209-9b18-4214-8e5d-4a1cbec6ad2e,U001866,2022-08-27 02:10:16,02:10:16,1322015.48,transfer,M00369,USD,success,desktop,D001444,25.184.13.249,debit_card,Singapore,"16.725599,102.647806",43,M,2015-09-19,active,0.79,0,0,0,auto_approved,0.0853,2022
2d1ddf64-f167-432a-86bd-30ee399f5a5b,U001943,2022-03-28 18:09:32,18:09:32,236589.25,cash_withdrawal,M00213,VND,success,mobile,D002860,30.240.188.196,bank_transfer,Hanoi,"18.664908,107.271333",40,F,2019-09-11,active,0.51,0,0,0,auto_approved,0.047,2022
38fef81f-7edd-4562-b531-a976ba5d1548,U001341,2022-08-11 22:28:17,22:28:17,3012972.2,purchase,M00252,USD,success,mobile,D000805,152.121.3.31,debit_card,Singapore,"19.983823,108.606975",23,M,2018-03-23,active,0.53,0,1,0,auto_approved,0.2801,2022
0596958d-9aa2-4de7-a2b7-5a4d18cfabaa,U000382,2022-05-06 05:34:12,05:34:12,1290665.63,online_payment,M00174,USD,success,mobile,D002757,161.3.151.207,mobile_wallet,Bangkok,"10.151128,106.571759",27,M,2014-09-13,active,0.87,1,0,0,auto_approved,0.448,2022
c64a3ec4-7996-4682-a358-6e956ccfabe1,U000022,2022-12-16 01:13:18,01:13:18,916855.66,cash_withdrawal,M00423,USD,success,pos,D002817,210.25.193.70,credit_card,Singapore,"15.186474,108.270064",47,F,2018-07-15,active,0.51,0,0,0,auto_approved,0.2091,2022
62b7814b-2015-4c62-b952-fea83a3086e5,U000550,2022-02-23 05:36:37,05:36:37,196567.66,bill_payment,M00363,USD,success,pos,D002650,185.217.154.146,mobile_wallet,Kuala Lumpur,"16.054965,104.440998",53,M,2016-04-09,active,0.61,0,0,0,auto_approved,0.3458,2022
1fa003b5-295b-43fd-af6a-89720d4ed8ac,U000212,2022-07-16 06:02:06,06:02:06,87265.76,online_payment,M00447,VND,success,atm,D001313,84.171.213.33,mobile_wallet,Singapore,"13.966288,102.985969",51,F,2021-04-21,active,0.66,0,0,0,auto_approved,0.2193,2022
2a0cdc92-87d4-4638-93a8-dca5ed9b0865,U000694,2022-09-06 18:46:54,18:46:54,3146232.92,purchase,M00441,VND,success,atm,D000076,111.65.140.132,mobile_wallet,Hanoi,"17.846935,105.506271",70,M,2015-01-09,active,0.81,0,1,0,auto_approved,0.4019,2022
dcbb3ace-65c8-40c4-99ae-5a3b372b581b,U001714,2022-08-11 20:09:26,20:09:26,321957.55,cash_withdrawal,M00076,USD,success,mobile,D002574,2.181.204.5,credit_card,Kuala Lumpur,"13.957192,104.718598",40,M,2020-04-27,active,0.68,0,0,0,auto_approved,0.0555,2022
8dd5a9b3-34f6-46b8-afbb-7ac40e8ea39f,U000265,2022-10-25 16:57:38,16:57:38,2011878.5,cash_withdrawal,M00256,VND,success,pos,D002325,45.211.132.11,credit_card,Ho Chi Minh City,"20.051337,103.82016",42,M,2022-06-06,active,0.49,0,0,0,auto_approved,0.3126,2022
b7c9b0e4-3306-4ec8-b2d7-b8003ff8d875,U000832,2022-06-13 08:33:09,08:33:09,407786.36,online_payment,M00266,USD,success,mobile,D000599,95.9.155.42,bank_transfer,Hanoi,"8.577233,105.288369",33,F,2016-11-27,active,0.59,0,0,0,auto_approved,0.1673,2022
e3d200b6-a543-4cbf-8667-3e5ae123bd44,U001503,2022-04-30 22:54:42,22:54:42,690669.78,transfer,M00194,USD,success,desktop,D002779,65.220.198.73,mobile_wallet,Ho Chi Minh City,"18.873454,102.489706",68,M,2020-02-09,active,0.65,0,0,0,auto_approved,0.2379,2022
dafef0f7-29de-49b7-b47b-fee657caf2dc,U001869,2022-10-06 08:46:10,08:46:10,708784.13,online_payment,M00163,VND,success,pos,D000741,154.169.249.15,credit_card,Da Nang,"11.210877,107.677999",25,F,2019-01-16,active,0.85,0,0,0,auto_approved,0.1267,2022
dfd338da-93a5-474f-beb7-6a96b9785d94,U001458,2022-04-29 15:50:02,15:50:02,1903047.5,transfer,M00150,USD,success,desktop,D002360,202.51.141.204,credit_card,Singapore,"12.367141,104.978242",23,M,2020-08-06,active,0.51,0,0,0,auto_approved,0.4429,2022
69b75402-b859-4ab2-8290-aa2111f1a071,U001718,2022-10-10 05:21:37,05:21:37,404288.41,purchase,M00003,USD,success,pos,D001627,55.199.65.113,bank_transfer,Hanoi,"21.100055,107.493996",21,F,2016-04-11,active,0.69,0,0,0,auto_approved,0.152,2022
76d20c97-5db9-4bca-a390-81c60c72b5db,U000557,2022-08-05 16:06:30,16:06:30,655765.15,cash_withdrawal,M00029,VND,success,desktop,D001919,58.78.24.225,bank_transfer,Hanoi,"11.505344,103.113411",21,M,2014-07-06,under_review,0.83,0,0,0,auto_approved,0.3352,2022
4654222e-b4d6-4544-b613-d73e2d15a494,U001351,2022-01-25 19:24:15,19:24:15,1928554.24,purchase,M00225,USD,success,mobile,D000328,175.78.106.117,debit_card,Da Nang,"11.844941,107.894409",41,F,2014-03-08,active,0.51,0,0,0,auto_approved,0.3006,2022
43d76f9d-ea60-4fae-988d-a0b58913b13c,U001005,2022-04-17 23:38:10,23:38:10,3396.4,purchase,M00049,USD,success,mobile,D000956,150.52.163.109,debit_card,Da Nang,"21.664372,104.106329",35,M,2022-01-29,active,0.61,0,0,0,auto_approved,0.1864,2022
6a1101d6-4990-4ea0-84b6-807891f5b7bb,U001346,2022-04-25 10:07:06,10:07:06,275126.82,cash_withdrawal,M00490,VND,success,mobile,D001803,50.177.163.194,mobile_wallet,Kuala Lumpur,"15.531274,102.678379",25,F,2019-10-26,active,0.5,0,0,0,auto_approved,0.0618,2022
37630366-6328-42e7-9c10-35ceff5a2695,U000294,2022-05-14 15:14:51,15:14:51,496248.12,cash_withdrawal,M00470,VND,success,pos,D001426,34.154.177.55,bank_transfer,Kuala Lumpur,"20.732201,104.140323",62,F,2019-11-28,active,0.88,0,0,0,auto_approved,0.2372,2022
575417ed-6fbd-4180-bed4-2025cd01cde4,U000846,2022-04-06 12:54:34,12:54:34,486028.09,bill_payment,M00084,USD,success,atm,D001682,127.59.16.108,bank_transfer,Singapore,"20.911031,106.813674",43,F,2015-01-17,active,0.97,0,0,0,auto_approved,0.0694,2022
5f67f1c2-03b4-43dc-909a-1e3752cf07a6,U001767,2022-02-19 08:26:57,08:26:57,15802.41,online_payment,M00455,USD,success,pos,D002421,111.238.12.158,debit_card,Kuala Lumpur,"18.938644,102.129539",27,M,2017-10-05,active,0.81,0,0,0,auto_approved,0.0461,2022
5dd1c037-74d4-4a81-b0bb-48d8fb99e4a0,U001180,2022-03-27 01:32:35,01:32:35,306123.73,online_payment,M00096,VND,success,mobile,D002549,165.172.184.193,credit_card,Hanoi,"17.610328,106.604546",40,M,2019-06-08,active,0.59,0,0,0,auto_approved,0.2881,2022
a2c998a7-9522-4366-b051-dbfcf9e99375,U001851,2022-07-11 17:39:21,17:39:21,324870.74,online_payment,M00212,USD,success,pos,D001567,160.36.92.68,credit_card,Singapore,"19.862735,104.030277",67,M,2017-05-04,active,0.99,0,0,0,auto_approved,0.3039,2022
c4e222d9-f52b-4a44-83d1-063942e51bb4,U000619,2022-01-15 17:15:34,17:15:34,315253.06,transfer,M00449,VND,success,mobile,D002439,1.80.105.95,credit_card,Hanoi,"18.08995,106.259354",63,M,2018-05-05,active,0.74,2,1,0,auto_approved,0.5481,2022
83cded5b-2d12-4712-8714-f7b6c3127785,U000512,2022-09-12 12:21:02,12:21:02,212547.78,bill_payment,M00453,USD,success,atm,D002491,52.23.194.122,mobile_wallet,Kuala Lumpur,"9.885725,108.845405",52,F,2020-04-28,active,0.6,0,0,0,auto_approved,0.3012,2022
90ef827b-a7e2-422a-a6bc-8eb4d043fc86,U000627,2022-12-29 16:17:44,16:17:44,198569.73,transfer,M00339,USD,success,mobile,D000535,143.87.71.85,credit_card,Bangkok,"11.723574,104.294734",45,M,2021-06-19,active,0.63,0,0,0,auto_approved,0.2362,2022
c7af899a-addf-4cf1-9143-eed2c658efe7,U000084,2022-03-16 16:00:09,16:00:09,175321.07,online_payment,M00127,USD,success,atm,D002768,204.115.146.130,credit_card,Hanoi,"20.967504,106.216634",26,F,2019-12-21,active,0.82,0,0,0,auto_approved,0.3823,2022
07ab6c1e-6808-4c2a-b725-4597176c0676,U000781,2022-06-17 08:12:06,08:12:06,1005084.83,cash_withdrawal,M00485,VND,success,desktop,D000046,132.182.174.155,debit_card,Da Nang,"20.632453,107.251592",28,F,2020-03-25,active,0.73,1,0,0,auto_approved,0.2938,2022
3f06f4f9-cd37-440f-9077-39498bb5ed23,U001373,2022-09-13 22:53:01,22:53:01,33848.26,cash_withdrawal,M00273,VND,success,mobile,D000550,198.99.217.4,bank_transfer,Hanoi,"14.305575,107.429989",68,F,2014-07-10,active,0.47,0,0,0,auto_approved,0.0848,2022
bf639eb2-5467-41e2-bbb4-61b0e57ffe84,U000732,2022-12-05 11:14:51,11:14:51,1800866.21,transfer,M00170,USD,pending,mobile,D002311,66.200.149.114,mobile_wallet,Ho Chi Minh City,"14.687302,107.871318",65,F,2017-10-24,active,0.45,0,0,0,auto_approved,0.1597,2022
aa6ee8ab-7292-4e1b-bcb6-b68019c7fd1e,U000505,2022-04-24 04:13:21,04:13:21,1192336.84,transfer,M00275,USD,success,mobile,D000057,199.147.228.95,bank_transfer,Hanoi,"17.041295,103.723909",18,F,2017-01-26,active,0.63,0,0,0,auto_approved,0.4119,2022
8caae497-f636-4541-8eae-21e725581843,U001214,2022-08-02 01:20:26,01:20:26,515425.06,purchase,M00465,VND,success,pos,D001872,239.198.22.79,mobile_wallet,Singapore,"12.187107,105.116776",25,F,2017-12-05,under_review,0.5,0,1,0,auto_approved,0.3218,2022
b40289af-312a-4355-99c9-105575600d2d,U001627,2022-05-26 18:00:29,18:00:29,89264.99,transfer,M00270,VND,success,desktop,D000182,11.167.35.58,bank_transfer,Da Nang,"14.284724,106.10994",37,F,2021-11-10,active,0.59,0,0,0,auto_approved,0.3238,2022
303bb1f2-606b-430f-91b5-88a6f890fe88,U001097,2022-09-11 06:56:47,06:56:47,532407.89,online_payment,M00387,VND,success,mobile,D002755,123.221.236.19,mobile_wallet,Bangkok,"10.298667,108.93968",64,M,2015-09-17,active,0.47,2,1,1,pending_review,0.4101,2022
37f75156-2f68-4bbf-8515-38feb076aa83,U000379,2022-05-24 01:17:51,01:17:51,470168.04,cash_withdrawal,M00116,VND,success,atm,D001445,224.241.18.53,bank_transfer,Hanoi,"11.342037,107.674538",45,F,2014-09-08,active,0.69,0,0,0,auto_approved,0.1919,2022
c7fa9cda-820d-4be9-8f85-e2130012428f,U001827,2022-07-24 01:35:58,01:35:58,887837.13,bill_payment,M00320,VND,success,pos,D002755,238.73.213.87,debit_card,Singapore,"20.722379,102.613282",37,M,2020-11-23,active,0.71,0,0,0,auto_approved,0.0852,2022
9fa16128-0a2b-49a4-958e-9edfd59675b2,U001854,2022-07-02 18:12:20,18:12:20,446262.41,purchase,M00373,VND,success,mobile,D001646,15.31.212.47,mobile_wallet,Bangkok,"14.941786,107.831422",47,M,2014-07-06,active,0.71,0,0,0,auto_approved,0.3765,2022
5bd4823f-1902-450b-8b64-bb9a566b9eb9,U000781,2022-09-07 05:12:52,05:12:52,134338.82,cash_withdrawal,M00284,VND,success,mobile,D001491,72.32.159.221,mobile_wallet,Ho Chi Minh City,"19.105221,102.349988",55,F,2018-10-13,active,0.65,2,1,0,auto_approved,0.3078,2022
83d60e62-8305-4596-bbe3-61f40bd3d1e4,U001702,2022-07-19 06:44:35,06:44:35,359762.33,cash_withdrawal,M00432,USD,success,atm,D001362,181.186.235.86,credit_card,Kuala Lumpur,"13.384982,104.549004",36,F,2019-02-04,active,0.85,0,0,0,auto_approved,0.0637,2022
88546d32-d2b1-45d8-afe8-96afe49cbb4e,U001835,2022-09-17 13:14:11,13:14:11,324009.22,cash_withdrawal,M00094,VND,success,desktop,D001059,21.152.172.209,credit_card,Da Nang,"14.631934,105.462821",64,F,2018-12-27,blocked,0.77,0,0,0,auto_approved,0.403,2022
d345581a-ae5e-454c-9d33-afd233b58e4c,U001549,2022-01-23 01:13:55,01:13:55,171587.32,transfer,M00259,USD,success,mobile,D000518,234.103.40.224,credit_card,Kuala Lumpur,"10.843165,102.041411",66,F,2017-12-06,active,0.98,0,0,0,auto_approved,0.1647,2022
f474c41b-484e-42ca-8e43-591784400d1d,U001841,2022-04-18 04:30:53,04:30:53,585821.37,cash_withdrawal,M00289,USD,success,desktop,D002257,192.64.48.154,credit_card,Kuala Lumpur,"16.953422,105.5925",44,M,2014-10-10,active,0.81,0,0,0,auto_approved,0.2531,2022
6df5ecd5-9abd-4f8a-bb77-f32a998828fd,U000685,2022-01-28 21:15:43,21:15:43,2614980.89,transfer,M00303,VND,success,desktop,D001100,4.77.7.159,debit_card,Kuala Lumpur,"20.942803,107.518086",42,M,2015-04-30,active,0.97,0,0,0,auto_approved,0.3868,2022
18201739-40d7-4ae8-844a-3d6535a10ff2,U000573,2022-01-03 16:57:05,16:57:05,72931.96,cash_withdrawal,M00376,VND,success,mobile,D001084,174.199.242.65,mobile_wallet,Singapore,"12.880845,102.665688",54,F,2015-02-22,active,0.54,0,0,0,auto_approved,0.3459,2022
b022519f-7b14-489c-9b0c-df8aedd65c97,U000963,2022-11-24 09:54:59,09:54:59,624775.22,purchase,M00360,USD,success,desktop,D002694,228.40.165.201,mobile_wallet,Singapore,"10.045003,108.853109",22,F,2022-04-16,active,0.53,0,0,0,auto_approved,0.1072,2022
693689a2-df0a-4d4d-aa2f-e17e2a1e48d1,U001845,2022-10-30 21:32:59,21:32:59,28652.43,bill_payment,M00460,USD,success,atm,D001324,64.231.40.250,credit_card,Bangkok,"14.104351,104.77651",27,M,2018-11-29,active,0.79,0,0,0,auto_approved,0.0845,2022
6659df42-c6f5-4588-9e0f-46c0deea2eaf,U000586,2022-06-23 00:16:55,00:16:55,589952.7,bill_payment,M00038,VND,success,pos,D000706,139.220.63.87,mobile_wallet,Ho Chi Minh City,"17.069558,105.250053",36,M,2014-04-23,active,0.93,1,0,0,auto_approved,0.3101,2022
b5704b3a-c1df-47d1-8806-f5c5aaee4eb6,U000804,2022-01-03 00:05:31,00:05:31,347504.18,purchase,M00071,USD,success,atm,D000355,42.183.119.2,mobile_wallet,Singapore,"18.819654,102.937151",35,M,2015-09-17,active,0.56,0,0,0,auto_approved,0.4431,2022
70a12529-1298-4359-a733-a91bc1256832,U000438,2022-09-02 19:08:58,19:08:58,503128.63,bill_payment,M00263,USD,success,mobile,D002276,83.244.139.226,credit_card,Singapore,"15.488489,106.140665",45,M,2014-10-14,active,0.91,0,0,0,auto_approved,0.0143,2022
25d76d8e-a4cb-4ae6-b230-aae978a2c93d,U000412,2022-11-30 08:14:07,08:14:07,800007.84,purchase,M00329,VND,success,desktop,D002788,207.55.213.53,bank_transfer,Hanoi,"16.835354,106.962275",20,M,2015-03-09,active,1.0,0,0,0,auto_approved,0.0213,2022
630c90d5-add6-45fe-ba35-4adc430b2cae,U000427,2022-11-30 13:07:13,13:07:13,1226713.63,cash_withdrawal,M00248,VND,pending,atm,D002865,33.140.17.6,bank_transfer,Hanoi,"8.831101,104.738461",46,M,2022-09-08,active,0.99,1,0,0,auto_approved,0.5742,2022
ba5495e1-214e-40ea-ac9d-5434bee1d548,U001960,2022-03-14 18:26:03,18:26:03,182190.59,cash_withdrawal,M00462,VND,success,atm,D001295,206.141.58.98,debit_card,Da Nang,"14.253826,108.505494",56,F,2018-12-31,active,0.81,1,0,0,auto_approved,0.4063,2022
32b7d3b5-96b8-4e0b-b0d7-fa7810aad3e5,U001191,2022-04-21 08:08:57,08:08:57,1442254.92,purchase,M00309,VND,success,desktop,D000965,108.32.235.73,mobile_wallet,Bangkok,"9.249598,108.821651",34,M,2016-06-09,active,0.73,0,0,0,auto_approved,0.0824,2022
9a5ed455-4ffe-42b0-94db-47fc9e46374a,U000115,2022-04-18 23:59:12,23:59:12,13731.73,online_payment,M00060,VND,success,desktop,D000981,107.119.154.175,credit_card,Da Nang,"11.901917,107.548724",30,F,2015-10-16,active,0.48,0,0,0,auto_approved,0.302,2022
1b2049a9-d86a-4fbc-afa3-049bae31d5e1,U001967,2022-11-25 12:28:56,12:28:56,505013.41,transfer,M00064,VND,success,mobile,D001236,240.183.108.66,mobile_wallet,Hanoi,"21.116484,108.179221",50,F,2020-08-24,active,0.93,0,0,0,auto_approved,0.1011,2022
c5093af8-ab33-414d-92b2-ea7c46407486,U001778,2022-11-09 00:20:43,00:20:43,51871.03,purchase,M00156,VND,failed,mobile,D001865,177.93.122.146,credit_card,Ho Chi Minh City,"19.389021,106.321232",20,F,2018-08-14,active,0.88,0,0,0,auto_approved,0.0105,2022
0cac97ee-8ef8-41f2-9c41-3be33f013122,U001128,2022-08-08 14:26:10,14:26:10,1672678.39,purchase,M00430,USD,success,desktop,D001670,222.244.149.122,debit_card,Kuala Lumpur,"11.486079,105.102381",56,F,2021-07-23,active,0.58,0,0,0,auto_approved,0.3063,2022
b91542e0-5e58-4259-a841-61b475fa76d8,U000230,2022-03-19 17:26:16,17:26:16,1016417.78,transfer,M00290,USD,success,atm,D000839,141.157.190.116,credit_card,Kuala Lumpur,"10.648257,108.559231",32,M,2014-01-18,active,0.63,1,0,0,auto_approved,0.4944,2022
206c79fc-0232-4a2f-aa3f-4e3f8fa24492,U001819,2022-04-30 22:55:30,22:55:30,279257.94,purchase,M00074,USD,success,atm,D000291,40.49.71.190,debit_card,Da Nang,"9.414383,103.06239",69,M,2014-07-27,active,0.86,0,0,0,auto_approved,0.3316,2022
157b6884-5e86-41be-9fa5-3638ed3a6c03,U001245,2022-03-10 17:33:59,17:33:59,632573.98,cash_withdrawal,M00353,USD,success,atm,D001130,37.129.209.168,bank_transfer,Ho Chi Minh City,"17.162184,103.968621",47,F,2021-03-23,active,0.66,0,0,0,auto_approved,0.0693,2022
8dbca8a8-e023-4220-8afe-627b61db032e,U001562,2022-11-28 15:27:23,15:27:23,1423775.37,transfer,M00182,USD,success,pos,D000976,230.84.64.110,mobile_wallet,Bangkok,"8.144305,106.384501",21,F,2017-09-20,active,0.91,0,0,0,auto_approved,0.3874,2022
18708475-77da-4f9a-9959-d9d4258b2872,U001515,2022-12-29 00:20:50,00:20:50,2227900.03,bill_payment,M00308,USD,success,desktop,D000809,53.175.118.120,credit_card,Bangkok,"18.000118,102.012825",33,F,2016-07-09,active,0.9,0,0,0,auto_approved,0.0687,2022
0cda7f84-e91e-42e4-a3dc-50bbb31d1a52,U000385,2022-11-03 06:50:59,06:50:59,1324741.28,cash_withdrawal,M00280,VND,success,desktop,D001587,3.160.206.161,bank_transfer,Ho Chi Minh City,"18.442049,104.363631",51,M,2015-06-28,active,0.95,0,0,0,auto_approved,0.3583,2022
7fe88949-500f-40e5-86fd-173336908883,U001893,2022-05-20 08:59:42,08:59:42,413383.31,cash_withdrawal,M00478,USD,success,atm,D002277,201.19.233.191,debit_card,Ho Chi Minh City,"11.249514,107.228841",66,M,2019-05-27,active,0.94,1,0,0,auto_approved,0.2849,2022
83df10ad-8059-4f6b-be3a-a0557311013f,U001125,2022-10-27 02:04:22,02:04:22,236237.73,transfer,M00243,USD,success,desktop,D002020,83.134.192.247,debit_card,Hanoi,"13.07759,108.830385",23,M,2019-10-21,active,0.55,0,0,0,auto_approved,0.0178,2022
95be4f24-6f67-43cb-94bd-2b49552c99e6,U000441,2022-03-03 07:48:22,07:48:22,849181.11,purchase,M00002,VND,success,atm,D001425,146.237.120.54,credit_card,Ho Chi Minh City,"16.761078,108.016764",48,M,2021-06-18,blocked,0.75,0,0,0,auto_approved,0.3898,2022
457ae7fd-9df8-4047-9aaf-1d65763e42d1,U001030,2022-08-15 11:55:50,11:55:50,723294.07,cash_withdrawal,M00482,USD,pending,desktop,D000059,77.133.188.11,credit_card,Kuala Lumpur,"11.939229,107.325984",59,M,2021-05-27,active,0.69,0,1,0,auto_approved,0.3853,2022
748aab14-ea6a-4c65-8955-b53734222e85,U000979,2022-05-06 00:41:44,00:41:44,1043521.17,bill_payment,M00439,VND,success,desktop,D002075,31.247.32.25,debit_card,Singapore,"10.986383,103.481947",57,F,2014-07-12,under_review,0.62,0,0,0,auto_approved,0.3011,2022
f87f69ea-5d2d-4b36-a3b4-9950a1bbd584,U000232,2022-05-13 18:29:44,18:29:44,364352.92,online_payment,M00386,VND,failed,desktop,D000097,205.38.31.103,debit_card,Hanoi,"12.920367,104.673903",49,F,2016-12-04,active,0.75,0,0,0,auto_approved,0.245,2022
4a2cff11-af78-4d3f-bbba-7f21dd4ae8c9,U001101,2022-10-31 20:25:07,20:25:07,874414.18,transfer,M00396,USD,success,atm,D000432,83.119.146.147,credit_card,Singapore,"15.539879,108.878092",49,M,2015-05-09,active,0.91,0,0,0,auto_approved,0.2308,2022
6ccf4b50-c428-4c13-917e-6175f26e3778,U000687,2022-10-25 06:27:38,06:27:38,91332.64,cash_withdrawal,M00466,USD,success,mobile,D001418,3.51.75.213,credit_card,Hanoi,"10.901074,108.791665",29,M,2018-01-19,active,0.63,0,0,0,auto_approved,0.3856,2022
26817644-6393-47d5-bee0-1ff3269db531,U000199,2022-10-12 00:49:49,00:49:49,31970.73,online_payment,M00256,USD,success,pos,D000538,12.172.227.130,bank_transfer,Da Nang,"17.161803,107.103818",33,M,2014-08-26,active,0.6,0,0,0,auto_approved,0.0448,2022
c42b2be4-cfe7-472c-8c74-22e6a35f276c,U001570,2022-07-04 09:28:33,09:28:33,1321466.51,purchase,M00412,USD,failed,mobile,D002690,235.245.6.11,credit_card,Kuala Lumpur,"19.828471,108.214404",64,F,2015-08-16,active,0.69,1,0,0,auto_approved,0.4631,2022
f5b6e05c-e9b8-42f0-a159-012b1fa78ccb,U000614,2022-02-11 03:47:55,03:47:55,3316000.3,transfer,M00359,VND,failed,desktop,D000182,53.134.54.194,bank_transfer,Da Nang,"21.154339,106.356559",45,M,2019-12-18,active,0.64,0,1,0,auto_approved,0.6354,2022
923ef627-8c01-41e0-b31a-58b452fce8e5,U000006,2022-12-18 21:45:26,21:45:26,2654367.68,transfer,M00137,VND,success,pos,D000218,9.116.196.202,mobile_wallet,Singapore,"17.053353,105.829135",26,M,2017-06-25,under_review,0.88,0,0,0,auto_approved,0.244,2022
9fe5a3d3-f026-40ba-acdf-2185483ba74d,U000514,2022-02-02 20:43:09,20:43:09,443131.77,transfer,M00416,USD,success,desktop,D002494,64.36.181.55,credit_card,Da Nang,"8.319927,107.884808",38,F,2021-01-31,active,0.78,0,0,0,auto_approved,0.3419,2022
a36d567d-51ca-4d9c-b2a4-f572032949b2,U001303,2022-03-30 07:02:49,07:02:49,547643.33,bill_payment,M00037,VND,success,pos,D000508,98.45.51.75,mobile_wallet,Singapore,"17.234153,104.11988",69,F,2016-12-15,active,0.53,1,0,0,auto_approved,0.236,2022
8bb511df-ec17-446d-b95d-0b582d067034,U000324,2022-11-03 06:28:12,06:28:12,716016.91,purchase,M00162,VND,failed,pos,D000701,126.122.41.151,credit_card,Da Nang,"17.497798,103.969121",47,F,2020-02-21,active,0.76,0,0,0,auto_approved,0.0346,2022
99ab0667-a717-4322-81e5-a352091726e4,U000025,2022-10-19 13:19:24,13:19:24,1121081.3,cash_withdrawal,M00217,USD,success,pos,D001848,147.142.66.188,mobile_wallet,Kuala Lumpur,"21.751404,104.67231",63,F,2019-10-10,active,0.92,0,0,0,auto_approved,0.2382,2022
b61b88f0-8415-4031-891f-0dd0e174aec9,U001617,2022-02-04 22:15:34,22:15:34,1021801.96,transfer,M00140,VND,failed,atm,D000718,120.86.234.166,credit_card,Kuala Lumpur,"18.435777,107.738656",24,F,2014-04-04,active,0.99,0,0,0,auto_approved,0.4088,2022
a4d972f0-6dc7-4c0e-b423-d9e5a344e75f,U000384,2022-01-26 08:48:22,08:48:22,470240.01,transfer,M00241,VND,success,atm,D002055,198.122.123.119,mobile_wallet,Hanoi,"10.680893,102.990172",39,F,2014-03-02,active,0.96,0,0,0,auto_approved,0.0994,2022
b00fe224-3373-47c8-b2f2-f7d90e52d0a0,U000375,2022-01-05 11:25:40,11:25:40,659169.37,purchase,M00013,USD,success,pos,D000260,243.21.131.127,bank_transfer,Kuala Lumpur,"12.544864,103.525172",68,F,2018-12-13,active,0.71,0,0,0,auto_approved,0.1335,2022
e9a456f0-152f-4354-8f25-38722f741e71,U001765,2022-06-15 01:53:33,01:53:33,643786.36,transfer,M00004,VND,success,atm,D000458,42.160.166.93,debit_card,Ho Chi Minh City,"13.608287,107.148272",45,F,2014-08-29,active,0.79,0,0,0,auto_approved,0.1405,2022
ef3b129f-6c4c-4884-ab4b-7400a5e04160,U001400,2022-10-09 22:25:22,22:25:22,1051514.65,bill_payment,M00308,USD,success,atm,D000896,74.103.246.28,debit_card,Singapore,"10.287272,102.198729",56,M,2022-04-07,active,0.56,0,0,0,auto_approved,0.3441,2022
102da843-1926-4f96-b6c9-d60f40a27b05,U000718,2022-02-14 11:53:54,11:53:54,29544.52,bill_payment,M00422,USD,success,mobile,D002575,1.94.46.102,bank_transfer,Da Nang,"15.37136,103.729703",58,M,2021-03-16,under_review,0.99,0,0,0,auto_approved,0.1195,2022
956a7d43-06e6-48a9-b4e3-de6a16527519,U000926,2022-09-30 02:54:50,02:54:50,22728.66,bill_payment,M00331,VND,success,pos,D002149,103.28.163.156,mobile_wallet,Da Nang,"10.278778,107.867871",36,M,2016-07-07,active,0.57,0,0,0,auto_approved,0.1743,2022
363db210-ea65-4bf6-ae0a-b384f2325955,U000039,2022-12-10 15:41:19,15:41:19,21510.57,transfer,M00304,VND,success,mobile,D000539,200.135.43.193,debit_card,Singapore,"20.033418,105.211113",67,F,2021-02-03,active,0.55,0,0,0,auto_approved,0.2855,2022
0df3278d-c3af-4184-976e-0f61dc8bffd7,U001735,2022-08-10 07:58:37,07:58:37,333954.75,cash_withdrawal,M00212,VND,success,atm,D002850,143.186.17.71,credit_card,Kuala Lumpur,"9.753845,102.64917",37,M,2021-10-01,active,0.5,0,0,0,auto_approved,0.0291,2022
1df78ea8-d526-46a7-9977-e402f5b1ba7f,U000967,2022-07-16 12:36:25,12:36:25,158103.6,online_payment,M00029,VND,success,atm,D001394,12.227.214.188,mobile_wallet,Da Nang,"18.918412,108.557919",66,M,2018-02-06,active,0.62,0,1,0,auto_approved,0.4784,2022
fc97ce15-2655-4b4b-b3fb-c13dd8252c29,U000745,2022-07-30 05:04:41,05:04:41,305007.31,cash_withdrawal,M00152,VND,success,atm,D000052,33.239.44.180,debit_card,Bangkok,"19.508279,106.450985",63,M,2016-05-18,active,0.66,0,1,0,auto_approved,0.5316,2022
37a14632-de50-4f8a-8a7a-982f39b25d31,U000225,2022-02-09 23:35:06,23:35:06,93193.76,purchase,M00086,VND,success,pos,D000354,105.54.193.53,debit_card,Da Nang,"15.695714,105.056584",47,F,2018-06-26,active,0.94,0,0,0,auto_approved,0.0729,2022
8a3a1c87-c9cd-4c5e-8578-f9f210ef4063,U001456,2022-11-09 15:47:24,15:47:24,625119.47,purchase,M00200,USD,success,desktop,D001530,185.0.240.216,bank_transfer,Kuala Lumpur,"21.399106,103.448957",29,M,2015-01-21,active,0.66,1,0,0,auto_approved,0.2972,2022
9c5b0a9b-8729-43d7-8652-68b8537eff7f,U000156,2022-11-16 01:11:11,01:11:11,355773.59,cash_withdrawal,M00120,USD,pending,pos,D002249,187.193.227.228,bank_transfer,Hanoi,"10.788677,108.637324",46,F,2020-07-20,active,0.61,0,0,0,auto_approved,0.2884,2022
740610ff-d166-4ee1-bc5b-9132ea1e77ce,U001458,2022-06-11 17:10:37,17:10:37,286973.68,bill_payment,M00353,VND,success,mobile,D002266,97.49.114.153,debit_card,Singapore,"8.752935,106.822916",29,F,2022-03-08,active,0.73,2,1,1,pending_review,0.5534,2022
e178020c-6e3a-4944-bb51-8c99b3d2eab0,U000536,2022-09-14 04:58:12,04:58:12,771789.95,purchase,M00413,USD,success,mobile,D000530,116.237.171.57,debit_card,Da Nang,"21.710727,108.648436",30,F,2015-02-05,active,0.67,0,0,0,auto_approved,0.1765,2022
40ee928b-e374-48c5-ba95-8b65707777f7,U000967,2022-10-09 17:15:45,17:15:45,979055.35,online_payment,M00361,USD,success,pos,D002576,98.160.43.82,credit_card,Ho Chi Minh City,"21.093819,104.369411",30,F,2016-09-18,active,0.75,0,0,0,auto_approved,0.4127,2022
58802e6e-b75d-4b00-8a60-7b7cdb2c3b90,U000716,2022-04-01 17:33:12,17:33:12,221679.06,transfer,M00341,VND,success,mobile,D000253,44.193.172.36,bank_transfer,Singapore,"14.564776,108.963702",38,M,2017-01-09,active,0.69,2,1,1,pending_review,0.22,2022
6ab8d43c-cc27-45c2-87e6-1c195d2b440e,U001678,2022-09-05 03:05:44,03:05:44,421559.7,bill_payment,M00371,USD,success,desktop,D000827,148.157.179.19,debit_card,Singapore,"15.464194,103.724478",53,F,2017-10-14,active,0.88,0,0,0,auto_approved,0.1714,2022
5f2e96ff-cd11-432c-a495-7386cb8477a4,U001726,2022-05-07 11:47:54,11:47:54,87826.34,purchase,M00196,USD,success,desktop,D001341,243.11.135.122,credit_card,Ho Chi Minh City,"21.3084,108.346208",64,F,2014-10-30,active,0.64,0,0,0,auto_approved,0.2449,2022
93d7d6ce-029f-4141-bcdd-a40431a4016b,U000614,2022-03-18 18:42:50,18:42:50,68714.82,transfer,M00426,USD,success,atm,D000301,202.54.31.241,mobile_wallet,Hanoi,"8.936538,108.445527",68,M,2014-03-30,under_review,0.56,0,0,0,auto_approved,0.3965,2022
2a5ec134-1973-4105-822d-bbfde8921901,U001128,2022-05-14 06:49:59,06:49:59,61324.34,bill_payment,M00267,VND,success,desktop,D001722,151.184.144.69,mobile_wallet,Bangkok,"11.022858,105.278116",38,M,2019-02-24,active,1.0,0,0,0,auto_approved,0.4078,2022
793bc78f-9386-4d66-b305-56abbe408f8f,U001532,2022-11-03 07:14:16,07:14:16,2283301.37,online_payment,M00003,USD,success,pos,D000140,182.187.154.251,bank_transfer,Da Nang,"9.641379,102.051242",30,M,2015-06-03,active,0.82,0,0,0,auto_approved,0.1607,2022
6e45847f-bc9e-4dc1-b9b4-d3a3a3ff68d5,U000398,2022-03-18 14:50:18,14:50:18,344049.78,cash_withdrawal,M00070,USD,success,desktop,D002424,136.216.41.15,credit_card,Ho Chi Minh City,"15.269839,107.206846",27,F,2018-06-30,active,0.89,0,0,0,auto_approved,0.4389,2022
176a999c-8b16-4249-8570-a64d52199661,U001944,2022-03-22 08:07:21,08:07:21,559644.28,online_payment,M00400,USD,success,desktop,D000987,220.172.148.237,credit_card,Ho Chi Minh City,"20.69671,105.871939",69,F,2019-05-05,active,0.75,0,0,0,auto_approved,0.1798,2022
89902497-5316-4117-9365-bf4d8d0de779,U000861,2022-06-11 03:38:58,03:38:58,167272.85,cash_withdrawal,M00077,VND,success,pos,D001068,53.234.44.86,mobile_wallet,Singapore,"14.694062,105.211767",28,M,2015-06-11,active,0.7,0,0,0,auto_approved,0.3873,2022
844c9f34-966b-4e23-a368-2c694a2a5e1b,U001042,2022-09-04 23:20:29,23:20:29,479214.51,bill_payment,M00397,VND,success,pos,D000871,29.183.192.214,mobile_wallet,Bangkok,"21.141367,106.772467",44,M,2020-07-11,active,0.66,0,0,0,auto_approved,0.2844,2022
2a04a06d-b752-45e4-b0aa-e0447829217c,U000933,2022-03-19 09:57:35,09:57:35,587833.36,transfer,M00208,USD,success,desktop,D002151,206.27.166.139,mobile_wallet,Singapore,"21.653485,102.531437",44,F,2017-04-23,active,0.84,0,0,0,auto_approved,0.4471,2022
caf0f51b-ca90-4244-a7a2-34394f3eef8e,U000663,2022-12-08 07:47:22,07:47:22,805773.92,online_payment,M00118,USD,success,mobile,D001716,216.160.60.114,debit_card,Hanoi,"14.525045,105.126717",47,M,2016-09-06,active,0.77,0,0,0,auto_approved,0.3059,2022
092df39d-1816-4991-aff3-abde15e3c594,U000830,2022-07-29 03:08:43,03:08:43,183938.22,transfer,M00028,USD,success,desktop,D001325,47.230.27.78,credit_card,Singapore,"19.5156,108.990118",62,F,2017-02-11,active,0.97,0,0,0,auto_approved,0.0981,2022
e2a2af1b-3d7e-4d40-b92b-4c0fa7723c05,U000458,2022-07-22 10:06:38,10:06:38,379435.77,transfer,M00008,USD,success,pos,D002653,201.198.160.94,debit_card,Ho Chi Minh City,"20.854649,106.954077",44,M,2014-11-26,active,0.84,0,0,0,auto_approved,0.3206,2022
0b6696ad-0acc-48f7-8f07-269d7f945328,U001460,2022-08-05 08:19:33,08:19:33,1091152.41,transfer,M00130,VND,success,mobile,D000722,89.147.177.81,bank_transfer,Hanoi,"10.55269,106.949717",68,F,2021-06-01,active,0.65,0,0,0,auto_approved,0.3165,2022
303b9866-14b3-4f33-88b7-5a1b19715068,U001951,2022-09-08 05:56:58,05:56:58,2366911.91,online_payment,M00290,USD,success,desktop,D002179,191.234.118.60,debit_card,Da Nang,"19.898725,108.956765",63,M,2021-06-02,active,0.97,0,0,0,auto_approved,0.1234,2022
33999556-1c70-4e2f-8435-4a95dafea3ca,U001529,2022-01-26 19:08:13,19:08:13,253581.12,purchase,M00032,VND,success,pos,D000491,250.238.171.146,debit_card,Ho Chi Minh City,"11.264414,102.76946",66,M,2016-01-21,active,0.45,0,0,0,auto_approved,0.3225,2022
588fd5b3-ec5d-4a68-ad04-98c3a025bca5,U000513,2022-11-06 07:59:07,07:59:07,1282183.52,bill_payment,M00291,USD,success,mobile,D000916,212.111.13.34,bank_transfer,Ho Chi Minh City,"11.147171,104.597919",48,F,2017-11-09,active,0.77,3,1,0,auto_approved,0.2399,2022
90c4e406-eb6c-4517-bebb-ea7ecc0801ae,U000372,2022-01-20 11:44:44,11:44:44,1447601.97,cash_withdrawal,M00073,USD,success,desktop,D000329,217.26.24.250,credit_card,Singapore,"10.970711,106.928291",67,F,2016-11-22,active,0.81,1,0,0,auto_approved,0.395,2022
011ec428-9664-4866-afb6-cd82e411f72b,U000694,2022-02-08 13:40:27,13:40:27,3031.6,cash_withdrawal,M00270,USD,success,atm,D000523,40.168.237.205,bank_transfer,Kuala Lumpur,"20.19761,105.765611",21,M,2016-12-15,active,0.53,0,1,1,pending_review,0.4021,2022
81137fb6-0f68-4178-85ea-35a5419090ca,U000706,2022-03-12 00:24:09,00:24:09,128998.52,cash_withdrawal,M00353,VND,success,mobile,D001363,180.213.77.137,bank_transfer,Singapore,"16.507463,102.133801",40,F,2015-11-28,active,0.51,0,1,0,auto_approved,0.4802,2022
c8712707-85c3-460a-b806-f99a3a4a4be7,U000784,2022-01-14 21:34:04,21:34:04,3411522.65,online_payment,M00179,VND,success,mobile,D001470,49.14.150.204,debit_card,Ho Chi Minh City,"19.795499,105.355586",42,M,2014-03-07,active,0.64,0,1,0,auto_approved,0.3042,2022
fa1ff134-180f-44bb-ab1f-7bdd650b93b8,U001888,2022-01-22 05:26:41,05:26:41,1389932.36,cash_withdrawal,M00380,VND,success,atm,D001120,128.99.232.46,mobile_wallet,Bangkok,"17.385253,105.364846",22,M,2016-11-02,active,0.86,1,1,0,auto_approved,0.5749,2022
5f505a0c-8390-42f1-82e8-41b4188d3a7e,U000578,2022-12-29 11:33:42,11:33:42,174807.31,transfer,M00317,VND,success,desktop,D000794,171.115.13.254,mobile_wallet,Da Nang,"18.777339,105.80987",58,M,2021-08-20,active,0.48,0,0,0,auto_approved,0.0947,2022
f1d3337f-78c2-4dff-a543-f4c68cdbd42e,U001738,2022-08-30 15:31:41,15:31:41,1571998.8,bill_payment,M00232,USD,success,pos,D001708,80.134.54.176,credit_card,Bangkok,"12.640318,106.315492",29,M,2019-12-28,active,0.65,0,0,0,auto_approved,0.1825,2022
a75273ad-d6e6-4576-967b-d47a2ce37504,U001284,2022-04-03 17:00:13,17:00:13,1410069.26,cash_withdrawal,M00318,USD,success,mobile,D001178,165.159.253.226,credit_card,Bangkok,"10.338262,103.423508",67,F,2019-10-29,active,0.84,2,1,0,auto_approved,0.493,2022
84419c1e-90a0-4b0b-9281-e23c771f2f45,U001383,2022-01-22 17:42:48,17:42:48,944651.29,purchase,M00315,VND,success,mobile,D002317,242.236.91.52,mobile_wallet,Kuala Lumpur,"14.68514,108.114078",36,F,2021-03-28,active,0.55,1,1,1,pending_review,0.8414,2022
274ffd4d-3417-4eaf-a85e-3c509381b556,U001130,2022-03-29 07:59:45,07:59:45,1458153.73,cash_withdrawal,M00167,VND,success,desktop,D001902,153.134.254.176,bank_transfer,Da Nang,"20.394773,105.778231",36,M,2016-05-10,active,0.56,0,0,0,auto_approved,0.4088,2022
f34aeb9b-af17-4573-a98b-b0e1e5ddabfb,U000508,2022-11-24 14:13:28,14:13:28,843788.1,bill_payment,M00491,USD,success,pos,D001064,241.230.128.158,credit_card,Hanoi,"10.337877,104.765874",53,F,2020-08-19,active,0.95,1,0,0,auto_approved,0.477,2022
89ae6c2b-c01e-465b-8b01-eee4a4c4c99b,U001992,2022-04-18 14:44:10,14:44:10,1299223.57,online_payment,M00399,VND,success,pos,D001145,142.64.149.119,debit_card,Singapore,"8.354894,108.354271",44,F,2014-07-23,active,0.93,0,0,0,auto_approved,0.4418,2022
a815286c-c757-4bf1-85fe-bf4770654ecb,U000160,2022-07-30 12:04:24,12:04:24,299331.54,transfer,M00164,VND,success,pos,D001764,214.73.112.63,bank_transfer,Singapore,"12.074841,108.149812",20,F,2018-07-02,active,0.63,0,0,0,auto_approved,0.3032,2022
451fe6c9-40d8-43db-a7c8-f1375d41e69f,U001494,2022-07-21 10:22:42,10:22:42,180808.72,online_payment,M00489,VND,success,mobile,D002971,49.222.101.121,debit_card,Hanoi,"14.075767,106.846761",19,M,2021-10-27,active,0.68,0,0,0,auto_approved,0.4402,2022
3e7bc88b-c506-4ca8-9c40-39c8b506b63c,U001313,2022-10-30 03:25:14,03:25:14,1292846.68,bill_payment,M00483,VND,success,mobile,D001682,172.69.17.101,bank_transfer,Da Nang,"13.479943,104.034313",43,F,2019-06-23,active,0.86,0,0,0,auto_approved,0.0867,2022
136ac552-333a-4c5f-a7fd-db4b0027c531,U000884,2022-09-21 21:59:39,21:59:39,129658.03,purchase,M00146,VND,success,mobile,D002660,86.176.25.114,mobile_wallet,Singapore,"8.58081,105.943456",60,F,2016-11-17,active,0.72,0,0,0,auto_approved,0.3602,2022
ed0834f3-735a-4952-ac35-7a3f772f7024,U000365,2022-09-06 04:28:18,04:28:18,1579323.1,bill_payment,M00385,VND,success,desktop,D002724,111.32.178.44,credit_card,Singapore,"14.7697,108.254953",59,M,2018-07-22,active,0.61,0,0,0,auto_approved,0.372,2022
c50ed4e8-2b93-482b-9959-23208762ac06,U001017,2022-02-04 09:42:19,09:42:19,1132106.0,purchase,M00449,VND,success,atm,D002935,135.111.110.164,bank_transfer,Singapore,"15.823191,103.467705",37,F,2018-11-16,active,0.88,0,0,0,auto_approved,0.2541,2022
0454cdff-b561-4f5c-8012-2d0d14d6d8d8,U001371,2022-07-10 09:28:21,09:28:21,745670.59,cash_withdrawal,M00306,VND,success,mobile,D002471,207.45.232.81,debit_card,Kuala Lumpur,"15.610667,105.696301",57,F,2020-12-22,active,0.77,1,0,0,auto_approved,0.3718,2022
fe1886ad-ff6f-46cd-afce-6272dce915fe,U000187,2022-04-06 13:22:55,13:22:55,126315.05,purchase,M00379,VND,success,pos,D001578,167.229.248.173,credit_card,Singapore,"9.351123,103.711038",27,M,2016-05-19,active,0.62,0,0,0,auto_approved,0.277,2022
9641645b-cadb-4c9a-af9b-ec72f13dee4f,U001322,2022-04-29 23:56:56,23:56:56,189982.09,online_payment,M00372,USD,success,mobile,D000108,82.201.87.239,credit_card,Singapore,"8.282891,106.009081",42,M,2019-07-21,active,0.6,0,0,0,auto_approved,0.2764,2022
a438ebb1-59cf-4534-bf9e-46c72e209efb,U000530,2022-08-02 08:01:18,08:01:18,1284657.37,bill_payment,M00143,VND,success,desktop,D001477,113.191.127.204,debit_card,Da Nang,"8.473083,106.946188",65,M,2015-08-12,active,0.65,0,0,0,auto_approved,0.1222,2022
0baa6c9a-2d39-4cc4-acda-750800a4472d,U001124,2022-10-09 07:06:07,07:06:07,828223.59,cash_withdrawal,M00470,VND,success,pos,D000633,240.247.248.172,credit_card,Singapore,"8.386193,108.482207",55,M,2017-12-07,active,0.94,3,1,0,auto_approved,0.2199,2022
a8e3c3e5-164e-4a83-8074-dcf436f6dd7f,U000121,2022-01-06 01:25:45,01:25:45,442784.19,online_payment,M00121,VND,success,atm,D001596,147.219.228.101,debit_card,Singapore,"10.050831,103.184639",21,F,2018-08-18,active,0.8,0,0,0,auto_approved,0.3808,2022
53b7d2bc-f250-4c07-8a77-e943f352f730,U001478,2022-11-25 12:07:58,12:07:58,207056.33,transfer,M00153,VND,success,pos,D002665,165.137.98.46,bank_transfer,Singapore,"8.868155,103.713421",29,M,2016-03-27,active,0.98,0,0,0,auto_approved,0.1212,2022
48ac0a50-a78b-4111-9e09-30dd68e26d67,U000941,2022-09-04 07:50:28,07:50:28,131396.31,transfer,M00351,USD,success,desktop,D002338,233.5.28.116,mobile_wallet,Da Nang,"10.376523,108.536688",61,M,2017-04-14,active,0.58,0,0,0,auto_approved,0.2683,2022
82919e4a-d67c-4a9f-beaf-04ec26135b8d,U000067,2022-12-21 22:15:28,22:15:28,33820.37,bill_payment,M00101,USD,success,desktop,D001026,140.70.170.101,mobile_wallet,Da Nang,"11.545167,107.646248",23,M,2021-09-23,active,0.5,1,0,0,auto_approved,0.4017,2022
8e084958-8ad7-4b1a-8442-ff2c2babc3a6,U000619,2022-03-14 14:59:50,14:59:50,225957.78,online_payment,M00356,USD,success,mobile,D002068,28.69.69.200,bank_transfer,Bangkok,"11.401994,106.689822",61,M,2016-01-31,active,0.74,0,0,0,auto_approved,0.0292,2022
97c13932-a0b8-4557-a53b-842c0194932b,U001833,2022-01-25 18:19:06,18:19:06,2880111.73,purchase,M00420,VND,success,desktop,D000928,196.94.122.249,credit_card,Kuala Lumpur,"10.570127,108.332932",24,F,2015-07-02,active,0.57,0,0,0,auto_approved,0.2341,2022
1af69474-bede-4af9-89e2-959d6a89a30e,U000037,2022-01-07 09:33:12,09:33:12,1064994.36,transfer,M00169,VND,success,atm,D002423,178.52.26.131,debit_card,Da Nang,"10.872019,103.508838",65,F,2019-02-20,active,0.7,0,0,0,auto_approved,0.2971,2022
0e4a28dc-2aca-4a83-9624-c120baa23b66,U001499,2022-04-26 01:10:21,01:10:21,428203.74,online_payment,M00285,USD,failed,atm,D001001,188.116.144.47,debit_card,Kuala Lumpur,"10.438105,108.308904",42,F,2019-10-23,active,0.67,0,0,0,auto_approved,0.017,2022
7d552e80-38f0-4655-9e21-fab8ffdcca3d,U001228,2022-09-17 03:13:50,03:13:50,2435877.56,transfer,M00446,USD,success,pos,D002340,35.74.104.236,debit_card,Bangkok,"21.165866,102.031453",53,M,2015-10-08,active,0.49,0,0,0,auto_approved,0.0154,2022
5498bbf4-6b51-4039-9953-4aca2fd25c53,U001839,2022-06-21 06:30:25,06:30:25,519905.15,cash_withdrawal,M00176,VND,success,mobile,D002533,94.12.185.237,bank_transfer,Bangkok,"14.455355,103.634407",18,F,2016-02-06,active,0.72,0,0,0,auto_approved,0.4208,2022
edc0c7cf-68c0-4150-a2d5-e3fc4ee0e000,U001866,2022-03-25 22:20:01,22:20:01,1431905.69,transfer,M00246,VND,success,mobile,D002265,249.224.113.91,bank_transfer,Bangkok,"17.557528,107.559894",37,M,2017-04-14,active,0.94,0,0,0,auto_approved,0.1985,2022
b79e4bfe-827a-4ec3-adab-b0b3af739137,U000039,2022-10-07 17:42:34,17:42:34,493280.36,online_payment,M00456,VND,success,pos,D001216,207.80.103.232,bank_transfer,Singapore,"13.904516,102.453762",47,M,2015-05-05,active,0.87,0,1,0,auto_approved,0.4766,2022
1de20be0-8045-4150-a75f-e0e2f0724111,U000287,2022-04-11 20:13:12,20:13:12,1070710.84,cash_withdrawal,M00445,USD,failed,desktop,D000822,211.128.46.220,debit_card,Hanoi,"15.15297,106.175738",53,M,2019-08-03,active,0.81,0,0,0,auto_approved,0.2777,2022
989ffa12-7e67-4fe7-a144-b0f7c1da3cde,U001614,2022-01-05 08:49:55,08:49:55,8768.49,transfer,M00360,USD,success,desktop,D001413,243.198.19.74,debit_card,Singapore,"9.374495,105.811645",31,M,2018-11-23,active,0.68,0,0,0,auto_approved,0.0493,2022
b621ec80-d3df-44ff-b0ac-7e57e74d0ac3,U000271,2022-08-12 07:04:24,07:04:24,2693958.98,online_payment,M00014,VND,failed,mobile,D000247,11.93.54.192,mobile_wallet,Kuala Lumpur,"8.733373,106.195347",58,M,2015-07-23,active,0.74,0,0,0,auto_approved,0.1608,2022
d8552d58-46a6-43fc-b382-4d6d23ee89f3,U001484,2022-03-29 14:45:37,14:45:37,627358.89,purchase,M00270,VND,success,pos,D000977,73.174.201.42,debit_card,Hanoi,"13.084114,108.446652",38,F,2018-05-01,active,0.74,0,0,0,auto_approved,0.3632,2022
2e605769-529b-4348-90df-e67bd035edda,U000946,2022-01-12 00:08:30,00:08:30,87106.65,bill_payment,M00253,USD,success,desktop,D001196,251.252.243.251,credit_card,Ho Chi Minh City,"18.348473,102.84345",22,M,2013-12-06,active,0.67,1,0,0,auto_approved,0.5545,2022
740571b5-83f7-4093-ae3d-bdb056027e5c,U001963,2022-03-22 12:17:44,12:17:44,735423.6,transfer,M00463,VND,success,pos,D002655,195.246.226.42,bank_transfer,Bangkok,"18.01969,103.567851",52,M,2017-05-14,active,0.69,0,0,0,auto_approved,0.107,2022
bbe206da-22ff-420e-81a4-4a0323108c69,U001692,2022-04-04 14:17:45,14:17:45,943846.94,online_payment,M00161,VND,success,desktop,D000137,9.3.214.65,bank_transfer,Bangkok,"14.380035,103.682001",54,M,2018-10-11,active,0.6,0,0,0,auto_approved,0.1578,2022
a5401624-0daf-4fe9-a3e0-c15c0f7d34aa,U000690,2022-07-25 17:07:56,17:07:56,402019.77,transfer,M00222,USD,pending,desktop,D001204,46.210.57.1,mobile_wallet,Ho Chi Minh City,"12.791319,102.236887",62,M,2016-03-11,active,0.75,0,0,0,auto_approved,0.3035,2022
dbe8a1d7-a22c-4a4c-b465-5980676fbcfe,U001296,2022-08-29 12:00:09,12:00:09,479221.7,bill_payment,M00055,VND,failed,mobile,D002419,52.207.122.13,bank_transfer,Bangkok,"10.302034,108.468843",58,M,2020-09-04,active,0.63,0,0,0,auto_approved,0.249,2022
d6f58c26-f935-4628-8fef-490c5f0b6ad5,U001729,2022-01-15 07:58:53,07:58:53,202433.91,cash_withdrawal,M00069,VND,success,pos,D000852,74.64.138.242,credit_card,Bangkok,"15.845968,102.18158",67,F,2014-12-01,active,0.83,1,0,0,auto_approved,0.6106,2022
ae7a5cca-8584-4a87-8083-ee9544fbed84,U000373,2022-01-01 20:07:06,20:07:06,389733.03,bill_payment,M00289,VND,success,pos,D000194,184.100.112.91,debit_card,Hanoi,"17.96314,107.044501",61,F,2020-07-02,active,0.91,0,0,0,auto_approved,0.3645,2022
d8d9444b-d93f-46a3-ac43-0ae98ebdbe92,U000670,2022-07-20 13:36:57,13:36:57,598642.0,cash_withdrawal,M00104,VND,success,atm,D002847,184.113.102.31,bank_transfer,Bangkok,"14.925229,105.586318",52,F,2016-04-19,active,0.51,0,0,0,auto_approved,0.091,2022
3cd3ba72-479c-40fd-af3a-de68f87bdde8,U001279,2022-10-13 11:13:50,11:13:50,125746.56,online_payment,M00046,VND,success,mobile,D002741,217.33.41.195,mobile_wallet,Ho Chi Minh City,"13.989209,105.619642",27,M,2021-07-03,active,0.9,0,0,0,auto_approved,0.3907,2022
61e9e1b9-d2ea-4809-a66d-846d17b96318,U001577,2022-10-12 04:41:27,04:41:27,1827930.4,cash_withdrawal,M00309,USD,success,desktop,D000973,215.242.242.121,debit_card,Da Nang,"17.58867,102.726744",65,M,2018-02-03,active,0.66,0,0,0,auto_approved,0.2831,2022
5d777c59-fced-4daa-b53f-0a4e3d3cc787,U001475,2022-09-21 12:40:24,12:40:24,1165414.45,online_payment,M00170,VND,success,mobile,D002538,93.14.159.62,mobile_wallet,Ho Chi Minh City,"12.316953,103.071897",68,M,2019-10-24,active,0.79,0,0,0,auto_approved,0.0273,2022
41a2bf32-4d24-439d-87fb-d3afe4e0b9f5,U000072,2022-05-03 18:50:42,18:50:42,1508879.13,online_payment,M00199,USD,success,mobile,D002780,149.159.117.245,mobile_wallet,Singapore,"15.652743,108.904259",63,F,2018-04-19,active,0.68,0,0,0,auto_approved,0.1542,2022
238660db-86e0-4163-8134-566f4c19dd91,U001328,2022-08-28 21:42:38,21:42:38,76931.96,cash_withdrawal,M00494,USD,success,mobile,D002055,206.248.229.120,debit_card,Bangkok,"16.579458,104.160277",30,M,2019-07-17,active,0.89,0,0,0,auto_approved,0.128,2022
788bdfd7-d0f0-47f7-ba7a-d1748a528fd9,U000755,2022-02-18 09:22:43,09:22:43,3289291.14,purchase,M00165,VND,success,pos,D000547,8.240.174.229,mobile_wallet,Bangkok,"9.751772,107.673245",59,M,2018-06-12,active,0.95,0,1,0,auto_approved,0.5779,2022
bd94c3f9-f95d-46d1-8036-bea456d7be38,U000781,2022-01-06 13:14:18,13:14:18,661943.14,cash_withdrawal,M00198,VND,success,desktop,D000019,46.8.216.245,mobile_wallet,Bangkok,"19.311237,104.499173",61,F,2015-06-24,active,0.95,0,0,0,auto_approved,0.0218,2022
27a7bae8-23ee-4f72-a9e6-c136be063d76,U000352,2022-05-14 04:30:13,04:30:13,224652.07,purchase,M00206,VND,success,desktop,D000949,122.65.91.253,bank_transfer,Ho Chi Minh City,"10.101131,103.693828",47,F,2017-03-02,active,0.63,0,0,0,auto_approved,0.197,2022
c8e25f2f-9374-4c6c-bae9-c0d423953bd8,U000503,2022-02-04 19:07:36,19:07:36,123269.82,online_payment,M00290,USD,success,mobile,D001020,93.70.48.106,debit_card,Hanoi,"17.089672,107.424966",35,M,2021-03-13,active,0.83,0,1,0,auto_approved,0.3101,2022
82c2fbb0-ad23-4367-93fa-35f404491f27,U000643,2022-12-29 15:49:58,15:49:58,839082.64,cash_withdrawal,M00385,USD,success,pos,D001764,37.132.60.24,credit_card,Bangkok,"11.794706,103.019855",29,M,2014-10-13,active,0.47,0,1,0,auto_approved,0.4239,2022
fbcfcb5f-3132-4c95-925a-304957dbdf3f,U000158,2022-02-26 17:15:10,17:15:10,432822.07,bill_payment,M00402,USD,success,pos,D001729,222.126.182.180,debit_card,Kuala Lumpur,"9.665823,103.347509",68,F,2021-07-11,active,0.58,0,0,0,auto_approved,0.4039,2022
02aa70ca-cc19-4f59-9cf4-82c1d1321ae6,U000241,2022-05-14 13:06:20,13:06:20,166261.09,transfer,M00263,VND,success,mobile,D002405,35.13.199.34,mobile_wallet,Hanoi,"16.774869,106.583734",64,M,2014-10-11,active,0.56,0,0,0,auto_approved,0.4104,2022
b5181562-8031-4fc0-b655-a44442ff7ebb,U000257,2022-01-06 18:00:18,18:00:18,182807.71,transfer,M00186,USD,success,desktop,D000097,169.4.202.178,credit_card,Bangkok,"13.476992,107.069296",58,F,2019-01-20,active,0.74,0,0,0,auto_approved,0.4133,2022
3b5252b1-8a28-467b-bcc5-70fd20b51b02,U000200,2022-03-13 15:34:27,15:34:27,697987.26,transfer,M00225,VND,success,mobile,D001323,79.170.112.116,debit_card,Bangkok,"9.302163,106.031004",61,M,2017-08-12,active,0.69,0,0,0,auto_approved,0.2108,2022
c508503f-320d-4bae-b813-73bfcd069eba,U001019,2022-07-05 09:47:27,09:47:27,773361.72,bill_payment,M00107,USD,success,desktop,D002952,138.187.179.181,mobile_wallet,Hanoi,"17.208626,103.37836",62,F,2019-02-16,active,0.64,0,0,0,auto_approved,0.0195,2022
5788f2d4-522b-4872-a771-7aef397c4a24,U000116,2022-07-08 11:29:25,11:29:25,1656684.75,online_payment,M00379,USD,success,mobile,D002367,229.209.36.150,bank_transfer,Bangkok,"11.269154,106.162838",30,M,2017-05-10,active,0.86,2,1,0,auto_approved,0.2051,2022
f8683551-7c0d-42c9-aec2-7754725d8500,U001255,2022-10-25 22:18:12,22:18:12,456988.35,cash_withdrawal,M00061,VND,success,mobile,D001673,108.196.115.197,mobile_wallet,Kuala Lumpur,"10.846237,102.47583",31,M,2017-03-21,active,0.48,0,0,0,auto_approved,0.1028,2022
7c679955-6368-486c-ad00-4abefed82ee5,U001828,2022-10-28 05:09:33,05:09:33,550898.51,transfer,M00028,USD,success,mobile,D002234,44.50.73.80,credit_card,Ho Chi Minh City,"14.550972,107.785167",58,F,2014-09-24,active,0.83,0,0,0,auto_approved,0.4039,2022
fe3bf39c-e3ce-438d-98ee-c27ab00e8545,U001497,2022-05-04 20:30:20,20:30:20,161782.84,online_payment,M00395,USD,success,mobile,D000536,43.28.192.215,bank_transfer,Hanoi,"19.930866,105.630679",43,F,2020-11-01,active,0.46,0,0,0,auto_approved,0.1702,2022
d619477c-8836-4991-9b62-18a2fa486eb0,U001294,2022-12-19 12:08:26,12:08:26,927030.81,transfer,M00316,USD,success,desktop,D001053,116.104.54.172,credit_card,Kuala Lumpur,"20.525682,102.948917",44,F,2016-02-02,active,0.77,0,0,0,auto_approved,0.2848,2022
c1a64e0b-7555-48ca-87d4-70d5b85750a2,U000951,2022-05-02 00:09:20,00:09:20,287211.87,transfer,M00294,USD,success,pos,D002953,28.169.254.87,debit_card,Ho Chi Minh City,"10.853886,106.800966",51,M,2018-06-19,active,0.61,0,0,0,auto_approved,0.4114,2022
f0e38d85-c47b-4f82-88d6-93cc8e269739,U001938,2022-06-09 02:27:29,02:27:29,119822.05,bill_payment,M00253,VND,failed,mobile,D001765,91.232.45.44,debit_card,Singapore,"20.806571,102.400314",44,M,2014-08-23,active,0.87,0,0,0,auto_approved,0.3923,2022
2eca7083-9fab-44e0-83b3-9a8db394ab33,U000616,2022-08-31 11:32:42,11:32:42,566353.23,cash_withdrawal,M00034,VND,success,pos,D001462,176.135.157.147,mobile_wallet,Ho Chi Minh City,"10.87333,106.57332",20,F,2015-12-04,active,0.48,0,0,0,auto_approved,0.3473,2022
0d6e6ad3-0726-4b9b-a477-d9ab0512a765,U000362,2022-07-28 02:17:14,02:17:14,937716.49,bill_payment,M00312,USD,success,pos,D000607,92.95.56.99,debit_card,Bangkok,"20.422654,104.933427",21,F,2014-08-02,active,0.51,2,1,0,auto_approved,0.4434,2022
a7479420-9fd7-47d0-bf63-e146ec710ed7,U001409,2022-01-31 08:50:31,08:50:31,1318099.36,cash_withdrawal,M00208,USD,failed,pos,D001044,191.157.103.203,mobile_wallet,Ho Chi Minh City,"10.51595,103.825282",41,F,2021-12-31,under_review,0.5,0,0,0,auto_approved,0.3642,2022
040e5f3c-06dd-4bdb-b101-4c1731d44e43,U000214,2022-09-12 12:11:12,12:11:12,865392.29,purchase,M00396,VND,success,pos,D002185,192.134.24.250,debit_card,Kuala Lumpur,"19.813623,104.50752",59,F,2020-09-12,active,0.85,0,0,0,auto_approved,0.0203,2022
8402d934-1a9e-45d1-a535-102c5ce48ee7,U000310,2022-02-16 18:46:55,18:46:55,326605.9,bill_payment,M00244,VND,failed,desktop,D000594,89.51.152.173,bank_transfer,Singapore,"19.862258,106.631763",26,F,2015-07-31,active,0.88,0,0,0,auto_approved,0.1404,2022
e4e23fe3-4738-431f-baef-75e2f1d91c1c,U000138,2022-09-12 00:34:19,00:34:19,261366.16,bill_payment,M00410,VND,failed,atm,D000940,129.159.207.225,bank_transfer,Ho Chi Minh City,"17.410835,107.782974",60,M,2019-11-10,active,0.94,1,0,0,auto_approved,0.4277,2022
a474a2aa-0715-4228-96a2-bab73de27ee8,U001179,2022-05-08 04:48:48,04:48:48,248116.64,purchase,M00209,USD,success,atm,D000709,183.72.144.195,mobile_wallet,Hanoi,"12.741659,107.096934",45,M,2015-03-04,active,0.95,0,0,0,auto_approved,0.1074,2022
905aee11-f683-4bb7-989f-15992bda165b,U000615,2022-12-27 02:19:15,02:19:15,312954.97,cash_withdrawal,M00097,USD,success,atm,D002349,161.7.230.87,credit_card,Da Nang,"9.915379,105.769693",42,F,2018-04-06,active,0.58,0,0,0,auto_approved,0.1385,2022
459851d5-88de-4e5a-b194-6824107a2580,U000534,2022-04-25 15:58:39,15:58:39,330549.17,cash_withdrawal,M00015,USD,success,pos,D000271,136.234.79.195,bank_transfer,Da Nang,"9.295478,102.859923",19,F,2014-03-04,active,0.89,0,0,0,auto_approved,0.4213,2022
6f32dfef-d655-4973-a697-016749c95272,U000350,2022-04-11 07:34:49,07:34:49,101737.84,cash_withdrawal,M00463,VND,success,desktop,D002002,52.76.135.82,bank_transfer,Singapore,"10.19671,103.184545",43,F,2020-12-27,active,0.9,0,0,0,auto_approved,0.3322,2022
0ccc4f52-c3b9-4956-8cfd-3ea7adef67ee,U000249,2022-08-15 10:44:10,10:44:10,1120057.5,cash_withdrawal,M00111,USD,success,desktop,D000283,247.159.171.247,debit_card,Hanoi,"11.736302,106.456707",51,M,2014-07-05,active,0.9,0,0,0,auto_approved,0.0992,2022
5554a261-42b3-475a-9564-81024abf0ed6,U000673,2022-07-01 11:05:39,11:05:39,1343516.44,purchase,M00382,USD,success,pos,D002809,60.36.197.142,debit_card,Da Nang,"13.065028,106.03618",39,F,2016-11-30,active,0.85,0,0,0,auto_approved,0.3626,2022
4f163558-5edb-4fd1-a6a7-e8cd2be5d3ce,U001440,2022-09-13 17:11:27,17:11:27,1076826.64,online_payment,M00421,USD,failed,desktop,D000639,76.242.153.151,credit_card,Hanoi,"13.496531,106.908235",69,F,2017-08-04,active,0.95,0,0,0,auto_approved,0.1981,2022
31f2b6b4-8947-4fdf-b074-079a2c861da1,U001037,2022-02-25 23:40:45,23:40:45,912556.0,cash_withdrawal,M00431,VND,success,pos,D002384,211.109.245.93,debit_card,Singapore,"12.62672,104.216106",19,M,2017-09-14,active,0.79,0,0,0,auto_approved,0.0297,2022
713e2c84-589d-4b02-83fb-751d58be2a72,U000605,2022-07-16 19:32:39,19:32:39,437401.91,cash_withdrawal,M00493,VND,success,desktop,D001536,132.220.190.174,mobile_wallet,Da Nang,"20.025632,105.893377",36,F,2016-08-08,active,0.83,0,0,0,auto_approved,0.2129,2022
9e7ab7c2-7a96-4a56-bce9-bbb894f7a1c6,U000473,2022-10-01 09:25:07,09:25:07,273411.11,cash_withdrawal,M00260,VND,success,mobile,D002627,85.233.25.196,mobile_wallet,Kuala Lumpur,"17.613246,107.35158",35,F,2018-01-11,active,0.46,0,0,0,auto_approved,0.433,2022
845d0b67-6650-476f-9857-220f6c0087be,U000248,2022-10-15 11:09:43,11:09:43,2578211.27,purchase,M00119,VND,success,atm,D002529,151.202.85.113,bank_transfer,Singapore,"20.665214,105.839417",70,F,2017-01-29,active,1.0,0,1,1,pending_review,0.3554,2022
8edbdc99-9e5e-4bd5-ab29-74fae38cd602,U001680,2022-04-05 17:07:03,17:07:03,270408.68,purchase,M00158,VND,success,mobile,D002336,8.168.10.15,debit_card,Hanoi,"13.075587,107.566404",35,F,2014-10-24,blocked,0.63,0,0,0,auto_approved,0.41,2022
9a471920-faa5-4763-bf50-5fd8a9a68436,U001038,2022-05-23 11:36:34,11:36:34,686185.23,purchase,M00450,VND,success,atm,D001518,250.75.234.217,mobile_wallet,Singapore,"11.581019,106.172661",25,M,2017-05-26,active,0.46,1,0,0,auto_approved,0.4034,2022
c2816ed1-d824-44f2-b167-72a45f8607e7,U000997,2022-01-16 14:08:30,14:08:30,654532.67,cash_withdrawal,M00097,VND,success,pos,D000084,122.149.204.50,credit_card,Da Nang,"18.678523,108.520369",62,F,2014-07-25,active,0.58,0,0,0,auto_approved,0.4286,2022
67e5ff12-5d9c-4760-a1a9-c8c5ec417f0a,U000784,2022-11-26 20:04:50,20:04:50,114625.24,cash_withdrawal,M00306,USD,success,mobile,D002452,78.140.112.19,credit_card,Ho Chi Minh City,"19.445711,102.804651",61,M,2018-07-01,active,0.58,0,0,0,auto_approved,0.1854,2022
cc0bac73-f074-4e17-9866-66d4d7cfb119,U000994,2022-10-18 22:37:18,22:37:18,145441.55,online_payment,M00275,USD,success,atm,D000382,125.95.189.175,credit_card,Bangkok,"20.231529,108.252567",43,F,2019-10-08,active,0.71,0,1,0,auto_approved,0.3075,2022
fc5d4c66-cf7f-46c9-a81c-fbe8badf0197,U000544,2022-09-09 09:58:18,09:58:18,611769.08,online_payment,M00449,VND,success,desktop,D002201,170.57.239.77,credit_card,Bangkok,"11.664231,104.398052",47,M,2017-01-23,active,0.77,0,0,0,auto_approved,0.2979,2022
977f895f-ca0f-4cca-9eb6-47e3cc85f7c2,U000190,2022-09-20 01:29:36,01:29:36,686265.87,bill_payment,M00028,VND,success,pos,D001710,153.95.42.99,bank_transfer,Hanoi,"20.793875,107.146963",64,M,2020-01-28,active,0.93,0,0,0,auto_approved,0.0165,2022
c6bf2558-a8f5-4449-be38-ee17deb1d475,U000514,2022-06-30 21:58:00,21:58:00,116937.15,transfer,M00389,VND,success,mobile,D001285,187.23.23.203,mobile_wallet,Da Nang,"11.883872,106.495301",31,F,2020-01-17,active,0.9,0,0,0,auto_approved,0.3481,2022
3f55d7b4-9bc7-457b-b459-9fe5026d03eb,U000240,2022-04-20 02:55:25,02:55:25,591840.45,online_payment,M00327,USD,success,desktop,D000557,98.40.46.150,mobile_wallet,Da Nang,"14.216179,106.106161",55,M,2017-09-27,active,0.47,0,0,0,auto_approved,0.0765,2022
62fc2b1d-6b17-4603-8fa0-dd9bbb8dfdfb,U001172,2022-04-16 02:32:46,02:32:46,731503.33,bill_payment,M00294,VND,success,mobile,D002078,7.233.123.221,debit_card,Da Nang,"16.501587,104.660067",42,F,2015-12-28,active,0.5,1,0,0,auto_approved,0.4981,2022
61aa2f46-c8f2-48a6-ac8e-27da7d791307,U000419,2022-12-03 10:24:33,10:24:33,956514.68,purchase,M00264,USD,success,mobile,D001640,130.47.2.176,credit_card,Hanoi,"18.985955,105.191558",45,M,2020-07-22,active,0.89,3,1,0,auto_approved,0.3339,2022
60ec7793-a5bc-494c-9fd2-e57d42faaa4f,U001111,2022-11-14 19:02:25,19:02:25,858487.39,transfer,M00285,USD,success,desktop,D002084,180.132.106.228,credit_card,Hanoi,"12.542909,102.376272",45,M,2021-02-15,under_review,0.69,0,0,0,auto_approved,0.3912,2022
a8eb6464-586a-4df9-9102-a5df14ba81c7,U000447,2022-11-18 09:25:41,09:25:41,1329277.51,cash_withdrawal,M00074,VND,pending,mobile,D001898,209.49.51.165,bank_transfer,Kuala Lumpur,"15.336802,107.470306",19,M,2018-11-29,active,0.6,1,0,0,auto_approved,0.3502,2022
20dac940-9b37-4237-86c1-1bc8f623b3fa,U001109,2022-07-31 06:41:58,06:41:58,769552.12,online_payment,M00471,VND,success,pos,D002132,226.60.21.13,bank_transfer,Da Nang,"11.195522,108.32635",18,M,2021-08-03,active,0.55,0,0,0,auto_approved,0.2418,2022
44ba786c-0c6a-4850-92d0-30b82381b03a,U001061,2022-10-19 06:16:46,06:16:46,3931900.44,transfer,M00152,VND,success,mobile,D001222,249.166.172.30,mobile_wallet,Bangkok,"20.45129,106.675995",52,F,2016-07-25,active,0.75,0,1,0,auto_approved,0.2048,2022
80e55a83-e868-425c-a78f-5f8a3813bd23,U001662,2022-06-11 06:28:01,06:28:01,862817.46,cash_withdrawal,M00475,USD,success,atm,D002085,135.37.57.127,bank_transfer,Singapore,"9.219599,103.96175",28,F,2016-05-23,active,0.68,0,0,0,auto_approved,0.0824,2022
e55fbba2-c396-4193-8776-1e4202c38beb,U001878,2022-10-08 01:45:38,01:45:38,1197231.5,cash_withdrawal,M00211,VND,success,desktop,D000495,76.7.36.206,credit_card,Singapore,"21.767926,107.158013",59,F,2017-01-23,active,0.82,0,0,0,auto_approved,0.2288,2022
21acf5ad-9127-4cb2-b234-4e948216a387,U000554,2022-02-06 10:38:56,10:38:56,138702.17,purchase,M00484,VND,success,desktop,D002119,87.28.58.170,bank_transfer,Hanoi,"19.224995,106.587355",34,F,2020-10-30,active,0.78,0,0,0,auto_approved,0.4364,2022
26fa653c-57c1-42a7-a70c-5f7315dfdf80,U001350,2022-12-16 00:04:29,00:04:29,773719.84,transfer,M00354,VND,success,mobile,D001877,68.57.58.147,debit_card,Kuala Lumpur,"20.758871,103.363951",55,F,2021-02-07,under_review,0.88,0,0,0,auto_approved,0.4152,2022
2d9d3e4c-ada0-4709-a61c-4a0eca7ef694,U000761,2022-10-20 11:51:57,11:51:57,57998.65,bill_payment,M00437,USD,success,atm,D002502,94.192.39.55,bank_transfer,Kuala Lumpur,"15.432336,103.784012",43,M,2019-03-27,active,0.6,0,0,0,auto_approved,0.1557,2022
1137a798-89e4-4b7a-b576-951d451a013c,U001122,2022-10-20 18:08:21,18:08:21,63766.22,transfer,M00118,USD,success,pos,D001011,118.240.119.93,credit_card,Bangkok,"19.791946,107.952342",39,M,2018-07-09,active,0.86,0,0,0,auto_approved,0.2597,2022
29b236bc-9e67-4cc0-b311-e3123ebc2501,U000005,2022-06-07 04:28:44,04:28:44,1039363.54,online_payment,M00208,VND,success,mobile,D001350,194.234.132.150,mobile_wallet,Singapore,"15.061672,105.999235",67,M,2021-01-28,active,0.46,1,0,0,auto_approved,0.2363,2022
cbdfa4c0-9ac3-4800-9127-11fa070d803d,U000860,2022-04-23 13:24:39,13:24:39,2425214.29,online_payment,M00371,USD,pending,pos,D000428,97.109.185.8,credit_card,Da Nang,"15.085416,107.402761",22,F,2015-09-08,active,0.74,0,1,1,pending_review,0.6056,2022
2e3d9872-a1f8-4d3a-8070-b5e8b1260d0d,U001323,2022-08-09 22:09:36,22:09:36,941446.73,bill_payment,M00377,VND,success,mobile,D000217,45.222.69.123,bank_transfer,Bangkok,"12.39849,103.262545",54,M,2014-08-26,active,0.65,0,0,0,auto_approved,0.4397,2022
2b535f96-0692-4a8f-b280-a5f5689db87f,U000691,2022-03-08 16:53:51,16:53:51,228797.21,transfer,M00201,USD,success,desktop,D001965,50.45.75.160,bank_transfer,Singapore,"11.915915,105.348599",32,M,2021-03-16,active,0.66,0,0,0,auto_approved,0.2095,2022
2183bfbf-685b-463d-8ad8-6fc5bd24d5e0,U001816,2022-06-28 07:54:54,07:54:54,904292.73,bill_payment,M00023,VND,success,mobile,D000468,161.84.24.20,credit_card,Singapore,"15.521853,106.499359",60,F,2016-12-11,under_review,0.93,0,0,0,auto_approved,0.0393,2022
0aa69758-471d-4205-9c84-f9c018372204,U001205,2022-07-28 01:08:24,01:08:24,24909.26,purchase,M00356,USD,success,mobile,D000042,161.220.63.95,bank_transfer,Kuala Lumpur,"16.569989,107.678179",31,M,2015-08-04,active,0.95,0,0,0,auto_approved,0.3407,2022
c26e994f-0629-40e4-ac45-cb47a60047ab,U001276,2022-08-02 07:19:28,07:19:28,1746645.7,online_payment,M00126,USD,success,atm,D000104,45.184.78.14,mobile_wallet,Ho Chi Minh City,"14.948809,108.42629",49,F,2022-06-09,under_review,0.85,0,1,1,pending_review,0.3625,2022
27f9ce07-84e9-498e-9b42-ae2ee38d86f1,U001923,2022-04-06 19:29:08,19:29:08,40580.62,online_payment,M00498,VND,success,desktop,D001669,13.116.5.174,bank_transfer,Hanoi,"14.511231,106.659243",55,F,2014-11-05,active,0.9,0,0,0,auto_approved,0.3154,2022
4d5d7de9-2296-4301-8e1f-20ef492c4ccf,U001407,2022-09-16 21:00:12,21:00:12,1105507.12,online_payment,M00148,USD,success,desktop,D001788,163.46.192.72,debit_card,Singapore,"20.164337,105.453644",49,F,2021-03-20,active,0.48,0,0,0,auto_approved,0.0586,2022
5135d716-2a94-43e5-96d0-1f535bbf1c40,U001335,2022-04-29 08:50:11,08:50:11,780620.01,cash_withdrawal,M00051,USD,pending,pos,D002480,186.57.28.51,credit_card,Da Nang,"19.112092,104.972432",29,M,2020-10-08,active,0.47,0,0,0,auto_approved,0.4334,2022
277f798d-c602-4f72-b935-0ce461415fd4,U000264,2022-07-11 01:16:16,01:16:16,583040.68,cash_withdrawal,M00280,VND,success,atm,D001275,234.90.221.149,credit_card,Ho Chi Minh City,"19.4026,107.597812",44,M,2014-07-16,active,0.59,0,0,0,auto_approved,0.1723,2022
b23d83c2-00c3-4f7b-bbfd-e1b17e135e48,U001213,2022-11-10 16:21:24,16:21:24,295427.13,cash_withdrawal,M00256,VND,success,desktop,D002356,166.162.86.13,bank_transfer,Bangkok,"19.368658,103.509671",46,F,2022-05-03,active,0.8,2,1,1,pending_review,0.5603,2022
7bcc4337-46ea-48dc-8c46-a4f9444023d2,U001044,2022-02-03 06:55:02,06:55:02,482157.34,transfer,M00309,VND,success,mobile,D001250,33.59.6.243,debit_card,Ho Chi Minh City,"15.412074,102.977303",62,M,2015-05-20,active,0.75,0,0,0,auto_approved,0.1023,2022
905e2014-07c5-491b-b931-92e3201019a8,U001951,2022-03-18 13:55:07,13:55:07,54886.49,online_payment,M00398,USD,success,mobile,D000560,47.28.35.16,credit_card,Da Nang,"8.825513,106.943764",42,M,2017-08-06,active,0.72,0,0,0,auto_approved,0.0521,2022
5def1d5e-5efb-49ad-af31-174edcaae3b7,U001817,2022-08-05 04:08:20,04:08:20,212623.16,purchase,M00158,USD,success,mobile,D001352,28.117.165.107,debit_card,Kuala Lumpur,"18.901071,103.952064",21,F,2021-07-12,blocked,0.69,0,0,0,auto_approved,0.2208,2022
64f8d984-f5d6-47cf-bcde-4ea26e6c9321,U000253,2022-10-31 21:21:32,21:21:32,665543.9,bill_payment,M00398,VND,success,pos,D001855,150.132.114.77,debit_card,Singapore,"9.754843,106.102729",19,F,2016-04-16,active,0.73,0,0,0,auto_approved,0.0286,2022
8cc056d2-28b8-4cdd-bbe7-1ba68259f083,U000209,2022-12-03 12:38:04,12:38:04,30438.81,online_payment,M00294,VND,pending,desktop,D002429,135.98.193.244,debit_card,Da Nang,"9.84353,102.855085",45,M,2018-12-17,active,0.6,0,0,0,auto_approved,0.3833,2022
ef7b1830-442e-4615-9ce4-7a3353ebc81e,U001447,2022-08-26 14:09:33,14:09:33,353045.53,online_payment,M00333,USD,success,atm,D000253,120.70.177.78,mobile_wallet,Bangkok,"10.118876,105.082466",34,F,2016-04-28,active,0.97,0,0,0,auto_approved,0.0442,2022
84bad50b-b60e-4f80-99fe-52e5e20a551a,U001607,2022-01-16 12:22:39,12:22:39,1198655.24,bill_payment,M00359,USD,success,atm,D000487,10.64.134.185,credit_card,Hanoi,"21.857651,108.973456",24,M,2017-01-18,active,0.9,1,0,0,auto_approved,0.324,2022
0faa2d14-b735-4747-b982-757c1b217d10,U000623,2022-03-20 03:08:14,03:08:14,73085.2,bill_payment,M00347,VND,success,atm,D002486,2.224.201.195,bank_transfer,Bangkok,"11.228944,106.135984",69,F,2019-05-15,active,0.86,0,0,0,auto_approved,0.3833,2022
ba1006af-9ce5-463d-bcf0-08782b7fb858,U000671,2022-12-09 15:25:27,15:25:27,315792.79,bill_payment,M00397,VND,success,desktop,D002042,54.166.221.88,mobile_wallet,Da Nang,"9.156496,107.972118",49,F,2019-04-10,active,0.51,0,0,0,auto_approved,0.1477,2022
a4dce388-db6d-4650-a13f-fb6f81e0dc7d,U000824,2022-03-09 21:31:53,21:31:53,332673.32,online_payment,M00193,VND,success,atm,D000531,210.186.118.20,bank_transfer,Singapore,"21.276856,104.759813",67,M,2021-03-30,active,0.88,1,0,0,auto_approved,0.3536,2022
f2475222-1ccd-4fcb-84d5-dd1d69a812b1,U001705,2022-07-03 00:43:21,00:43:21,686442.17,transfer,M00301,USD,success,mobile,D000912,141.113.103.228,credit_card,Hanoi,"21.123357,105.891153",63,M,2020-09-22,active,0.96,0,0,0,auto_approved,0.028,2022
6949eb1a-c53a-4889-b553-80d3fe0e3bdf,U000216,2022-11-08 15:13:39,15:13:39,271849.91,bill_payment,M00420,USD,success,atm,D001947,247.244.57.78,mobile_wallet,Kuala Lumpur,"17.185267,107.64458",25,F,2021-06-13,under_review,0.54,0,0,0,auto_approved,0.042,2022
bfbce492-3856-4df8-9386-a5236c75da1b,U001585,2022-09-27 04:13:36,04:13:36,1683414.05,purchase,M00283,VND,success,pos,D001469,132.143.62.19,debit_card,Bangkok,"14.795797,105.424767",48,M,2020-10-21,active,0.68,0,0,0,auto_approved,0.3696,2022
29280782-5329-44eb-b8e9-8d5fb2895a7c,U000977,2022-06-02 20:21:06,20:21:06,75945.16,cash_withdrawal,M00137,USD,success,pos,D002909,166.73.219.21,debit_card,Da Nang,"17.100822,102.461559",29,F,2018-02-09,blocked,0.85,0,0,0,auto_approved,0.1026,2022
ad92f88c-884e-4cee-8014-4f1076380e87,U000634,2022-06-15 14:15:57,14:15:57,539567.25,cash_withdrawal,M00493,VND,success,atm,D000521,82.214.61.31,credit_card,Hanoi,"17.273028,103.878221",65,F,2014-11-01,active,0.83,3,1,1,pending_review,0.3343,2022
0b9e2bc3-c1ce-4847-ad42-819b63a98255,U001581,2022-01-22 04:40:22,04:40:22,1051495.7,online_payment,M00051,USD,success,desktop,D000111,28.73.233.77,debit_card,Hanoi,"16.012198,105.79688",36,M,2014-09-27,under_review,0.62,0,0,0,auto_approved,0.0662,2022
12d391f9-463a-4bc8-8769-e1b168a8188e,U000561,2022-04-18 15:36:00,15:36:00,537946.09,purchase,M00450,USD,success,atm,D002535,66.240.70.135,debit_card,Da Nang,"11.774614,103.854207",25,F,2021-02-09,active,0.92,0,0,0,auto_approved,0.185,2022
b1f46c74-518e-4839-be26-59045a376270,U001639,2022-10-18 17:10:42,17:10:42,343470.46,transfer,M00450,VND,success,pos,D001114,12.218.201.211,bank_transfer,Singapore,"8.814939,107.957008",53,F,2015-01-10,active,0.83,0,0,0,auto_approved,0.4264,2022
11085a53-fd43-47a6-a261-775ff0a1da95,U001403,2022-08-11 01:29:35,01:29:35,34262.74,bill_payment,M00496,VND,success,mobile,D002437,196.162.38.95,debit_card,Singapore,"17.869573,106.437736",38,F,2015-10-12,active,0.94,2,1,1,pending_review,0.2879,2022
3ade414a-f805-4e18-bd33-59bfb0619ec0,U000930,2022-09-08 19:35:37,19:35:37,988788.58,purchase,M00032,VND,success,desktop,D000844,21.40.8.203,bank_transfer,Ho Chi Minh City,"11.549111,104.41841",30,M,2017-02-12,active,0.88,0,0,0,auto_approved,0.3171,2022
b28b6409-a9c5-4bec-b5d0-a1012e06e67f,U001383,2022-01-26 07:40:06,07:40:06,839550.84,online_payment,M00151,VND,success,atm,D001582,189.76.64.49,bank_transfer,Ho Chi Minh City,"11.905115,103.394924",46,M,2015-02-06,active,0.98,0,0,0,auto_approved,0.4064,2022
e75f6a75-90c3-4e2a-a2ae-a9d5171ed2cc,U001322,2022-03-26 16:18:56,16:18:56,2306429.87,purchase,M00477,USD,failed,pos,D000768,88.74.56.201,credit_card,Singapore,"9.437556,103.142465",57,M,2015-01-08,active,0.5,1,0,0,auto_approved,0.3538,2022
17ba46aa-2c7c-4721-acfc-8fb7b0e4aa3c,U001834,2022-07-20 17:46:32,17:46:32,77033.01,online_payment,M00215,VND,success,desktop,D002547,62.6.191.131,debit_card,Kuala Lumpur,"15.485054,106.62022",54,F,2019-05-06,active,0.56,0,0,0,auto_approved,0.406,2022
d5b6b0b5-b281-422e-94b2-6fb8e00f7459,U001945,2022-08-17 20:49:20,20:49:20,1216855.88,purchase,M00154,USD,pending,desktop,D001460,76.232.25.213,debit_card,Ho Chi Minh City,"11.16394,104.464594",53,F,2021-09-10,active,0.69,0,0,0,auto_approved,0.3019,2022
7aa053fc-3b7b-4743-b64b-b26b50ed41c7,U001153,2022-12-17 14:45:08,14:45:08,613334.34,transfer,M00324,USD,failed,desktop,D002010,163.155.189.182,mobile_wallet,Hanoi,"20.73406,107.023253",40,F,2021-10-23,active,0.58,0,0,0,auto_approved,0.2756,2022
ff0904c4-1286-4e68-986e-58082e1689b6,U000763,2022-10-08 19:08:49,19:08:49,20485.8,purchase,M00009,VND,success,desktop,D002316,72.39.223.196,mobile_wallet,Da Nang,"9.279719,107.795819",57,M,2018-08-19,active,0.75,0,0,0,auto_approved,0.1235,2022
05a41ea9-d088-43bb-bc29-16ab69dca4e3,U001192,2022-05-15 04:46:56,04:46:56,399980.6,purchase,M00280,USD,success,desktop,D001885,133.169.27.88,credit_card,Da Nang,"17.479988,103.512547",51,M,2016-06-03,active,0.56,0,0,0,auto_approved,0.0901,2022
ce80a88d-22e4-4420-9cea-c65c586a170a,U001081,2022-06-14 04:40:07,04:40:07,507773.33,bill_payment,M00282,USD,success,atm,D002548,225.136.124.243,debit_card,Hanoi,"13.293243,104.307577",31,M,2015-06-10,active,0.96,0,0,0,auto_approved,0.106,2022
629d73ed-8871-4526-b6e7-6f1f367723d7,U001020,2022-06-09 08:04:20,08:04:20,141187.88,cash_withdrawal,M00284,USD,success,mobile,D002419,38.239.37.10,credit_card,Hanoi,"8.105933,107.161094",56,F,2020-10-07,active,1.0,0,0,0,auto_approved,0.2266,2022
602df7ba-8a20-4145-abc6-448e6b314c67,U001827,2022-02-04 03:25:40,03:25:40,896385.98,transfer,M00477,USD,success,pos,D000803,98.165.56.54,mobile_wallet,Singapore,"11.980338,108.739962",49,F,2014-07-05,active,0.56,0,0,0,auto_approved,0.3908,2022
d6cd0126-c2a9-4fc5-8084-664935fea766,U001212,2022-03-26 04:03:01,04:03:01,731012.74,online_payment,M00245,VND,success,pos,D001618,6.183.227.232,mobile_wallet,Singapore,"8.509257,104.704646",27,M,2014-10-19,active,0.54,0,0,0,auto_approved,0.3606,2022
adbc777c-8c7f-4b4d-b65d-92ff38912ab4,U001641,2022-02-24 07:50:31,07:50:31,144980.52,bill_payment,M00330,USD,success,atm,D002216,232.188.76.122,credit_card,Hanoi,"17.34045,106.918807",19,M,2022-01-12,active,0.92,0,0,0,auto_approved,0.4423,2022
be10117a-d632-4c18-8a9f-256c201ef273,U000267,2022-04-11 03:26:24,03:26:24,268298.06,transfer,M00175,VND,success,atm,D001232,189.160.133.153,credit_card,Singapore,"16.543944,103.595278",24,M,2022-02-01,active,0.72,0,0,0,auto_approved,0.03,2022
f5e05478-980b-440c-86cd-819ee945f09e,U001459,2022-02-15 17:38:45,17:38:45,124399.98,bill_payment,M00369,VND,success,atm,D001220,159.26.124.107,debit_card,Da Nang,"13.146845,105.533164",62,F,2019-12-15,active,0.47,0,0,0,auto_approved,0.1144,2022
ee89518b-1710-4c23-bc9c-370482a8b1d6,U000859,2022-03-28 01:42:39,01:42:39,69987.73,cash_withdrawal,M00228,VND,success,pos,D001714,65.203.172.178,debit_card,Hanoi,"12.786471,105.98601",57,F,2017-04-27,active,0.54,2,1,0,auto_approved,0.2907,2022
8fd8258a-8b61-4ed0-bc4d-eb0161acabd7,U000952,2022-03-30 13:52:28,13:52:28,1320260.58,purchase,M00225,USD,success,mobile,D001741,80.141.74.220,credit_card,Kuala Lumpur,"17.516344,108.572448",60,F,2016-11-05,active,0.89,0,0,0,auto_approved,0.0361,2022
18dc3e3b-2db0-475b-9c65-ae7b574e8efc,U001774,2022-09-04 11:35:49,11:35:49,584366.51,online_payment,M00012,USD,failed,atm,D001487,8.147.138.142,bank_transfer,Singapore,"16.098466,105.033065",48,M,2022-08-02,active,0.67,0,0,0,auto_approved,0.0243,2022
91fed534-30da-46b4-8a44-bed88596ef17,U000712,2022-09-12 11:19:31,11:19:31,60367.81,cash_withdrawal,M00157,USD,success,atm,D000329,154.127.219.21,bank_transfer,Da Nang,"14.034708,106.802708",46,F,2021-11-19,active,0.89,0,0,0,auto_approved,0.4363,2022
b5be5dd1-b2de-4c0d-9430-0350cd8e9b5b,U000475,2022-02-22 14:51:17,14:51:17,124323.17,transfer,M00075,VND,success,pos,D002042,245.60.79.98,debit_card,Singapore,"13.618126,104.574456",26,F,2021-10-26,active,0.98,0,0,0,auto_approved,0.222,2022
c400aafd-994d-4328-a6b9-7bae8f6845e7,U000121,2022-10-24 23:56:55,23:56:55,1383790.96,purchase,M00211,USD,failed,mobile,D000123,178.99.55.151,bank_transfer,Kuala Lumpur,"14.995607,108.475286",34,M,2017-12-24,active,0.55,0,1,1,pending_review,0.3967,2022
9e5166d8-d77f-4339-99dd-d4cf7260ed67,U000610,2022-02-26 05:21:09,05:21:09,687862.57,purchase,M00497,USD,success,desktop,D000120,159.39.3.96,mobile_wallet,Kuala Lumpur,"8.36688,107.73133",59,F,2021-12-18,active,0.77,0,0,0,auto_approved,0.2775,2022
6551155c-32b8-4825-89b4-bebbeae5faeb,U001668,2022-01-15 17:46:07,17:46:07,1039344.09,cash_withdrawal,M00127,VND,success,pos,D000023,156.111.203.202,mobile_wallet,Hanoi,"14.697615,107.847842",36,F,2017-05-24,active,0.91,0,0,0,auto_approved,0.1189,2022
8ea19b60-001f-472e-8355-2f9b52ed1c45,U001436,2022-03-26 12:09:47,12:09:47,322861.81,transfer,M00256,VND,success,atm,D001396,250.109.70.237,mobile_wallet,Singapore,"15.511001,106.647424",60,M,2016-07-14,under_review,0.85,1,0,0,auto_approved,0.2633,2022
278caa7f-7c28-447d-9785-5589d21b6fc3,U001161,2022-03-31 08:05:31,08:05:31,1496311.83,bill_payment,M00340,VND,success,atm,D000566,46.54.23.65,debit_card,Singapore,"15.650344,104.930419",39,M,2021-04-30,active,0.46,0,0,0,auto_approved,0.0518,2022
51a99bf1-f47f-449b-882c-23c0817cb8c9,U000280,2022-07-24 08:21:15,08:21:15,577836.63,cash_withdrawal,M00240,VND,success,desktop,D001212,158.109.133.91,credit_card,Hanoi,"18.68811,103.509368",65,M,2018-02-15,active,0.78,0,0,0,auto_approved,0.1461,2022
9faf8a3c-532c-4c70-871a-2b68e14d4c75,U001485,2022-10-15 21:06:28,21:06:28,976635.16,online_payment,M00325,USD,success,desktop,D002598,28.4.141.139,credit_card,Ho Chi Minh City,"14.148086,106.173223",26,F,2018-02-15,active,0.69,0,0,0,auto_approved,0.3065,2022
ce636796-12cb-4322-a410-7c14e8c957f8,U000223,2022-03-01 01:01:40,01:01:40,140634.67,bill_payment,M00281,VND,success,mobile,D000151,249.76.6.154,mobile_wallet,Hanoi,"12.929333,102.858175",21,M,2019-02-01,active,0.96,0,0,0,auto_approved,0.0973,2022
4a0ad0c2-0801-48cd-aa18-34ae2b5ec37d,U000355,2022-01-23 06:09:03,06:09:03,3200090.4,transfer,M00176,USD,success,mobile,D001612,90.214.34.237,mobile_wallet,Bangkok,"20.355478,107.747005",43,M,2021-02-13,under_review,0.91,0,1,0,auto_approved,0.3117,2022
161cf81d-d116-4556-a5b2-9b681d9d8efe,U001691,2022-05-30 01:42:55,01:42:55,428137.6,cash_withdrawal,M00187,USD,pending,mobile,D000838,195.106.140.225,credit_card,Bangkok,"18.99996,105.970063",66,F,2016-02-20,active,0.88,0,0,0,auto_approved,0.2918,2022
04e66bfa-c83a-4ee4-a9f1-d6a03eeceab0,U001578,2022-02-09 20:28:44,20:28:44,181776.99,transfer,M00068,USD,success,pos,D002845,56.89.227.118,credit_card,Hanoi,"17.684604,105.035739",20,M,2019-03-30,active,0.49,0,0,0,auto_approved,0.1449,2022
8c7ef5bf-9220-4aee-9e70-8721a844ae4d,U000549,2022-03-28 19:21:34,19:21:34,1014857.74,online_payment,M00313,USD,success,pos,D000258,163.168.142.173,credit_card,Ho Chi Minh City,"13.250549,108.337491",63,M,2014-08-05,active,0.6,0,0,0,auto_approved,0.3264,2022
e285aaa6-b528-4bd3-bb7c-6b1eadf0367e,U001538,2022-11-14 11:58:18,11:58:18,1734104.37,purchase,M00329,USD,success,desktop,D001453,188.172.78.140,bank_transfer,Ho Chi Minh City,"20.22958,104.735931",31,F,2017-05-09,active,0.69,0,0,0,auto_approved,0.1583,2022
931a81cf-3980-4e50-90d5-c9f873d04578,U000657,2022-10-04 21:52:10,21:52:10,136238.07,online_payment,M00427,VND,success,desktop,D001751,131.201.230.57,credit_card,Da Nang,"15.796739,108.619614",57,F,2018-10-06,active,0.97,0,0,0,auto_approved,0.097,2022
27e5e5f8-de6a-4a59-8177-6a7cbf1aac9b,U001271,2022-03-06 08:51:33,08:51:33,562948.63,transfer,M00022,USD,success,mobile,D001087,10.143.169.196,bank_transfer,Bangkok,"10.625137,104.859327",46,M,2014-02-15,active,0.98,0,0,0,auto_approved,0.1934,2022
5f62a9cf-ec44-423d-a856-9f5936f520fc,U000912,2022-06-25 18:36:14,18:36:14,742803.71,cash_withdrawal,M00045,VND,success,pos,D000137,105.19.238.225,bank_transfer,Kuala Lumpur,"17.393396,105.165213",30,F,2016-02-25,active,0.87,0,0,0,auto_approved,0.3939,2022
d89bec87-675e-409d-897e-9e770bcb6265,U001166,2022-05-19 14:18:31,14:18:31,814170.07,bill_payment,M00218,VND,success,pos,D001251,134.239.77.190,bank_transfer,Kuala Lumpur,"11.729103,103.792119",38,M,2019-02-17,active,0.98,0,0,0,auto_approved,0.3363,2022
c28a6dec-9d3c-483c-8204-7191a2ab4cc3,U000729,2022-04-13 04:50:44,04:50:44,376816.7,cash_withdrawal,M00259,USD,success,desktop,D002345,246.132.114.196,debit_card,Kuala Lumpur,"21.027863,103.076539",24,F,2015-07-02,active,0.78,1,0,0,auto_approved,0.2726,2022
659d60ae-0111-4693-bd47-0df44f975460,U000330,2022-01-09 04:11:23,04:11:23,1067508.19,purchase,M00359,VND,success,mobile,D002175,188.105.250.31,bank_transfer,Bangkok,"19.534117,104.790533",19,F,2019-11-17,active,0.66,1,0,0,auto_approved,0.448,2022
c0741e28-5253-41ba-84a4-4a76f3441cce,U000077,2022-05-23 10:46:42,10:46:42,242282.09,bill_payment,M00212,VND,success,pos,D000649,211.139.218.60,debit_card,Kuala Lumpur,"15.235317,103.098323",57,M,2015-12-12,active,0.75,2,1,1,pending_review,0.264,2022
f3b630da-a5a5-4fa3-982b-7724891b1b92,U000847,2022-06-25 10:27:22,10:27:22,748663.29,transfer,M00179,VND,success,desktop,D001229,17.37.230.160,debit_card,Hanoi,"14.478585,107.319037",40,F,2019-06-25,active,0.74,0,0,0,auto_approved,0.1289,2022
d2882261-4dbd-4598-8229-f14fe933764f,U000235,2022-10-29 09:15:42,09:15:42,527791.63,online_payment,M00124,VND,success,mobile,D002555,101.224.155.189,mobile_wallet,Ho Chi Minh City,"13.179211,104.675846",50,M,2020-06-10,blocked,0.87,0,0,0,auto_approved,0.2279,2022
8b6e32d6-6f79-40b7-9430-97358464e54d,U001899,2022-07-11 00:03:06,00:03:06,242072.75,cash_withdrawal,M00393,VND,success,desktop,D001774,87.85.77.66,debit_card,Da Nang,"20.552468,103.049392",44,M,2016-05-09,active,0.71,1,0,0,auto_approved,0.4455,2022
79f1ea06-8dea-4499-8117-2faa41e9cf06,U000100,2022-03-13 12:01:04,12:01:04,1712694.24,purchase,M00031,USD,success,pos,D002928,69.34.14.242,debit_card,Bangkok,"12.11758,102.31336",39,M,2021-04-25,active,0.74,0,0,0,auto_approved,0.3217,2022
4206cb08-c4e0-4102-bafa-4582bb11ba77,U001962,2022-08-18 20:20:09,20:20:09,650071.1,bill_payment,M00047,VND,success,atm,D000980,59.164.98.54,mobile_wallet,Kuala Lumpur,"21.400468,106.180376",54,M,2016-06-11,active,0.75,0,0,0,auto_approved,0.1348,2022
4eeebbc2-30f4-4c72-80d4-6b9407020545,U001825,2022-08-08 22:07:14,22:07:14,375744.31,purchase,M00382,USD,success,mobile,D001362,212.230.32.29,debit_card,Bangkok,"21.969561,102.82355",32,M,2017-07-14,active,0.79,0,0,0,auto_approved,0.351,2022
a3aca982-9391-42b2-9248-a3cc0bd92e94,U000317,2022-01-07 10:35:03,10:35:03,406464.47,cash_withdrawal,M00400,USD,success,desktop,D001424,76.196.37.182,credit_card,Singapore,"9.428617,107.589618",55,F,2017-05-05,active,0.92,0,0,0,auto_approved,0.1295,2022
ab8768f0-690e-4614-8065-45a22566ec21,U000308,2022-08-14 03:29:44,03:29:44,465938.0,bill_payment,M00167,USD,success,mobile,D001765,34.113.224.206,bank_transfer,Da Nang,"11.290631,102.916635",63,M,2021-01-02,active,0.93,0,0,0,auto_approved,0.4105,2022
6f868d99-1757-41aa-a988-f9ae4969c75e,U001328,2022-08-07 03:44:07,03:44:07,370100.35,online_payment,M00126,USD,success,desktop,D001715,246.247.42.144,debit_card,Hanoi,"12.271391,107.795236",70,M,2019-05-23,active,0.84,0,0,0,auto_approved,0.2547,2022
45795718-adda-49e2-abda-b3cc0bed1e19,U001446,2022-01-08 22:57:48,22:57:48,1087982.59,cash_withdrawal,M00362,VND,success,desktop,D001127,143.128.59.178,bank_transfer,Hanoi,"17.02431,105.682856",26,F,2020-11-05,active,0.86,0,1,0,auto_approved,0.6291,2022
911c7869-d7f7-4816-9376-ddfd3b428c4a,U000850,2022-12-28 17:30:15,17:30:15,414569.36,cash_withdrawal,M00330,VND,success,pos,D000352,253.234.58.193,bank_transfer,Kuala Lumpur,"8.759849,102.370233",42,M,2019-10-03,active,0.81,0,0,0,auto_approved,0.0858,2022
f124112e-c3ad-411a-a4cc-a8037c1a06af,U001198,2022-03-04 23:16:28,23:16:28,702192.63,transfer,M00074,USD,success,atm,D001143,159.20.200.2,credit_card,Hanoi,"8.823302,102.233589",52,M,2014-07-08,active,0.99,2,1,0,auto_approved,0.3469,2022
a7221366-60e2-4aaa-afc0-d0ce4327c37c,U000605,2022-09-10 12:05:16,12:05:16,656230.5,cash_withdrawal,M00032,VND,failed,pos,D000425,53.162.34.36,credit_card,Ho Chi Minh City,"19.102178,106.618899",59,F,2018-09-29,active,0.69,0,1,0,auto_approved,0.4814,2022
f1d0d04c-3ea1-46ef-8eaa-a2470a7ac017,U000420,2022-09-27 13:23:21,13:23:21,323046.68,online_payment,M00487,USD,success,pos,D000847,100.64.251.23,debit_card,Ho Chi Minh City,"14.875434,103.064557",39,F,2017-06-13,active,0.58,0,0,0,auto_approved,0.4069,2022
91885797-09a3-4d02-b9c0-5e42fb2a4266,U001693,2022-07-11 10:39:13,10:39:13,811835.38,purchase,M00191,USD,success,pos,D001591,68.109.177.134,mobile_wallet,Singapore,"9.142296,108.412466",22,M,2017-04-20,active,0.64,1,1,0,auto_approved,0.446,2022
b99ba6d5-9cbc-4969-9d34-3a882f28cff0,U001640,2022-07-17 20:00:58,20:00:58,171916.66,bill_payment,M00019,VND,failed,desktop,D002378,31.125.101.91,mobile_wallet,Bangkok,"16.933918,107.797704",43,F,2021-08-12,active,0.97,0,0,0,auto_approved,0.2739,2022
517b6d2a-8457-4df6-9fcd-5caa0825c4bf,U001930,2022-01-10 13:12:40,13:12:40,477709.22,transfer,M00334,USD,success,desktop,D000575,162.24.165.145,debit_card,Kuala Lumpur,"16.162968,104.741889",20,M,2014-08-20,active,0.61,0,0,0,auto_approved,0.1939,2022
8f18bb46-4b19-4b1c-bf56-17ab59501a58,U001532,2022-10-30 04:43:14,04:43:14,2607327.14,cash_withdrawal,M00120,VND,success,pos,D001414,160.216.127.232,bank_transfer,Singapore,"19.94094,102.803635",39,F,2019-08-17,active,0.6,1,0,0,auto_approved,0.3347,2022
d1316a5e-65b5-4966-9824-772f4a293102,U001489,2022-06-15 06:22:15,06:22:15,143138.52,purchase,M00372,VND,success,desktop,D000401,134.76.75.229,credit_card,Hanoi,"17.293695,102.753226",25,F,2019-02-06,under_review,0.83,0,1,0,auto_approved,0.5668,2022
e1335b29-34fa-4ae8-8e07-da58af8572f9,U001327,2022-10-10 03:13:33,03:13:33,21775.08,cash_withdrawal,M00366,USD,success,pos,D001032,105.146.126.157,bank_transfer,Hanoi,"11.092285,102.725643",48,F,2014-10-15,active,0.55,0,0,0,auto_approved,0.1709,2022
e11329e4-1d4c-41c7-acc7-e9680d8f565b,U000526,2022-05-04 04:59:07,04:59:07,39904.1,bill_payment,M00169,VND,success,desktop,D001087,102.189.200.175,debit_card,Kuala Lumpur,"19.708242,102.148007",65,F,2020-11-30,active,0.71,0,0,0,auto_approved,0.2597,2022
0bc6f6a8-5aee-4e21-93cf-880ca345ab81,U001910,2022-10-23 13:38:24,13:38:24,180260.87,cash_withdrawal,M00061,USD,success,mobile,D002862,213.92.151.210,mobile_wallet,Ho Chi Minh City,"16.589015,105.910784",65,M,2022-02-09,active,0.72,0,1,0,auto_approved,0.3937,2022
5ac577f0-1fda-4534-8d10-0d6822b70db1,U001503,2022-10-06 00:40:06,00:40:06,1232974.27,bill_payment,M00216,VND,success,atm,D002774,193.154.116.94,mobile_wallet,Kuala Lumpur,"19.657461,103.95319",23,M,2022-08-01,under_review,0.82,0,0,0,auto_approved,0.4074,2022
591f5712-1dc8-4321-bf63-3baadd04a90c,U001471,2022-07-26 00:44:58,00:44:58,1716863.85,transfer,M00369,VND,success,pos,D000049,179.192.122.138,bank_transfer,Kuala Lumpur,"15.025315,106.843723",35,F,2016-05-06,active,0.86,0,0,0,auto_approved,0.1597,2022
b99a7bcc-ca44-49c4-8481-d0370a2b83bf,U000527,2022-12-27 09:27:51,09:27:51,235546.81,transfer,M00017,USD,success,mobile,D001329,187.235.100.213,credit_card,Bangkok,"11.745987,108.550821",47,F,2020-07-16,active,0.57,0,0,0,auto_approved,0.1579,2022
583fe152-ef9e-4aed-9b0c-d63da9302ea9,U001993,2022-05-31 03:07:48,03:07:48,503198.94,purchase,M00071,VND,success,mobile,D002570,180.222.152.40,mobile_wallet,Bangkok,"13.408559,103.679908",45,M,2018-02-03,active,0.76,0,1,0,auto_approved,0.3502,2022
bcfcf230-baff-480c-b317-b2d1d86da182,U000972,2022-08-12 12:03:27,12:03:27,177421.16,cash_withdrawal,M00298,VND,success,atm,D002047,172.100.237.215,mobile_wallet,Ho Chi Minh City,"18.351944,106.888559",63,F,2018-09-20,active,0.73,0,0,0,auto_approved,0.3227,2022
a8f6eb43-494a-4a6e-bd9f-04214efee100,U000173,2022-02-03 12:57:46,12:57:46,238945.51,cash_withdrawal,M00372,VND,success,pos,D000344,249.143.166.212,credit_card,Hanoi,"20.055311,107.802276",43,F,2013-11-24,active,0.9,0,0,0,auto_approved,0.3449,2022
4dd55ba2-18bf-4533-84a6-6188e377a81a,U000782,2022-05-20 08:26:40,08:26:40,852141.25,bill_payment,M00273,VND,success,pos,D002459,52.247.90.202,debit_card,Bangkok,"14.77824,108.085847",47,F,2017-02-12,active,0.96,0,0,0,auto_approved,0.0129,2022
2328cfa3-bbed-4d6b-8111-40c749288b75,U001039,2022-02-17 07:41:25,07:41:25,236290.78,purchase,M00205,USD,success,pos,D000907,111.223.136.37,bank_transfer,Hanoi,"21.602462,104.627012",34,M,2015-02-16,active,0.86,0,0,0,auto_approved,0.2179,2022
261a5391-2ba0-4a51-a584-125687aab123,U000720,2022-03-17 14:53:29,14:53:29,1125535.93,bill_payment,M00445,VND,success,pos,D001361,131.241.89.243,mobile_wallet,Ho Chi Minh City,"16.708134,103.209772",44,M,2022-01-13,active,0.91,0,0,0,auto_approved,0.1427,2022
bbdeb637-0d68-4564-b5fc-47a9d17b1312,U001749,2022-10-25 06:28:16,06:28:16,449992.73,transfer,M00211,VND,success,mobile,D001296,26.68.191.216,debit_card,Hanoi,"21.227621,108.376535",44,F,2017-05-27,active,0.61,0,0,0,auto_approved,0.1536,2022
de660fad-acc6-4043-a6fd-e76c25f16518,U000332,2022-11-11 07:29:44,07:29:44,525364.05,cash_withdrawal,M00480,VND,success,mobile,D001390,94.227.212.240,debit_card,Singapore,"15.505262,104.111172",36,M,2018-08-03,active,0.98,0,0,0,auto_approved,0.1642,2022
da949fc6-4409-4071-97ce-972c3590b527,U001210,2022-01-03 11:07:25,11:07:25,818637.92,online_payment,M00430,VND,success,atm,D002031,132.184.18.36,bank_transfer,Ho Chi Minh City,"8.071345,105.944758",65,M,2015-10-17,active,0.88,0,0,0,auto_approved,0.269,2022
7c7393f0-3aee-47a5-81e4-f531d5ed0b91,U001774,2022-11-13 00:07:53,00:07:53,330784.62,bill_payment,M00248,USD,success,desktop,D001658,228.47.198.121,debit_card,Ho Chi Minh City,"15.32485,104.143533",25,F,2021-10-04,active,0.64,0,0,0,auto_approved,0.3334,2022
d87db3ae-b9a6-4d19-addf-c1cca0a01650,U001399,2022-02-03 22:22:41,22:22:41,313074.77,purchase,M00389,USD,success,pos,D001336,143.228.219.187,mobile_wallet,Singapore,"9.693829,103.550942",70,M,2021-11-20,active,0.79,0,0,0,auto_approved,0.4229,2022
9b4d88e3-01cf-46c4-94ef-e4c45b04e46c,U001967,2022-04-12 22:33:05,22:33:05,60276.41,bill_payment,M00210,VND,success,mobile,D002609,56.207.62.101,bank_transfer,Da Nang,"19.55114,103.523617",41,M,2014-08-22,active,0.71,0,0,0,auto_approved,0.2791,2022
a511b7e4-c1cd-4a5d-b939-4b136de2d387,U001368,2022-09-26 12:14:54,12:14:54,1515476.88,online_payment,M00472,VND,success,desktop,D002488,50.193.17.1,mobile_wallet,Da Nang,"8.479855,108.52717",56,F,2021-06-27,active,0.61,0,0,0,auto_approved,0.2984,2022
0c0f3aae-3bc7-4f40-9e4e-42e0d0365dd6,U000067,2022-08-10 02:24:42,02:24:42,405798.23,purchase,M00201,VND,success,desktop,D001461,243.158.25.144,credit_card,Bangkok,"9.241913,108.451992",45,M,2017-06-30,active,0.84,1,0,0,auto_approved,0.2203,2022
f16ea8b8-e73b-487c-849b-34c9cdea3761,U001045,2022-07-29 12:12:51,12:12:51,606363.32,online_payment,M00125,USD,success,atm,D000948,157.105.150.232,debit_card,Da Nang,"19.646228,102.761932",48,M,2021-10-01,active,0.99,0,0,0,auto_approved,0.3707,2022
6c9d8f26-1760-47eb-a9dc-c538e58871e5,U001528,2022-01-24 07:58:41,07:58:41,529913.08,bill_payment,M00252,USD,success,pos,D001826,124.206.228.214,credit_card,Hanoi,"16.137405,107.297052",23,F,2014-03-17,active,0.86,0,0,0,auto_approved,0.3884,2022
d7af6fa5-6861-470a-bec2-a9a5444bdc5b,U000087,2022-03-18 05:50:29,05:50:29,204910.32,purchase,M00411,USD,success,pos,D002306,214.119.247.35,credit_card,Kuala Lumpur,"10.999493,108.766106",25,F,2015-02-07,active,0.96,0,0,0,auto_approved,0.0295,2022
e6a5bd56-abcf-4b4c-b62f-3be3b7dab5b8,U001605,2022-03-28 08:38:10,08:38:10,487417.7,online_payment,M00183,VND,success,mobile,D002350,9.254.160.239,credit_card,Ho Chi Minh City,"21.789103,106.294944",62,F,2019-10-22,active,0.79,0,0,0,auto_approved,0.1553,2022
d305c3fc-36ff-43cc-9e4c-d572812e7e1f,U000909,2022-03-21 22:50:20,22:50:20,207780.91,online_payment,M00439,VND,success,pos,D002744,210.4.179.17,debit_card,Hanoi,"19.515403,102.922882",54,F,2016-03-17,active,0.64,0,0,0,auto_approved,0.449,2022
26a45f56-5013-4e55-a806-4373b60a52f9,U000371,2022-12-22 01:30:10,01:30:10,984465.03,cash_withdrawal,M00415,VND,success,atm,D002661,52.37.6.178,debit_card,Bangkok,"12.881843,107.006314",45,M,2016-06-23,active,0.86,0,0,0,auto_approved,0.1918,2022
ec944424-820a-4acb-9abb-d71645c85fb5,U000251,2022-09-06 22:38:49,22:38:49,11630.15,purchase,M00127,VND,failed,mobile,D001971,207.167.57.223,credit_card,Hanoi,"18.101931,103.008897",23,F,2022-04-06,active,0.81,3,1,1,pending_review,0.5961,2022
8a9e7f37-6173-495d-9d44-bb6bf30103b4,U001590,2022-05-28 21:34:14,21:34:14,1936405.75,cash_withdrawal,M00175,USD,success,desktop,D000826,33.97.75.141,debit_card,Da Nang,"10.942949,104.402887",46,F,2016-07-03,active,0.61,0,0,0,auto_approved,0.3368,2022
2e882a1e-ea5b-41be-8196-8cd5b64cc50d,U001028,2022-05-20 18:00:39,18:00:39,657982.47,cash_withdrawal,M00378,USD,success,pos,D001424,149.152.2.35,credit_card,Bangkok,"19.801876,106.489062",52,F,2016-07-03,active,0.56,0,0,0,auto_approved,0.0356,2022
d73e3d71-cd30-43ae-852e-618f7d95bdae,U000786,2022-07-01 07:41:17,07:41:17,1293946.12,bill_payment,M00200,USD,success,atm,D002940,67.159.0.161,mobile_wallet,Da Nang,"12.607839,108.317934",31,F,2020-04-28,active,0.99,0,0,0,auto_approved,0.3177,2022
90d79c0a-fbd8-4465-bb0d-5653cb52d24b,U001407,2022-09-12 04:50:46,04:50:46,296910.8,cash_withdrawal,M00148,VND,success,pos,D001401,15.191.41.229,credit_card,Hanoi,"12.119428,108.258146",32,M,2016-01-05,active,0.48,0,0,0,auto_approved,0.2338,2022
e5b59eec-eccd-4f7e-a1ae-50f1ff4d2818,U001779,2022-04-24 06:03:56,06:03:56,10476.91,transfer,M00225,USD,success,desktop,D001922,218.87.72.8,mobile_wallet,Kuala Lumpur,"9.161233,107.265874",47,M,2019-04-09,active,0.68,0,0,0,auto_approved,0.2288,2022
f4819047-e07a-4243-a4e4-a75c427c032d,U001514,2022-01-09 23:33:22,23:33:22,1489847.04,bill_payment,M00028,USD,success,pos,D002102,126.234.187.174,bank_transfer,Ho Chi Minh City,"20.59366,102.860461",22,F,2019-12-26,active,0.89,2,1,0,auto_approved,0.4028,2022
6a507ef2-131d-41ef-aa49-dfd1c67948eb,U001206,2022-09-22 16:04:16,16:04:16,1757913.7,transfer,M00170,VND,success,mobile,D001722,150.232.190.98,debit_card,Da Nang,"15.392709,104.620118",40,M,2015-12-03,active,0.72,0,0,0,auto_approved,0.2457,2022
2bb48e74-98bb-4ca0-bfec-44b3c0cf6eb9,U001398,2022-05-22 17:10:13,17:10:13,135703.58,online_payment,M00379,VND,failed,atm,D002522,228.126.29.135,mobile_wallet,Ho Chi Minh City,"17.111659,106.766734",35,M,2016-08-06,active,0.55,0,0,0,auto_approved,0.0636,2022
5f606e3f-8853-45c8-8b7d-6bba3823189d,U000165,2022-09-05 11:05:48,11:05:48,299462.63,bill_payment,M00090,USD,success,atm,D001708,148.2.12.184,bank_transfer,Hanoi,"14.154692,108.235005",68,F,2015-06-13,active,0.99,0,0,0,auto_approved,0.2072,2022
157f429b-0ee4-480c-88e3-ab7fcea20785,U001139,2022-05-27 19:29:09,19:29:09,679422.0,cash_withdrawal,M00271,USD,success,atm,D001795,222.128.174.83,debit_card,Singapore,"19.480414,107.543429",54,M,2016-07-29,active,0.71,1,0,0,auto_approved,0.4195,2022
30d94b5b-dbff-4e9d-96fc-12bf7e2f89c7,U001401,2022-02-20 01:21:54,01:21:54,145314.4,cash_withdrawal,M00257,USD,pending,atm,D001788,227.157.181.5,bank_transfer,Bangkok,"10.82094,104.638873",26,M,2019-01-21,active,0.5,0,0,0,auto_approved,0.1625,2022
08f989e4-a638-40f0-859c-da56552d0b9d,U001378,2022-08-09 15:18:51,15:18:51,554369.48,cash_withdrawal,M00148,VND,success,atm,D001288,43.70.203.247,mobile_wallet,Ho Chi Minh City,"9.86173,105.23876",47,M,2022-02-22,active,0.54,0,0,0,auto_approved,0.276,2022
073875c4-0c97-4464-85c4-16bf7ae2dac1,U001341,2022-11-09 20:47:03,20:47:03,152451.59,cash_withdrawal,M00358,USD,success,mobile,D001768,66.213.39.240,credit_card,Da Nang,"14.032325,107.137897",19,F,2019-11-11,active,0.58,1,0,0,auto_approved,0.1976,2022
d078dfb6-48eb-4cd0-a6d2-c9acc9532201,U000286,2022-01-23 12:59:27,12:59:27,1459377.94,transfer,M00358,VND,success,pos,D000319,48.55.72.164,bank_transfer,Bangkok,"15.806927,105.84835",53,M,2021-06-14,active,0.48,0,0,0,auto_approved,0.1291,2022
2e213e1a-34c2-4c7f-a873-59b3a28a98b8,U001525,2022-05-08 19:09:39,19:09:39,908033.42,online_payment,M00146,VND,success,desktop,D002605,66.99.96.138,mobile_wallet,Kuala Lumpur,"10.618472,106.674634",64,M,2019-08-09,active,0.49,0,1,0,auto_approved,0.3739,2022
932e95b0-8fb4-44b8-a65d-bff4bbc8efb3,U000880,2022-06-24 18:41:44,18:41:44,1008095.35,cash_withdrawal,M00433,USD,success,desktop,D000060,252.41.104.34,mobile_wallet,Bangkok,"17.415018,102.190616",63,F,2021-06-07,active,0.68,0,0,0,auto_approved,0.3645,2022
bfd99027-4e8c-4169-b456-7c433f05a99a,U000497,2022-06-29 03:48:48,03:48:48,562253.12,cash_withdrawal,M00461,USD,success,desktop,D000101,5.146.3.22,debit_card,Kuala Lumpur,"17.454115,107.806827",25,M,2021-01-26,active,0.82,0,0,0,auto_approved,0.1028,2022
862a85c9-474b-4477-b306-e38d15688389,U000418,2022-10-29 18:22:20,18:22:20,499343.97,purchase,M00458,USD,success,pos,D002347,56.87.84.227,credit_card,Ho Chi Minh City,"14.583842,105.712365",62,F,2017-07-28,active,0.77,0,0,0,auto_approved,0.3733,2022
d9df8e05-23a0-4b1e-98e0-c4d7b12ea276,U001823,2022-11-25 06:48:24,06:48:24,1544685.49,cash_withdrawal,M00439,USD,success,desktop,D001460,77.190.224.138,credit_card,Ho Chi Minh City,"11.942797,103.052754",40,M,2019-11-30,active,0.45,0,0,0,auto_approved,0.4244,2022
7a415b8a-b7ec-49c6-b713-acc440b5c388,U001485,2022-04-29 11:57:58,11:57:58,314298.36,cash_withdrawal,M00032,VND,success,desktop,D000230,243.194.171.135,credit_card,Kuala Lumpur,"10.46598,104.461783",41,F,2017-03-24,active,0.97,0,0,0,auto_approved,0.1965,2022
ae2bd90c-bf98-4647-9f3a-c609d3e79a62,U001795,2022-09-03 02:22:45,02:22:45,2080119.11,transfer,M00221,USD,failed,mobile,D001805,176.49.255.137,credit_card,Da Nang,"18.584977,108.985262",52,F,2016-07-06,active,0.6,0,1,0,auto_approved,0.3914,2022
283b9bed-0b65-448d-a330-0e6325cf620f,U001359,2022-02-22 11:09:22,11:09:22,1017430.57,bill_payment,M00248,USD,success,pos,D002685,115.141.246.72,bank_transfer,Hanoi,"14.692111,108.530084",48,M,2019-03-10,active,0.69,0,1,0,auto_approved,0.2205,2022
27df04ae-8b8b-4158-9284-396739669d9d,U001897,2022-02-05 17:56:55,17:56:55,51215.34,transfer,M00016,VND,success,atm,D000540,130.62.58.161,mobile_wallet,Ho Chi Minh City,"10.375728,106.774587",52,F,2021-07-13,active,0.97,0,0,0,auto_approved,0.3787,2022
8863be9c-7a1a-4f8d-a6c5-454f4fb15c59,U000987,2022-07-17 02:25:35,02:25:35,53236.25,online_payment,M00348,USD,success,desktop,D000572,128.11.223.50,debit_card,Kuala Lumpur,"12.242504,104.587309",20,M,2015-11-03,active,0.8,0,0,0,auto_approved,0.4367,2022
6ba844e7-0480-49ae-af9a-b1e986148e56,U001375,2022-04-29 02:36:21,02:36:21,1096745.5,bill_payment,M00103,USD,failed,pos,D000393,80.197.129.227,mobile_wallet,Singapore,"10.462463,108.306087",27,F,2017-11-15,active,0.98,0,0,0,auto_approved,0.1807,2022
8244e75a-bfe8-499c-a8ee-3de2b9b6ab1c,U000417,2022-02-09 01:21:32,01:21:32,89890.79,bill_payment,M00324,USD,success,atm,D000757,138.234.246.198,bank_transfer,Kuala Lumpur,"20.709443,102.587685",24,F,2017-12-28,active,0.81,0,0,0,auto_approved,0.3341,2022
f978bdf3-3dde-4bf6-bd3c-73bbfb47e8b1,U000789,2022-06-04 16:56:02,16:56:02,6612.88,purchase,M00433,VND,failed,atm,D002556,47.169.174.119,credit_card,Da Nang,"16.386174,102.974635",40,M,2020-11-03,active,0.98,0,0,0,auto_approved,0.2214,2022
43dcd4af-e4ab-4d13-a82b-e178ef44a36a,U001037,2022-11-15 02:00:25,02:00:25,461818.73,purchase,M00339,VND,success,mobile,D001865,210.167.44.55,debit_card,Da Nang,"21.616565,104.397477",64,M,2020-07-13,active,0.75,0,0,0,auto_approved,0.3152,2022
fefdff7c-9052-4d7c-ab75-0dcde251b509,U001745,2022-10-23 08:27:14,08:27:14,565544.29,cash_withdrawal,M00134,USD,success,atm,D000821,84.1.168.134,mobile_wallet,Bangkok,"17.479118,106.265269",35,F,2018-12-24,blocked,0.59,0,1,0,auto_approved,0.6609,2022
54d6a655-f73c-4c2a-816c-205c75db74df,U000194,2022-07-08 08:55:05,08:55:05,716999.91,bill_payment,M00268,VND,success,mobile,D001379,45.53.80.166,debit_card,Hanoi,"13.57553,103.276249",70,F,2018-06-29,active,0.79,0,0,0,auto_approved,0.4194,2022
e181a7e2-53dd-49b9-9954-e2d72ef3c36c,U000590,2022-07-24 04:07:43,04:07:43,1265154.47,bill_payment,M00263,VND,success,pos,D000396,69.250.228.85,credit_card,Hanoi,"19.176722,102.831719",50,F,2016-11-16,active,0.78,0,1,0,auto_approved,0.226,2022
23ca651b-33c5-44d5-b6ae-85d2825c661a,U001037,2022-04-29 17:09:58,17:09:58,2654995.77,cash_withdrawal,M00220,VND,success,pos,D002224,34.246.252.154,bank_transfer,Hanoi,"15.518152,102.22383",43,F,2019-09-21,active,0.95,1,0,0,auto_approved,0.1596,2022
766afbdc-8be7-4f6b-9a24-0a8e950fe131,U000755,2022-09-20 02:56:34,02:56:34,651101.16,bill_payment,M00469,VND,failed,desktop,D000846,239.45.60.128,mobile_wallet,Hanoi,"9.053056,104.01051",31,F,2017-06-18,active,0.54,0,0,0,auto_approved,0.1328,2022
c2166b4a-59cc-4e4b-9353-fa217f30b5d5,U000920,2022-05-07 21:12:27,21:12:27,398263.68,transfer,M00167,USD,success,atm,D001842,19.180.98.43,debit_card,Da Nang,"13.371682,108.852289",21,F,2019-06-01,active,0.56,0,0,0,auto_approved,0.197,2022
4a1e7e4d-4aeb-4cf5-9f4f-3449d559766f,U001132,2022-08-28 01:24:39,01:24:39,2787124.33,bill_payment,M00141,VND,success,atm,D000664,11.68.159.11,bank_transfer,Kuala Lumpur,"10.525719,106.62422",21,F,2018-10-17,active,0.64,0,0,0,auto_approved,0.2778,2022
b2979f2a-66f4-4b51-b0fb-6efafc4049eb,U000351,2022-07-29 11:40:36,11:40:36,281991.09,cash_withdrawal,M00435,VND,success,pos,D002890,219.90.31.63,bank_transfer,Kuala Lumpur,"10.878316,108.158374",23,M,2021-09-02,active,0.63,0,0,0,auto_approved,0.2975,2022
997e5a31-6349-4704-8eac-38a0d585eec6,U001773,2022-05-21 08:38:10,08:38:10,440981.93,transfer,M00318,VND,success,atm,D001784,201.57.59.3,debit_card,Da Nang,"20.18764,102.176778",32,F,2020-10-13,active,0.93,0,0,0,auto_approved,0.4486,2022
4e8c32e9-e768-4907-a3ef-ddf07e4587dc,U001367,2022-05-09 20:49:19,20:49:19,5396388.55,cash_withdrawal,M00274,USD,success,desktop,D001649,104.17.49.88,debit_card,Bangkok,"13.133029,102.367147",38,M,2021-08-31,active,0.88,0,1,0,auto_approved,0.2295,2022
8fc5111a-a75a-4993-986d-3514220bec71,U001503,2022-03-22 13:39:52,13:39:52,199388.07,cash_withdrawal,M00438,USD,success,mobile,D001282,138.79.17.246,credit_card,Bangkok,"19.283798,106.3003",40,F,2017-05-04,active,0.8,0,0,0,auto_approved,0.445,2022
3f7baccf-6b3d-4fac-96fb-4a0272b77be0,U001381,2022-08-05 16:32:32,16:32:32,1225840.16,bill_payment,M00054,USD,success,pos,D001832,29.25.110.180,debit_card,Da Nang,"17.877386,104.892495",55,F,2021-04-07,active,0.54,0,0,0,auto_approved,0.3415,2022
aed87631-737f-45d5-a746-fab98482715d,U001690,2022-12-26 23:55:13,23:55:13,1433776.54,transfer,M00166,VND,success,pos,D000764,45.134.212.80,bank_transfer,Singapore,"12.547957,103.540914",58,F,2017-06-05,active,0.86,0,0,0,auto_approved,0.4448,2022
644184d8-35a9-4fc4-99cd-1a0f133a391f,U001762,2022-11-10 07:48:30,07:48:30,1219312.78,online_payment,M00398,USD,success,mobile,D002997,48.2.160.232,debit_card,Bangkok,"8.720023,107.235031",29,F,2017-07-08,active,0.51,1,0,0,auto_approved,0.1489,2022
93556b79-f0d4-4249-bdbc-f579d818dd85,U001787,2022-09-30 16:53:38,16:53:38,325654.41,transfer,M00222,VND,success,atm,D001443,182.192.40.235,bank_transfer,Singapore,"18.987774,105.086693",45,M,2015-02-16,active,0.91,0,0,0,auto_approved,0.0851,2022
590107b2-5b69-40c7-8a12-4b2fa40fb381,U000179,2022-08-27 13:36:41,13:36:41,1256017.7,purchase,M00126,USD,success,mobile,D000991,15.73.10.236,bank_transfer,Hanoi,"15.971979,104.232101",21,F,2015-06-24,active,0.65,0,0,0,auto_approved,0.2907,2022
054d1c62-7276-484c-a0c0-cb041b7fb1a2,U001632,2022-03-12 02:00:02,02:00:02,337612.46,online_payment,M00104,USD,success,mobile,D000103,220.72.141.100,debit_card,Ho Chi Minh City,"16.062719,102.14592",59,M,2017-08-09,active,0.91,0,0,0,auto_approved,0.2026,2022
6796900e-e2ad-4fd9-9669-1aa4be56ea11,U000054,2022-07-20 08:00:09,08:00:09,56692.7,bill_payment,M00395,VND,success,atm,D001918,111.0.70.111,bank_transfer,Ho Chi Minh City,"14.556225,102.570233",26,F,2017-03-01,active,0.86,0,0,0,auto_approved,0.1253,2022
4e92f6b8-4f87-4b9b-b31f-203a4662577a,U001732,2022-03-14 10:55:31,10:55:31,67362.84,cash_withdrawal,M00075,USD,success,desktop,D002876,53.236.152.222,credit_card,Hanoi,"17.587487,106.66263",24,F,2020-11-17,active,0.86,0,0,0,auto_approved,0.2796,2022
33b2e10c-7743-4d28-a17e-9d80cbbdd8e9,U000437,2022-03-08 01:44:10,01:44:10,616480.56,transfer,M00279,USD,success,atm,D002078,23.148.161.25,credit_card,Ho Chi Minh City,"10.450307,102.585435",56,M,2018-12-18,active,0.54,0,0,0,auto_approved,0.0687,2022
4f956174-2920-418c-8d73-d625240f35c6,U001585,2022-05-18 00:14:10,00:14:10,1273377.96,transfer,M00461,USD,success,atm,D001694,6.182.217.156,mobile_wallet,Hanoi,"11.306154,102.698819",67,M,2021-11-26,active,0.84,0,0,0,auto_approved,0.2145,2022
824ad9a2-68f9-478e-8d82-2e68fe40b5cf,U000183,2022-03-22 18:57:22,18:57:22,667912.75,online_payment,M00117,USD,pending,atm,D000862,128.22.13.235,bank_transfer,Ho Chi Minh City,"15.802926,106.442876",32,M,2015-05-22,active,0.87,0,0,0,auto_approved,0.3817,2022
d2f110fb-af56-4bdd-a93f-294aaf94402c,U001454,2022-05-06 14:27:59,14:27:59,16190.88,online_payment,M00305,USD,success,mobile,D000388,95.99.109.242,bank_transfer,Singapore,"16.112653,108.633438",60,M,2019-10-23,active,0.57,0,0,0,auto_approved,0.4193,2022
dae1e7c6-503b-4b09-bd9c-b2d133bb406c,U000171,2022-11-26 10:16:26,10:16:26,58754.22,bill_payment,M00206,VND,success,pos,D002762,239.108.0.38,bank_transfer,Kuala Lumpur,"13.394823,102.733039",59,F,2020-11-22,active,0.83,0,0,0,auto_approved,0.4276,2022
2ecbe972-7c46-4615-93a0-66ef23ace582,U001874,2022-10-30 18:17:43,18:17:43,457579.67,cash_withdrawal,M00152,USD,success,mobile,D001425,111.75.216.129,credit_card,Kuala Lumpur,"16.402522,105.837531",36,F,2015-04-15,active,0.73,0,1,0,auto_approved,0.1797,2022
ce965ea8-c86b-40e2-816a-93dd4adfaafd,U000654,2022-11-02 21:56:26,21:56:26,1872192.19,bill_payment,M00494,VND,success,pos,D002566,160.120.233.144,bank_transfer,Singapore,"14.232337,107.81696",38,F,2019-06-18,active,0.67,0,0,0,auto_approved,0.0424,2022
ca9d32b2-3dc5-47e2-8210-ad5d25b7a395,U000340,2022-03-15 13:31:00,13:31:00,448846.42,bill_payment,M00298,VND,success,mobile,D001663,146.214.198.71,debit_card,Hanoi,"14.690566,106.734646",27,F,2020-08-15,active,0.93,0,0,0,auto_approved,0.3959,2022
17227f57-4742-4950-95b2-860102e5b5b7,U001511,2022-07-18 16:03:39,16:03:39,531614.72,cash_withdrawal,M00247,USD,success,mobile,D000542,245.201.11.76,debit_card,Da Nang,"14.075829,103.351053",27,F,2018-10-07,active,0.73,0,0,0,auto_approved,0.3354,2022
1629e989-4049-4bd7-aab9-8a30554c522f,U000548,2022-06-23 23:56:25,23:56:25,679073.21,online_payment,M00124,USD,success,atm,D000526,133.234.178.69,bank_transfer,Kuala Lumpur,"10.45439,103.575813",60,M,2016-01-13,active,0.72,0,0,0,auto_approved,0.2726,2022
4e97ed00-4494-4d6a-a45d-83de25390fc8,U000094,2022-08-21 01:26:04,01:26:04,693351.87,online_payment,M00025,VND,success,atm,D002444,40.19.176.91,mobile_wallet,Kuala Lumpur,"18.636352,106.894385",45,M,2021-11-14,active,0.57,1,0,0,auto_approved,0.3113,2022
222e4d1c-19da-4eb9-b7c1-90ea387e96d9,U001745,2022-08-29 13:58:34,13:58:34,64396.47,cash_withdrawal,M00254,VND,success,atm,D002812,186.76.213.103,credit_card,Hanoi,"17.545542,106.918133",65,F,2019-05-28,active,0.64,0,0,0,auto_approved,0.1079,2022
3c3cf7eb-885d-4881-8cd9-40773fe41554,U000215,2022-10-01 11:17:00,11:17:00,277828.86,bill_payment,M00423,USD,success,desktop,D000241,103.123.252.209,debit_card,Hanoi,"16.385527,104.366179",20,M,2018-04-12,active,0.47,0,0,0,auto_approved,0.089,2022
a2d8438e-e324-477b-a59e-6c1c636d3948,U000363,2022-07-15 20:54:43,20:54:43,307892.82,bill_payment,M00487,USD,success,atm,D000630,127.197.208.185,debit_card,Hanoi,"10.373941,102.996166",39,F,2021-07-10,active,0.91,0,0,0,auto_approved,0.3334,2022
8fbce018-b120-4630-a2d2-4d6a067c3a45,U000379,2022-04-11 15:15:03,15:15:03,610092.79,purchase,M00228,VND,failed,atm,D001449,230.27.169.81,debit_card,Da Nang,"8.579113,107.408988",25,M,2017-01-04,active,0.77,0,0,0,auto_approved,0.2596,2022
cf7c4a4c-857d-457f-aa50-f60979acdd78,U001765,2022-06-22 06:20:30,06:20:30,753849.15,purchase,M00366,VND,success,pos,D002975,175.77.183.78,credit_card,Da Nang,"17.233128,104.975296",54,M,2016-04-24,active,0.63,2,1,0,auto_approved,0.201,2022
6bd56709-3218-4cd0-b3f1-1028fe5f382a,U001779,2022-12-23 12:36:42,12:36:42,955631.12,purchase,M00305,USD,success,desktop,D000363,65.141.154.223,credit_card,Bangkok,"9.146197,103.912345",23,F,2020-05-05,active,0.85,0,0,0,auto_approved,0.19,2022
588ba2e7-9da7-4738-90ab-cd1b1093f46a,U000421,2022-07-10 14:49:59,14:49:59,125005.25,bill_payment,M00496,VND,success,mobile,D001196,30.9.185.105,mobile_wallet,Kuala Lumpur,"20.85326,102.497767",34,M,2020-12-10,active,1.0,0,0,0,auto_approved,0.4259,2022
b2f5e157-6805-4dd5-9027-09b67714c8e0,U001488,2022-04-08 15:26:02,15:26:02,28017.69,cash_withdrawal,M00288,VND,success,pos,D000790,23.41.57.135,credit_card,Bangkok,"11.551739,103.681153",40,F,2017-01-02,under_review,0.56,1,0,0,auto_approved,0.4978,2022
dc1cc7dd-0b73-4a92-9a58-a8b4d06fe2ac,U001080,2022-03-23 15:19:14,15:19:14,12785.81,bill_payment,M00017,USD,success,mobile,D000749,203.215.153.124,mobile_wallet,Kuala Lumpur,"14.668179,108.417457",39,F,2018-07-31,active,0.63,0,0,0,auto_approved,0.1556,2022
02fb1d4c-dd2a-4710-a878-e8dd07b9b427,U000281,2022-12-07 22:07:53,22:07:53,252094.11,cash_withdrawal,M00263,USD,success,desktop,D002191,67.167.230.84,bank_transfer,Kuala Lumpur,"9.594258,106.452523",52,M,2017-12-03,active,0.94,0,0,0,auto_approved,0.1888,2022
a295bc76-d566-46f2-8d7d-f49fe2c8a819,U000452,2022-01-28 04:12:21,04:12:21,3909330.7,transfer,M00341,USD,success,atm,D002409,123.218.239.180,credit_card,Hanoi,"18.367236,107.888126",24,F,2018-03-22,active,0.45,0,1,0,auto_approved,0.4475,2022
05b5b368-6f71-4e6e-bf7b-c1cdd4f1c28b,U001872,2022-10-15 16:46:38,16:46:38,220867.97,bill_payment,M00474,USD,success,desktop,D000210,110.178.225.175,debit_card,Kuala Lumpur,"16.345902,108.401863",51,F,2016-06-26,active,0.87,0,0,0,auto_approved,0.0416,2022
1781b924-9b60-4c22-8afc-a4b996efbfd3,U001258,2022-11-14 09:33:25,09:33:25,155927.79,transfer,M00116,USD,success,desktop,D000818,74.216.187.199,mobile_wallet,Hanoi,"12.110554,105.166295",50,F,2017-01-03,active,0.53,0,0,0,auto_approved,0.1042,2022
0404443a-64b2-470e-b0c5-4960e5804de2,U000114,2022-12-29 09:30:57,09:30:57,60879.53,transfer,M00282,USD,success,pos,D002392,70.136.139.191,mobile_wallet,Ho Chi Minh City,"15.744555,103.839796",41,M,2019-08-13,blocked,0.6,0,0,0,auto_approved,0.2834,2022
0ef05b68-c451-4dda-b0f5-5610a2edc05b,U001686,2022-03-25 05:05:24,05:05:24,953148.84,transfer,M00429,VND,success,pos,D001502,84.32.242.21,debit_card,Ho Chi Minh City,"9.194974,108.813934",45,M,2019-08-25,active,0.54,0,0,0,auto_approved,0.1687,2022
687da902-7351-45c6-a22c-7d7b00c0389d,U000234,2022-02-21 21:21:16,21:21:16,656222.52,online_payment,M00089,USD,success,mobile,D001205,38.74.192.88,debit_card,Bangkok,"14.87102,108.191377",64,F,2017-02-16,active,0.48,1,1,0,auto_approved,0.4414,2022
7b56961b-31f8-4573-99be-c195937d8e7c,U000955,2022-10-28 23:43:54,23:43:54,422592.12,transfer,M00194,USD,success,mobile,D000055,226.203.2.104,debit_card,Kuala Lumpur,"16.379011,108.751443",63,F,2016-05-02,active,0.73,0,0,0,auto_approved,0.4021,2022
3e78a09e-9353-4b8f-be25-c702255b3b1f,U000330,2022-06-25 22:17:24,22:17:24,283104.16,transfer,M00309,USD,success,mobile,D001149,91.129.219.239,bank_transfer,Da Nang,"15.502628,107.188776",26,M,2018-01-23,active,0.76,0,0,0,auto_approved,0.0146,2022
0e50602e-fda1-4bf5-a919-1b205cf2a2a7,U000567,2022-05-05 09:04:02,09:04:02,280105.9,bill_payment,M00391,USD,success,atm,D001657,120.145.11.139,credit_card,Ho Chi Minh City,"20.958146,107.067733",48,M,2020-09-01,under_review,0.65,0,0,0,auto_approved,0.1451,2022
fbb4ac22-8ee1-4a02-adb2-93adc78421f0,U000513,2022-04-23 05:58:40,05:58:40,2904484.71,transfer,M00466,USD,success,atm,D001247,6.86.150.147,debit_card,Bangkok,"10.243592,106.576915",37,M,2019-04-28,active,0.53,1,0,0,auto_approved,0.3025,2022
2c3c4dc2-9356-4571-8980-da0f9c186887,U000659,2022-02-07 02:44:32,02:44:32,762058.07,cash_withdrawal,M00402,VND,success,atm,D000655,170.56.32.202,mobile_wallet,Da Nang,"21.28756,106.795317",65,F,2017-06-21,active,0.53,0,0,0,auto_approved,0.1117,2022
62aa14d1-7306-49b0-9909-fd32c5baf52c,U000994,2022-04-14 07:26:14,07:26:14,990007.5,purchase,M00010,USD,success,mobile,D000826,158.229.38.250,credit_card,Bangkok,"15.895878,106.272767",52,F,2015-07-24,active,0.53,0,0,0,auto_approved,0.201,2022
9a691877-1d59-423d-b424-48cd8599f0f3,U001052,2022-07-16 07:16:22,07:16:22,2220061.38,bill_payment,M00142,VND,success,mobile,D001559,175.26.224.243,bank_transfer,Bangkok,"15.071321,108.886218",54,F,2015-02-25,active,0.73,0,0,0,auto_approved,0.4466,2022
7f7a91cf-a093-4d71-a03e-c10940249d6d,U000651,2022-01-13 14:50:45,14:50:45,98850.83,online_payment,M00444,USD,success,desktop,D001759,70.88.213.95,debit_card,Da Nang,"11.848321,107.227668",64,F,2014-08-12,active,0.96,0,0,0,auto_approved,0.2896,2022
75bb3371-c27f-4fce-96ed-6cba189b1684,U001246,2022-12-15 15:12:18,15:12:18,522327.39,bill_payment,M00107,VND,success,desktop,D001871,41.54.47.142,credit_card,Kuala Lumpur,"21.160305,103.141749",31,F,2021-12-13,active,0.52,2,1,0,auto_approved,0.4349,2022
a488ca62-5128-4dd6-8d30-7c0f0d89f545,U000078,2022-06-15 23:57:45,23:57:45,756259.37,bill_payment,M00339,USD,success,atm,D002649,228.78.137.2,mobile_wallet,Bangkok,"13.371269,107.584178",68,M,2016-10-11,active,0.9,0,0,0,auto_approved,0.2521,2022
b535c4b7-47ec-49a2-a50c-d432328a0fb7,U000081,2022-10-07 18:34:05,18:34:05,164306.72,purchase,M00416,VND,success,desktop,D001049,84.116.179.100,debit_card,Da Nang,"13.801917,108.291934",35,M,2017-06-28,active,0.75,0,0,0,auto_approved,0.4296,2022
bcb27711-ce1e-4c35-895e-f208c0d9e5fa,U001426,2022-12-02 14:09:20,14:09:20,136747.05,online_payment,M00344,USD,success,atm,D001394,172.159.208.217,credit_card,Da Nang,"12.979077,104.822647",55,F,2018-02-12,active,0.91,0,0,0,auto_approved,0.1937,2022
119ba448-4b3e-4788-99b2-719dc967c524,U001220,2022-10-17 23:30:26,23:30:26,437928.24,bill_payment,M00147,USD,success,mobile,D002816,51.5.241.21,credit_card,Ho Chi Minh City,"11.53832,102.238204",51,F,2018-05-18,active,0.57,0,0,0,auto_approved,0.4109,2022
f0570cc7-3d35-4b9a-8b0f-7089a4432e4c,U001972,2022-07-04 00:37:15,00:37:15,432534.96,bill_payment,M00220,VND,success,mobile,D002424,187.172.153.116,bank_transfer,Hanoi,"19.572922,108.513457",32,M,2015-05-25,active,0.56,0,0,0,auto_approved,0.0503,2022
adb3cbb8-9b0e-49d5-a058-2fa2ef525bd4,U001408,2022-06-14 06:15:14,06:15:14,1145473.05,transfer,M00042,VND,success,desktop,D000919,63.139.19.183,mobile_wallet,Bangkok,"8.157696,105.712252",55,F,2020-08-28,under_review,0.56,0,0,0,auto_approved,0.0425,2022
1517d6dc-550c-4277-a5e4-ac7ff92821ab,U000524,2022-08-01 14:22:19,14:22:19,427464.15,cash_withdrawal,M00060,USD,success,atm,D000890,71.77.80.218,bank_transfer,Singapore,"12.148148,108.614636",31,M,2021-01-02,active,0.62,0,0,0,auto_approved,0.3065,2022
1f78d29e-9b3b-4777-a3a5-ba4b7c52a698,U001236,2022-11-02 23:29:17,23:29:17,235775.84,transfer,M00473,USD,success,desktop,D000805,63.191.68.252,debit_card,Ho Chi Minh City,"18.68914,102.354742",44,F,2022-09-29,active,0.64,0,0,0,auto_approved,0.2355,2022
daa98aea-4a25-4eb4-8379-51e5867553f4,U001565,2022-05-20 12:51:28,12:51:28,115739.78,cash_withdrawal,M00483,VND,success,atm,D000597,103.243.241.189,credit_card,Hanoi,"9.716458,104.387483",30,F,2014-03-05,blocked,0.77,0,0,0,auto_approved,0.4084,2022
2c8c9f03-a0e5-49e8-8a42-cff6ed40f4fc,U001725,2022-01-09 03:14:23,03:14:23,3889.49,bill_payment,M00336,USD,success,desktop,D001628,123.183.22.119,mobile_wallet,Kuala Lumpur,"9.152544,108.286706",47,F,2019-07-27,active,0.9,0,0,0,auto_approved,0.3176,2022
bae1a4f9-af38-4def-a35d-c11e58e43a9c,U001271,2022-05-03 00:43:57,00:43:57,1095193.05,online_payment,M00004,VND,success,mobile,D001298,247.2.207.242,debit_card,Hanoi,"20.881445,106.094522",57,M,2021-03-06,active,0.86,2,1,0,auto_approved,0.4399,2022
8960aa39-a3b4-4ece-bd06-af9735cf4dfd,U001479,2022-02-28 19:52:44,19:52:44,315485.86,purchase,M00242,USD,success,desktop,D002838,43.114.244.94,bank_transfer,Da Nang,"9.689272,108.317898",40,F,2016-01-29,active,0.72,0,1,0,auto_approved,0.5306,2022
2bc155f3-6b3f-4201-b3b6-dbc53e1c705a,U000681,2022-05-27 09:09:02,09:09:02,80883.69,cash_withdrawal,M00062,USD,success,desktop,D002517,33.173.239.87,mobile_wallet,Kuala Lumpur,"18.953025,106.153093",53,M,2020-01-11,active,0.8,0,0,0,auto_approved,0.1123,2022
deec1a9e-6ab3-426a-850e-a548b352a084,U000418,2022-11-30 05:51:41,05:51:41,58612.18,cash_withdrawal,M00242,VND,success,pos,D001042,169.55.110.123,credit_card,Bangkok,"12.638617,105.99372",47,F,2019-10-02,active,0.61,0,0,0,auto_approved,0.3703,2022
0ea6cfb6-f854-4af3-9c8a-bc2341942ff0,U001533,2022-08-19 05:16:57,05:16:57,730969.69,online_payment,M00480,USD,success,pos,D000798,43.7.226.19,mobile_wallet,Kuala Lumpur,"11.571683,102.539553",47,F,2016-09-15,active,0.55,1,0,0,auto_approved,0.3917,2022
2526eb9d-0498-408b-a2bf-c0d2475e7d73,U000993,2022-03-03 01:51:19,01:51:19,299645.61,purchase,M00464,USD,success,mobile,D002605,255.33.214.180,mobile_wallet,Singapore,"15.193019,106.958604",37,F,2019-03-23,active,0.71,0,0,0,auto_approved,0.2769,2022
3b36c2d4-ab3b-41d4-85b9-362699599190,U001930,2022-11-09 07:20:51,07:20:51,4258.06,online_payment,M00008,VND,success,atm,D000195,68.151.25.121,bank_transfer,Kuala Lumpur,"18.560567,103.453926",69,M,2020-07-14,active,0.97,0,0,0,auto_approved,0.0977,2022
9bec8a80-1b95-4642-bffd-f70a189b8c11,U000521,2022-10-20 03:41:10,03:41:10,272918.7,bill_payment,M00360,USD,success,pos,D000248,44.100.181.113,debit_card,Kuala Lumpur,"15.955934,104.654826",38,M,2020-04-05,active,0.98,0,0,0,auto_approved,0.1664,2022
7e4fdfd8-0924-4594-a156-bb1531aa8610,U000203,2022-07-11 14:03:50,14:03:50,3653398.56,online_payment,M00095,VND,success,desktop,D002586,110.194.175.186,bank_transfer,Hanoi,"15.187895,107.337475",56,M,2019-08-20,active,0.98,0,1,0,auto_approved,0.5357,2022
9cfc04aa-2b99-4489-b725-23b0cc43332b,U000883,2022-09-26 05:33:40,05:33:40,24191.27,purchase,M00095,VND,success,desktop,D002761,37.238.153.129,bank_transfer,Singapore,"16.011027,108.884749",58,M,2022-01-09,active,0.66,0,0,0,auto_approved,0.1387,2022
05e12c35-28f7-42f5-ad4e-511f356f8422,U000355,2022-12-25 19:17:17,19:17:17,8605.91,online_payment,M00157,VND,success,pos,D002146,93.218.237.230,mobile_wallet,Hanoi,"10.819016,104.018294",44,F,2022-02-24,active,0.55,0,0,0,auto_approved,0.3399,2022
4f76ab93-c1b3-4128-bdba-48164ae7e4ba,U001620,2022-07-17 18:47:44,18:47:44,865436.12,cash_withdrawal,M00249,VND,success,pos,D000397,226.179.43.148,mobile_wallet,Kuala Lumpur,"14.279044,107.316506",55,M,2017-09-21,active,0.99,0,1,0,auto_approved,0.3189,2022
46aaca82-f2ff-4781-9891-0882b6a9b2df,U001747,2022-11-22 07:55:50,07:55:50,448896.89,cash_withdrawal,M00340,VND,success,mobile,D001537,51.85.251.164,credit_card,Da Nang,"18.569444,103.51981",33,F,2017-07-26,active,0.55,1,0,0,auto_approved,0.5501,2022
1155723e-08b5-4da8-a659-3eb1f5381fba,U001496,2022-04-03 02:25:07,02:25:07,118346.23,bill_payment,M00103,VND,success,desktop,D001995,107.177.225.160,bank_transfer,Kuala Lumpur,"19.151062,102.294068",34,M,2014-04-22,active,0.96,0,0,0,auto_approved,0.1835,2022
0da84de7-3cf9-4fae-99ae-0ac834022985,U000115,2022-12-22 16:22:59,16:22:59,2102805.31,bill_payment,M00179,USD,success,atm,D001517,204.195.161.248,mobile_wallet,Ho Chi Minh City,"14.693835,105.362646",69,F,2015-06-30,active,0.93,0,0,0,auto_approved,0.3745,2022
74d6f40a-23c9-4a75-833b-cedd87df013f,U001135,2022-11-19 22:52:40,22:52:40,72283.5,bill_payment,M00019,VND,success,atm,D002269,158.158.131.128,credit_card,Singapore,"19.389184,104.080259",19,F,2018-11-15,active,0.94,2,1,1,pending_review,0.4119,2022
a0c74108-e6d5-4f64-ba27-ddd7f9af6f00,U000672,2022-10-30 19:22:04,19:22:04,275514.47,transfer,M00304,USD,success,atm,D001443,30.124.64.32,debit_card,Da Nang,"18.37187,104.355416",49,F,2016-11-06,active,0.57,0,0,0,auto_approved,0.4094,2022
d4dd431d-6eef-4e30-90b9-e838e01501bc,U001595,2022-10-25 08:39:12,08:39:12,866425.41,online_payment,M00317,USD,success,pos,D001241,71.140.144.45,debit_card,Da Nang,"9.963155,102.30959",62,F,2017-11-04,active,0.79,2,1,1,pending_review,0.1372,2022
34245629-ddc1-4437-93dd-3e72f23f450a,U000671,2022-01-29 13:47:09,13:47:09,339813.11,cash_withdrawal,M00004,VND,success,desktop,D001407,97.70.161.30,bank_transfer,Hanoi,"16.6568,103.710255",41,M,2016-01-28,active,0.6,0,0,0,auto_approved,0.1866,2022
e89687c9-e853-4e32-8cf5-3ec81d541c30,U001181,2022-01-29 10:42:51,10:42:51,409260.59,bill_payment,M00471,VND,success,pos,D001482,117.95.235.183,bank_transfer,Bangkok,"16.902124,105.946976",62,F,2020-04-20,active,0.65,1,0,0,auto_approved,0.2405,2022
02270531-a144-4c28-953c-4815e8f792e9,U001679,2022-06-01 14:38:41,14:38:41,915943.05,online_payment,M00336,VND,success,desktop,D000619,248.171.73.73,bank_transfer,Ho Chi Minh City,"19.522108,107.715514",59,M,2014-08-28,active,0.45,2,1,1,pending_review,0.4493,2022
408c1169-9469-42dd-a07b-ea8783fec5f2,U001937,2022-05-29 04:09:40,04:09:40,269668.11,cash_withdrawal,M00170,VND,success,atm,D000057,17.15.158.202,mobile_wallet,Da Nang,"8.564079,106.482442",26,M,2020-08-29,under_review,0.93,2,1,0,auto_approved,0.1566,2022
c0785f4d-b43c-45f6-994e-f15ce729e3f7,U001450,2022-04-26 05:55:04,05:55:04,384039.89,bill_payment,M00378,VND,success,desktop,D002345,189.23.33.216,debit_card,Hanoi,"8.758308,107.274229",19,F,2017-12-31,active,0.63,0,0,0,auto_approved,0.2259,2022
1427cb33-1c60-4a00-af5b-038d2e66110f,U000713,2022-02-19 23:24:57,23:24:57,526974.65,online_payment,M00412,VND,success,mobile,D002340,209.2.104.146,bank_transfer,Singapore,"14.385682,103.986948",51,F,2016-02-22,active,0.64,0,0,0,auto_approved,0.1889,2022
9514cee3-92df-46b5-b257-aedd24056007,U000109,2022-03-25 18:50:30,18:50:30,837843.03,cash_withdrawal,M00018,VND,success,atm,D001178,82.220.92.107,mobile_wallet,Ho Chi Minh City,"20.009855,105.417762",61,M,2021-12-09,blocked,0.62,0,0,0,auto_approved,0.319,2022
b5a8c7f1-e623-4ee3-9851-a634fc3b8b18,U001472,2022-12-22 14:56:45,14:56:45,969317.0,purchase,M00403,VND,failed,mobile,D002033,16.192.180.139,debit_card,Singapore,"9.675641,108.491649",68,F,2014-10-07,active,0.59,0,0,0,auto_approved,0.0601,2022
3fe31fe4-b525-4261-bd9d-935ac27a6c01,U000596,2022-03-21 02:28:07,02:28:07,381942.26,purchase,M00063,VND,success,mobile,D001770,64.67.125.28,credit_card,Hanoi,"8.974517,106.043485",25,M,2020-01-03,active,0.56,0,1,0,auto_approved,0.572,2022
14d1d6a7-9716-4dad-b16f-527e1ba5141d,U001267,2022-07-19 13:50:03,13:50:03,231932.76,cash_withdrawal,M00335,USD,success,pos,D001792,237.17.162.242,mobile_wallet,Bangkok,"13.941622,106.156113",24,M,2018-12-21,active,0.54,0,0,0,auto_approved,0.0398,2022
96f9ac14-f7d7-4512-8eaf-f84a638c1a5f,U000561,2022-07-04 11:50:09,11:50:09,1283902.14,purchase,M00228,VND,success,pos,D000735,123.79.81.240,mobile_wallet,Kuala Lumpur,"19.598099,108.771166",53,M,2015-12-10,active,0.49,0,0,0,auto_approved,0.0453,2022
62bfa322-80a6-48e4-92f2-3a37ec7a00c3,U000305,2022-08-12 13:28:16,13:28:16,382393.43,cash_withdrawal,M00485,VND,success,desktop,D000015,65.33.10.188,bank_transfer,Kuala Lumpur,"9.186396,106.211787",47,M,2014-12-06,active,0.49,0,0,0,auto_approved,0.3394,2022
4420a077-6eb7-4247-8f57-b37cd7aed5c4,U001628,2022-08-19 06:40:47,06:40:47,301525.8,transfer,M00442,VND,failed,pos,D002029,230.24.228.132,debit_card,Ho Chi Minh City,"9.8447,102.062094",19,F,2016-04-21,active,0.56,0,0,0,auto_approved,0.271,2022
79f56de2-0762-4103-95bb-8af0ccc82a21,U001509,2022-04-18 08:56:10,08:56:10,783840.57,bill_payment,M00269,VND,success,pos,D002057,126.225.38.244,mobile_wallet,Kuala Lumpur,"17.625832,107.081603",46,F,2016-05-16,active,0.55,0,0,0,auto_approved,0.0716,2022
dbfacf51-c0bb-48ec-9fe9-6cdf5d768cb6,U001958,2022-08-06 17:40:53,17:40:53,2097802.95,transfer,M00500,VND,success,pos,D000193,226.61.180.70,bank_transfer,Singapore,"8.418361,108.812597",64,M,2015-05-17,active,0.91,0,0,0,auto_approved,0.2664,2022
dd31e514-a541-455f-a686-a598fb09abe0,U001774,2022-04-03 17:03:31,17:03:31,73454.02,transfer,M00481,VND,success,mobile,D000067,95.172.117.125,bank_transfer,Da Nang,"10.848446,104.830361",35,F,2015-07-11,active,0.53,1,0,0,auto_approved,0.4901,2022
c0ca8eb5-c7c4-47c3-9e37-597eeec62bf7,U000907,2022-03-31 17:38:42,17:38:42,185097.79,online_payment,M00373,VND,success,mobile,D002788,40.166.68.28,bank_transfer,Hanoi,"20.711574,105.722978",40,F,2021-05-07,active,0.7,0,0,0,auto_approved,0.1475,2022
bcb75214-7dfb-4b4f-9499-b5e270550c47,U000017,2022-01-27 10:41:30,10:41:30,256559.17,bill_payment,M00053,VND,success,mobile,D001472,17.142.58.48,mobile_wallet,Hanoi,"13.500368,103.143699",26,F,2018-08-11,active,0.81,0,0,0,auto_approved,0.0251,2022
8d119ed0-b0ec-4042-9086-52b8b7db97d9,U000501,2022-04-16 05:45:17,05:45:17,17055.74,bill_payment,M00316,VND,success,atm,D001854,43.175.185.149,mobile_wallet,Da Nang,"8.384633,106.939426",56,M,2018-11-30,active,0.59,0,0,0,auto_approved,0.1135,2022
c4e06a6c-2f5d-4948-8dbf-f726f0fadba7,U001780,2022-08-11 21:37:44,21:37:44,1138346.48,bill_payment,M00097,USD,success,atm,D000305,209.99.207.61,debit_card,Bangkok,"21.004638,108.383697",69,M,2018-05-31,active,0.77,1,0,0,auto_approved,0.3716,2022
84a01b15-9f23-4011-b202-4f26fd43e6aa,U001244,2022-11-24 23:19:51,23:19:51,471414.5,cash_withdrawal,M00481,USD,success,desktop,D002146,186.69.86.217,bank_transfer,Bangkok,"10.909726,107.519987",64,M,2019-11-09,active,0.78,0,0,0,auto_approved,0.0474,2022
6656a254-2d74-460e-af17-2522e5daa7d4,U001511,2022-04-19 23:04:40,23:04:40,457913.28,cash_withdrawal,M00455,USD,success,pos,D001276,10.58.185.165,bank_transfer,Bangkok,"13.951629,108.252383",21,F,2020-11-28,active,0.87,0,0,0,auto_approved,0.2766,2022
d14c3ee1-56f1-48db-a7d9-04770de54cc3,U000921,2022-05-07 03:58:24,03:58:24,981654.04,purchase,M00364,VND,success,mobile,D002717,4.145.29.200,credit_card,Kuala Lumpur,"19.206209,105.944015",41,F,2016-11-16,active,0.5,0,1,0,auto_approved,0.5463,2022
e0f250af-13e6-46a8-b09c-c63d81b43e87,U000996,2022-06-22 00:48:35,00:48:35,4505.21,purchase,M00444,VND,success,desktop,D002315,221.110.86.159,mobile_wallet,Hanoi,"10.612531,105.3452",67,M,2014-09-08,active,0.67,0,0,0,auto_approved,0.4144,2022
d79a0e32-c47b-485f-b883-a7c92f47d15b,U000492,2022-10-03 13:27:59,13:27:59,1911312.46,bill_payment,M00274,USD,success,pos,D002218,128.3.204.5,mobile_wallet,Kuala Lumpur,"18.916877,105.079193",36,M,2021-10-24,active,0.68,0,0,0,auto_approved,0.2528,2022
d615a434-2f6b-41e3-a5bd-3b24e25bcd07,U001236,2022-11-06 09:27:13,09:27:13,451078.94,purchase,M00152,USD,failed,pos,D002424,40.26.210.67,bank_transfer,Hanoi,"16.221653,107.638103",42,F,2016-02-13,active,1.0,0,0,0,auto_approved,0.3378,2022
45bbc1ad-9008-47c8-9146-ed05ec25cbc4,U000354,2022-01-27 22:41:16,22:41:16,846217.35,bill_payment,M00295,USD,success,mobile,D001833,174.129.54.149,credit_card,Hanoi,"14.774004,104.62226",54,M,2021-02-05,active,0.87,3,1,0,auto_approved,0.1938,2022
10ecf250-6e86-480d-ae9a-3b9e0af6a7a5,U000603,2022-05-28 16:25:48,16:25:48,834515.12,purchase,M00182,VND,success,atm,D000986,217.175.115.43,debit_card,Da Nang,"16.268177,107.028441",26,M,2021-07-26,active,0.48,0,0,0,auto_approved,0.2108,2022
2154176a-4e1c-474a-b111-e18b9372a845,U000466,2022-07-23 10:40:52,10:40:52,487953.53,bill_payment,M00108,VND,success,atm,D002525,199.116.84.221,bank_transfer,Kuala Lumpur,"19.127474,107.503484",18,F,2021-04-14,active,0.79,0,0,0,auto_approved,0.1474,2022
d80b89b3-7c91-48de-8844-a5843d6811f3,U001038,2022-11-03 13:38:04,13:38:04,531719.61,transfer,M00312,USD,success,desktop,D002071,163.0.183.50,bank_transfer,Kuala Lumpur,"18.449628,104.854813",26,F,2021-06-26,active,0.6,0,1,0,auto_approved,0.5831,2022
4081897e-524f-41e7-9be8-df8577dbf4c8,U000754,2022-02-04 13:17:12,13:17:12,122415.61,purchase,M00304,USD,success,pos,D001279,113.226.23.55,bank_transfer,Hanoi,"16.674123,105.825316",58,F,2018-09-07,active,0.65,0,0,0,auto_approved,0.1962,2022
8399b686-d29b-43e0-a806-e82190c0cb08,U001262,2022-01-21 04:42:18,04:42:18,676691.68,cash_withdrawal,M00254,VND,success,mobile,D000532,112.173.234.216,debit_card,Ho Chi Minh City,"12.959775,108.463889",58,F,2020-11-09,active,0.8,2,1,0,auto_approved,0.5561,2022
e24b2930-51b6-4406-b633-a3da068464e5,U001673,2022-11-15 21:55:42,21:55:42,300289.49,purchase,M00008,USD,pending,atm,D002855,226.219.200.32,debit_card,Bangkok,"10.177699,103.299439",67,M,2015-11-03,active,0.53,0,0,0,auto_approved,0.3822,2022
c784c858-c010-4a83-980a-034586fd27dd,U000577,2022-05-18 20:02:01,20:02:01,685914.2,cash_withdrawal,M00104,VND,success,atm,D000473,67.22.247.33,debit_card,Bangkok,"12.110019,108.238012",22,M,2016-09-23,active,0.55,0,0,0,auto_approved,0.3655,2022
9830d31c-8d5f-45b9-9872-c327a9d6562c,U001574,2022-08-08 22:33:00,22:33:00,223338.83,bill_payment,M00076,USD,success,atm,D000642,138.191.247.73,bank_transfer,Hanoi,"16.47522,104.236211",33,F,2020-05-22,active,0.8,0,0,0,auto_approved,0.4077,2022
74bcd934-a173-4e3c-8c9f-2d81db6e657d,U001557,2022-05-25 22:10:55,22:10:55,633364.32,cash_withdrawal,M00053,VND,success,pos,D000625,58.123.87.103,bank_transfer,Da Nang,"18.514131,108.427313",43,F,2017-07-04,active,0.92,0,0,0,auto_approved,0.2304,2022
fd56bd52-f32d-4cff-bb5a-e7d897a1cc3d,U000700,2022-09-01 03:04:04,03:04:04,392747.41,purchase,M00111,USD,success,mobile,D001702,205.200.249.103,credit_card,Da Nang,"12.282307,105.308791",45,F,2016-03-31,under_review,0.78,0,0,0,auto_approved,0.1794,2022
16d29032-fb87-403a-9929-5927b741240f,U000021,2022-05-11 19:46:01,19:46:01,244395.06,purchase,M00074,USD,success,desktop,D000241,99.45.40.234,credit_card,Singapore,"11.058555,107.921499",30,F,2019-08-26,active,0.58,0,0,0,auto_approved,0.1813,2022
ae65437b-bc7a-44ee-a788-0251c86b1ae0,U000320,2022-10-14 19:20:38,19:20:38,75382.74,online_payment,M00346,VND,success,desktop,D001103,239.255.206.31,bank_transfer,Hanoi,"21.34521,106.545087",22,M,2014-11-23,active,0.93,1,0,0,auto_approved,0.242,2022
e279f20f-1683-4452-87b3-441ddb9fc5f6,U000661,2022-10-13 00:51:07,00:51:07,119323.33,online_payment,M00063,USD,success,mobile,D000926,161.1.142.140,bank_transfer,Bangkok,"9.132612,105.256945",57,M,2016-11-29,active,0.69,1,1,1,pending_review,0.6685,2022
709beeaa-5073-4df8-9c6e-cb27444fbcc4,U001439,2022-05-06 14:36:38,14:36:38,443108.88,cash_withdrawal,M00250,VND,success,mobile,D000064,37.178.68.45,credit_card,Kuala Lumpur,"19.835483,108.662132",68,F,2015-10-17,active,0.48,0,0,0,auto_approved,0.2475,2022
ed4470ad-4a34-45ed-928e-b34d1ac4ffc2,U000734,2022-08-28 09:33:17,09:33:17,105179.91,online_payment,M00406,USD,success,mobile,D000700,203.89.186.16,debit_card,Singapore,"8.226138,106.085",29,F,2022-03-22,active,0.56,0,0,0,auto_approved,0.1742,2022
57dc5705-4279-4229-8654-4efa00bd56d3,U000723,2022-09-24 14:19:39,14:19:39,130095.95,bill_payment,M00008,USD,success,atm,D000237,67.83.212.59,bank_transfer,Ho Chi Minh City,"21.399992,108.84844",58,F,2022-05-29,active,0.52,0,0,0,auto_approved,0.0794,2022
22a2ee92-8d17-4781-9ccc-4afdf6be1102,U000108,2022-11-22 22:30:40,22:30:40,3440092.85,cash_withdrawal,M00287,USD,success,pos,D002719,136.230.124.7,credit_card,Bangkok,"17.065355,102.353953",26,F,2017-02-20,active,0.88,0,1,0,auto_approved,0.5161,2022
d9ddcacd-f588-4397-b0e7-b1a370682b10,U001270,2022-12-31 04:55:11,04:55:11,41985.4,transfer,M00158,VND,success,mobile,D001509,122.6.251.55,mobile_wallet,Singapore,"18.822887,107.594708",67,F,2018-05-31,active,0.88,0,0,0,auto_approved,0.2976,2022
a36446f5-5ea1-4d75-afae-5f95b881d15f,U000882,2022-03-22 06:41:18,06:41:18,67551.19,purchase,M00009,USD,success,atm,D000406,89.109.125.79,credit_card,Bangkok,"9.750823,106.712348",33,M,2015-09-10,active,0.71,0,0,0,auto_approved,0.0227,2022
3d2f1b7c-1b25-4beb-83c7-1b1a39d9ed75,U001891,2022-07-03 16:13:12,16:13:12,1515704.83,transfer,M00302,USD,success,pos,D001908,167.210.61.211,credit_card,Da Nang,"10.321372,107.265126",41,M,2020-10-06,active,0.69,0,0,0,auto_approved,0.028,2022
68f8aca9-3731-4516-9d0a-9247f4a870b7,U001749,2022-11-26 02:17:40,02:17:40,382240.7,bill_payment,M00116,USD,success,pos,D001559,108.96.252.195,bank_transfer,Singapore,"9.775218,107.591294",70,F,2020-03-02,active,0.74,0,0,0,auto_approved,0.4105,2022
d5bc714a-29db-458c-ab29-60269f0701e0,U000540,2022-11-05 15:03:31,15:03:31,10551.07,transfer,M00140,VND,success,atm,D000342,195.204.68.47,credit_card,Da Nang,"9.899539,107.758952",36,F,2022-08-16,active,0.61,0,0,0,auto_approved,0.3825,2022
42355d9b-626b-40f2-acd6-7279466e90cd,U000734,2022-08-22 20:57:25,20:57:25,993848.75,purchase,M00483,VND,success,desktop,D000448,78.74.76.53,mobile_wallet,Singapore,"13.043238,106.707447",21,M,2016-08-16,active,0.54,0,0,0,auto_approved,0.3778,2022
f8fb675b-8365-4635-a48c-f7b9ec3c5765,U000672,2022-02-16 16:19:29,16:19:29,566942.27,cash_withdrawal,M00271,VND,success,desktop,D001136,130.202.217.111,debit_card,Hanoi,"15.551398,105.541788",58,M,2016-03-06,active,0.57,0,0,0,auto_approved,0.3031,2022
f91d1547-2061-4650-87fc-ea29e698605a,U000465,2022-07-15 22:54:24,22:54:24,41284.61,online_payment,M00477,USD,success,pos,D000964,168.46.26.125,debit_card,Kuala Lumpur,"8.928045,107.548062",57,F,2020-11-30,under_review,0.49,0,0,0,auto_approved,0.27,2022
9604603e-fbb8-4f74-bb0c-c0c3cb488146,U001418,2022-12-10 08:12:40,08:12:40,443399.13,cash_withdrawal,M00156,USD,success,desktop,D002679,165.160.1.197,credit_card,Bangkok,"14.604344,103.750257",45,M,2016-03-25,active,0.96,0,0,0,auto_approved,0.3677,2022
9f0c9bae-6bb7-40e8-8dd8-1632c77e7f35,U001174,2022-02-15 05:14:31,05:14:31,2913408.24,transfer,M00409,VND,success,pos,D002605,187.107.100.17,credit_card,Singapore,"18.068573,104.193583",49,M,2021-06-17,active,0.86,0,1,0,auto_approved,0.569,2022
8e31960b-3c29-4090-8ebc-0d269606d645,U001612,2022-12-25 06:34:33,06:34:33,600767.34,cash_withdrawal,M00374,VND,success,desktop,D000233,229.127.5.12,debit_card,Singapore,"16.138453,104.897168",45,M,2022-06-19,active,0.9,0,1,0,auto_approved,0.2726,2022
0e110c78-0d75-494d-9c58-b6e01bc52f00,U001557,2022-09-11 21:37:56,21:37:56,573973.2,online_payment,M00265,VND,success,atm,D002720,243.163.86.139,debit_card,Singapore,"13.079525,107.088058",23,M,2021-09-29,active,0.55,0,0,0,auto_approved,0.1413,2022
2a63f883-8447-4f6a-809b-50f92c8c0406,U001255,2022-04-06 12:16:49,12:16:49,134463.58,online_payment,M00364,USD,success,pos,D000562,239.142.216.9,debit_card,Kuala Lumpur,"16.487787,102.575418",62,M,2016-06-06,active,0.71,2,1,0,auto_approved,0.2857,2022
d00a46d3-6141-449c-9762-bf7982ce8e6f,U001728,2022-11-11 08:12:19,08:12:19,177914.37,transfer,M00180,USD,pending,desktop,D000674,165.228.144.241,debit_card,Ho Chi Minh City,"19.277495,104.717985",23,M,2018-10-31,active,0.78,0,0,0,auto_approved,0.3436,2022
8c4c23e0-9990-457a-bbfd-74e3e34db9a3,U000246,2022-02-22 05:32:08,05:32:08,855875.39,cash_withdrawal,M00286,VND,failed,mobile,D001272,159.187.181.4,mobile_wallet,Ho Chi Minh City,"8.057326,105.526388",51,M,2019-05-12,active,0.77,0,0,0,auto_approved,0.2473,2022
7595489e-5481-4f48-916a-719e78b7ce77,U001836,2022-03-08 17:09:03,17:09:03,634622.69,transfer,M00500,USD,success,pos,D002820,212.26.229.98,bank_transfer,Singapore,"16.746631,105.954617",45,F,2021-02-05,active,0.66,0,0,0,auto_approved,0.3146,2022
015832ab-6813-4944-9753-4b7eff0591e6,U000910,2022-03-31 16:31:02,16:31:02,49098.85,transfer,M00324,USD,success,pos,D000635,225.33.177.27,mobile_wallet,Singapore,"18.940876,104.660394",66,F,2016-01-31,active,0.82,0,0,0,auto_approved,0.4228,2022
24adc3ba-5454-4054-85b6-6c0609d94786,U000353,2022-08-13 01:52:42,01:52:42,1458433.07,purchase,M00345,VND,success,desktop,D002939,57.163.57.57,bank_transfer,Bangkok,"9.609773,106.11669",31,M,2020-03-22,active,0.68,0,0,0,auto_approved,0.3706,2022
0463e0d7-58c7-4677-b2d0-becc6b6bb001,U000352,2022-12-11 12:02:57,12:02:57,538543.63,bill_payment,M00006,USD,success,desktop,D001605,57.167.155.122,bank_transfer,Da Nang,"21.508343,105.637181",20,F,2016-06-06,active,0.69,0,0,0,auto_approved,0.118,2022
82cfde9f-77a2-4ed6-9e80-c63516cbf8f7,U001086,2022-01-01 17:37:31,17:37:31,1101796.28,cash_withdrawal,M00379,VND,success,pos,D001879,111.182.142.47,mobile_wallet,Hanoi,"18.404319,105.147784",46,F,2020-10-21,active,0.75,0,0,0,auto_approved,0.1507,2022
042c42e7-bc5a-45d7-a5f6-d30556fb5c67,U001274,2022-11-24 18:07:34,18:07:34,1017259.9,transfer,M00315,VND,success,mobile,D001093,198.25.9.115,bank_transfer,Bangkok,"13.112707,104.551658",25,F,2022-04-19,active,0.74,0,1,1,pending_review,0.4125,2022
2c456ad7-5fab-468a-a916-2d9c12ed27c1,U001615,2022-01-23 05:13:21,05:13:21,54131.07,cash_withdrawal,M00275,VND,success,mobile,D000696,11.148.128.114,debit_card,Kuala Lumpur,"20.290332,106.447624",42,F,2017-09-23,active,0.56,0,0,0,auto_approved,0.3767,2022
4f7c49a8-4c34-4a22-98af-94721840dee1,U001813,2022-07-20 23:40:45,23:40:45,569.59,bill_payment,M00185,VND,success,desktop,D000401,66.219.173.58,credit_card,Ho Chi Minh City,"20.050071,104.21296",33,F,2020-09-05,active,0.52,0,0,0,auto_approved,0.1046,2022
3b647e68-3ff7-4d68-8892-b058d02acbf6,U001437,2022-04-15 13:12:17,13:12:17,647687.77,bill_payment,M00284,USD,success,atm,D001432,210.3.19.231,bank_transfer,Ho Chi Minh City,"10.803481,108.599788",19,F,2016-04-04,active,0.7,0,0,0,auto_approved,0.2505,2022
f9aa227a-1c8d-4b38-95ef-0bcc17cea5e0,U000848,2022-12-23 23:51:12,23:51:12,30957.5,purchase,M00289,USD,success,atm,D002561,195.239.105.93,debit_card,Singapore,"16.907221,102.050683",26,M,2016-10-02,under_review,0.8,1,1,0,auto_approved,0.718,2022
821f2622-a51a-4179-8e74-50a4c9fc98ac,U001881,2022-05-08 03:30:24,03:30:24,1564288.47,online_payment,M00004,VND,success,desktop,D002891,161.111.59.128,mobile_wallet,Ho Chi Minh City,"21.470248,102.956792",40,F,2020-11-24,active,0.88,2,1,0,auto_approved,0.5209,2022
c8ea0b99-cabf-4cef-b968-88eee9220d9e,U001900,2022-10-24 23:25:44,23:25:44,97014.3,cash_withdrawal,M00486,VND,success,desktop,D002586,117.222.120.212,mobile_wallet,Kuala Lumpur,"20.996976,105.502661",63,M,2018-05-16,active,0.5,0,0,0,auto_approved,0.1746,2022
1b71d619-4bc5-41f3-b7e4-f964dab1b1c6,U000549,2022-07-04 16:09:09,16:09:09,146246.74,purchase,M00154,VND,success,atm,D001716,10.52.161.200,bank_transfer,Hanoi,"16.40165,104.611738",35,F,2018-01-16,active,0.85,3,1,0,auto_approved,0.7166,2022
277a6531-51c9-4f4f-af9a-8b2e61cfb255,U000685,2022-09-20 20:00:16,20:00:16,33958.27,purchase,M00191,USD,success,mobile,D000118,48.41.122.97,mobile_wallet,Singapore,"17.993772,104.208938",35,M,2020-07-20,active,0.62,0,0,0,auto_approved,0.2723,2022
202137e6-0418-411e-ac93-6e8887923169,U000247,2022-12-14 16:12:46,16:12:46,564048.9,cash_withdrawal,M00433,VND,success,atm,D000373,150.126.240.62,bank_transfer,Singapore,"13.501132,107.711405",30,M,2021-09-13,active,0.6,0,0,0,auto_approved,0.3281,2022
d93522d9-5ac7-42ba-9ced-77bcb73f3ece,U000962,2022-11-18 21:26:27,21:26:27,73409.18,transfer,M00150,VND,success,pos,D000242,128.21.229.92,credit_card,Ho Chi Minh City,"8.186239,106.105963",64,F,2020-07-08,active,0.51,1,0,0,auto_approved,0.3752,2022
902d3bc7-9d36-490d-b585-7623a3ce471c,U000266,2022-07-24 06:23:12,06:23:12,25400.11,online_payment,M00294,USD,success,mobile,D002023,120.13.95.107,bank_transfer,Singapore,"19.464923,106.164832",61,M,2020-12-30,active,0.53,0,0,0,auto_approved,0.2951,2022
8bdd5734-5543-4ec9-8535-09ea0a057ed7,U001933,2022-08-05 03:05:46,03:05:46,3513.68,purchase,M00438,USD,success,desktop,D002805,28.195.36.179,credit_card,Hanoi,"16.289218,104.594833",32,M,2016-02-16,active,0.57,0,0,0,auto_approved,0.2694,2022
5fa5775a-6a01-4a2b-b78b-433600cb1386,U000449,2022-04-04 06:46:14,06:46:14,1359362.45,bill_payment,M00366,VND,success,atm,D000243,187.144.150.232,debit_card,Bangkok,"10.707062,102.050273",23,M,2019-12-06,active,0.85,0,0,0,auto_approved,0.0247,2022
f71c8d06-08d6-498b-abf2-1d5998ecec57,U000791,2022-10-02 16:41:44,16:41:44,117751.4,online_payment,M00430,USD,success,atm,D002606,177.234.164.144,debit_card,Singapore,"9.089231,107.194328",55,F,2016-10-21,active,0.45,0,0,0,auto_approved,0.2337,2022
00c3bcd5-5613-4a89-8025-6163494b9092,U000879,2022-12-31 19:20:29,19:20:29,661205.11,purchase,M00311,VND,success,pos,D001573,41.34.167.90,debit_card,Bangkok,"16.738992,106.149275",21,F,2017-06-04,active,0.62,0,0,0,auto_approved,0.0344,2022
6b89e94e-0037-429a-a252-5bc1de97267f,U001670,2022-03-06 14:51:07,14:51:07,1388071.13,online_payment,M00492,VND,success,atm,D002059,228.201.211.115,bank_transfer,Da Nang,"13.663279,102.343069",26,F,2015-02-19,active,0.69,0,0,0,auto_approved,0.2639,2022
a0f732d7-8253-4546-8e12-857f77826dce,U000709,2022-02-26 09:48:57,09:48:57,315362.22,purchase,M00216,VND,success,desktop,D002181,113.128.162.179,bank_transfer,Bangkok,"19.651775,103.598607",69,F,2016-02-29,active,0.79,0,0,0,auto_approved,0.167,2022
83d38991-6cfd-4fd7-bb78-00e183e38412,U000474,2022-09-11 18:37:15,18:37:15,933619.87,cash_withdrawal,M00282,VND,success,atm,D000214,205.55.19.96,bank_transfer,Hanoi,"20.335165,108.130392",30,M,2018-06-25,active,0.77,0,0,0,auto_approved,0.1915,2022
5426ea18-9145-4937-b8f0-75adad350dd0,U000893,2022-03-08 04:36:17,04:36:17,100914.72,purchase,M00447,VND,success,mobile,D000361,66.151.103.130,debit_card,Hanoi,"15.097523,106.842972",50,F,2014-01-07,active,0.85,0,0,0,auto_approved,0.3072,2022
22c6d02c-c7a5-49ee-8300-4bcdc0452456,U000668,2022-05-11 04:44:50,04:44:50,115182.27,purchase,M00363,USD,success,atm,D001830,253.2.225.237,credit_card,Singapore,"10.057572,102.98665",52,F,2015-05-05,active,0.91,0,0,0,auto_approved,0.3009,2022
d10cfbc3-77f0-4a6c-ba31-eef6e471977e,U000490,2022-04-14 08:09:44,08:09:44,71447.04,purchase,M00329,VND,success,pos,D001794,183.231.187.157,credit_card,Ho Chi Minh City,"15.773769,105.874225",60,M,2015-03-06,active,0.95,0,0,0,auto_approved,0.2519,2022
af64a74f-4c53-4ed3-9cdf-e6c369885b21,U001061,2022-10-20 03:31:47,03:31:47,818269.47,bill_payment,M00001,VND,success,pos,D001281,59.84.247.38,debit_card,Ho Chi Minh City,"20.782679,108.811818",35,F,2022-04-20,active,0.73,0,0,0,auto_approved,0.286,2022
c56a658a-cdc9-4d5e-a7e8-19ed2a0d44b9,U000996,2022-04-21 16:27:34,16:27:34,1067970.19,transfer,M00128,USD,success,mobile,D002928,164.81.240.19,mobile_wallet,Bangkok,"16.292835,102.552704",39,F,2020-03-15,active,0.45,3,1,1,pending_review,0.4561,2022
7e9e0178-e2b2-4f47-a2b5-70f0636ff8fc,U000770,2022-02-06 22:29:37,22:29:37,886725.61,online_payment,M00127,USD,success,mobile,D001811,245.206.168.201,bank_transfer,Ho Chi Minh City,"12.12833,102.073899",53,F,2015-06-17,active,0.58,0,0,0,auto_approved,0.3066,2022
971c1fdf-d013-4c18-85ac-b3308a05048f,U000494,2022-07-12 20:07:33,20:07:33,706204.78,online_payment,M00465,USD,success,pos,D001836,228.32.246.146,bank_transfer,Singapore,"20.470437,102.65432",67,F,2021-06-20,active,0.7,0,0,0,auto_approved,0.2244,2022
193dc0f8-9790-4d43-a263-1d6c4a7f2442,U000158,2022-03-07 21:57:56,21:57:56,54798.29,online_payment,M00065,VND,success,atm,D000065,254.232.198.31,credit_card,Bangkok,"8.708802,107.326559",52,M,2017-07-23,active,0.68,1,1,0,auto_approved,0.4928,2022
8bfa21a1-1146-44aa-abf9-2530854514f3,U000857,2022-11-29 07:39:23,07:39:23,1264015.27,online_payment,M00239,VND,success,pos,D001778,165.149.101.69,debit_card,Ho Chi Minh City,"10.603355,106.274908",43,M,2018-02-04,active,0.61,0,0,0,auto_approved,0.0247,2022
1dca613c-04ec-4e86-b566-1226890bb971,U001038,2022-09-17 11:56:38,11:56:38,19908.83,online_payment,M00174,VND,success,desktop,D000288,220.217.245.145,debit_card,Singapore,"8.248305,106.435476",20,F,2019-07-27,active,0.62,0,1,0,auto_approved,0.5152,2022
4bb6eddf-0c1d-4b83-93db-ad054d5b3ac4,U000546,2022-05-16 20:15:47,20:15:47,504785.72,cash_withdrawal,M00224,USD,success,desktop,D001260,121.15.179.140,bank_transfer,Singapore,"21.182586,102.935778",23,F,2020-07-23,active,0.76,0,0,0,auto_approved,0.3572,2022
2b1f52b7-428f-441e-b516-890d5dd2b915,U000365,2022-12-05 10:13:37,10:13:37,1080656.86,cash_withdrawal,M00132,USD,success,desktop,D000403,144.45.54.233,mobile_wallet,Da Nang,"13.171464,108.121642",33,F,2016-03-04,active,0.72,1,0,0,auto_approved,0.5102,2022
4cafbee7-7f1b-46da-b679-37d18e8b82d3,U001252,2022-06-04 23:33:20,23:33:20,1329379.73,online_payment,M00048,VND,success,pos,D001653,92.202.248.157,debit_card,Singapore,"20.345156,107.249152",65,F,2018-11-10,active,0.95,0,0,0,auto_approved,0.3567,2022
c3367e77-a63d-4167-94bd-289367a7ee75,U001459,2022-09-04 02:44:35,02:44:35,1185683.95,transfer,M00299,VND,success,pos,D002858,155.250.244.115,mobile_wallet,Singapore,"17.202966,103.266971",35,M,2019-04-01,active,0.64,0,0,0,auto_approved,0.0201,2022
0b886228-8620-4068-9db1-ebe7ae4be113,U001286,2022-01-06 08:07:24,08:07:24,64495.21,bill_payment,M00452,USD,success,mobile,D001410,23.96.204.225,bank_transfer,Bangkok,"14.722575,106.784255",53,F,2020-03-08,active,0.46,0,0,0,auto_approved,0.1373,2022
3bc1047f-5a7c-4088-acfd-ffd7f8a01df5,U000698,2022-12-15 19:08:35,19:08:35,632922.85,cash_withdrawal,M00077,VND,success,desktop,D001830,84.52.100.249,bank_transfer,Bangkok,"15.100917,104.666999",27,F,2018-07-11,active,0.99,0,0,0,auto_approved,0.1208,2022
3bbbc391-26be-47cc-9ebe-201045f70aed,U000215,2022-01-05 21:46:10,21:46:10,2065459.83,online_payment,M00340,VND,success,mobile,D002811,84.77.183.223,debit_card,Bangkok,"9.350319,102.844289",48,F,2018-11-03,active,0.72,0,0,0,auto_approved,0.2973,2022
a85cf997-ddaf-46b6-92e4-79dc1312c7d0,U001519,2022-06-09 07:15:30,07:15:30,35688.23,transfer,M00054,USD,success,desktop,D000333,67.245.46.91,debit_card,Ho Chi Minh City,"10.462459,107.296922",19,M,2016-04-04,active,0.66,1,0,0,auto_approved,0.2959,2022
d5f290fc-b328-42cd-9094-ad0dd1d64271,U000159,2022-05-05 06:45:34,06:45:34,339801.87,cash_withdrawal,M00168,USD,success,atm,D001659,106.7.213.203,debit_card,Hanoi,"15.666565,107.150793",22,M,2016-06-07,under_review,0.85,0,0,0,auto_approved,0.2326,2022
521be44a-3de9-4a06-bca3-9bc197bd13d3,U001242,2022-10-04 18:38:32,18:38:32,699504.01,cash_withdrawal,M00329,VND,success,atm,D002266,118.8.46.87,credit_card,Bangkok,"9.093253,104.092817",22,F,2020-11-04,active,0.98,0,0,0,auto_approved,0.3245,2022
6a257908-a4b1-4e07-8417-2e562d117d96,U000537,2022-05-13 15:21:07,15:21:07,347278.74,bill_payment,M00216,VND,success,mobile,D000445,75.224.0.81,credit_card,Da Nang,"8.727378,103.30794",29,M,2014-07-16,active,0.85,0,0,0,auto_approved,0.1992,2022
2df33734-1fcc-4f48-ab1e-04080de9e41c,U000639,2022-08-02 01:31:37,01:31:37,56698.65,online_payment,M00218,VND,success,pos,D002404,128.222.166.98,bank_transfer,Hanoi,"8.823597,107.823596",66,M,2015-05-14,active,0.51,0,0,0,auto_approved,0.1929,2022
25885676-d2d9-46a2-a729-c5a5452daf63,U001639,2022-01-31 06:40:32,06:40:32,1427475.34,purchase,M00029,USD,success,mobile,D000037,209.86.252.128,bank_transfer,Singapore,"10.263609,103.471353",42,M,2020-03-24,active,0.62,0,0,0,auto_approved,0.4467,2022
c024e9cf-0999-4f3e-95d7-22badaf4dab3,U001911,2022-12-17 15:16:10,15:16:10,470842.44,purchase,M00107,USD,success,atm,D001256,189.122.77.204,debit_card,Da Nang,"18.255293,105.360629",34,F,2020-07-11,active,0.96,0,0,0,auto_approved,0.0543,2022
5cc605c6-36de-4f3d-a5b5-c77cb20346ba,U000796,2022-10-14 07:41:08,07:41:08,880151.46,purchase,M00035,USD,success,pos,D002155,99.208.42.190,credit_card,Da Nang,"17.20068,105.504602",42,F,2016-08-31,active,0.92,0,0,0,auto_approved,0.0301,2022
0a9acac3-4c67-4634-bc89-ab95c2ad5972,U001965,2022-08-23 15:19:13,15:19:13,207446.1,purchase,M00122,VND,success,mobile,D002251,176.252.162.30,bank_transfer,Bangkok,"19.548058,104.127054",50,M,2019-09-18,active,0.83,2,1,0,auto_approved,0.4723,2022
9a5ace03-0776-42e9-9e94-148d521bdb34,U000218,2022-02-05 15:25:33,15:25:33,1532937.98,bill_payment,M00300,VND,success,mobile,D001357,125.114.152.134,mobile_wallet,Hanoi,"16.717714,102.647194",26,F,2016-05-27,active,0.69,0,0,0,auto_approved,0.0246,2022
a0b56f65-b5e8-48bb-9289-c00d30570920,U000428,2022-07-15 20:44:13,20:44:13,177273.23,purchase,M00050,VND,success,mobile,D000232,237.113.206.107,debit_card,Ho Chi Minh City,"20.342847,104.648857",52,F,2020-01-13,active,0.51,0,0,0,auto_approved,0.2196,2022
383279d6-39e4-4f98-a5f0-e40d7522b2c5,U001940,2022-09-21 07:07:40,07:07:40,951411.39,transfer,M00078,VND,success,pos,D001518,7.67.133.121,mobile_wallet,Singapore,"18.327877,108.136995",35,F,2018-02-28,active,0.93,0,0,0,auto_approved,0.0446,2022
0be9f0c5-be14-408a-816a-7b3e9fc94b30,U000421,2022-07-26 10:10:36,10:10:36,1814081.07,purchase,M00215,USD,success,desktop,D001560,95.53.183.253,debit_card,Ho Chi Minh City,"13.484698,103.042125",61,F,2016-05-07,active,0.84,0,0,0,auto_approved,0.2176,2022
5ae36342-c3ce-474a-b7f5-4683df4d1010,U001242,2022-05-19 18:30:08,18:30:08,758214.46,bill_payment,M00369,VND,success,atm,D000761,236.165.105.91,debit_card,Bangkok,"20.106986,107.372509",23,F,2014-07-05,active,0.73,0,0,0,auto_approved,0.4492,2022
8fbf8814-c577-4adc-bda5-1c8cabeb75a1,U000759,2022-11-22 04:23:59,04:23:59,343801.29,bill_payment,M00384,USD,success,atm,D002437,124.249.35.112,bank_transfer,Bangkok,"10.993097,103.301575",43,F,2014-11-20,active,0.5,0,1,0,auto_approved,0.3208,2022
52d205fd-03f1-42f7-b898-6dcbc8cf6527,U001933,2022-08-18 05:33:47,05:33:47,123952.23,transfer,M00274,USD,success,mobile,D000648,25.107.11.173,debit_card,Hanoi,"21.129979,105.52678",20,M,2017-06-07,active,0.47,0,0,0,auto_approved,0.1719,2022
be99daf8-aa67-4e1d-8766-0b249b9a791c,U000499,2022-01-11 04:23:27,04:23:27,705005.49,purchase,M00468,USD,success,pos,D002163,99.136.9.1,credit_card,Bangkok,"19.150939,103.383787",28,M,2014-07-23,active,0.98,0,0,0,auto_approved,0.3327,2022
66ec6707-a70a-4235-a26a-2606be867e79,U000503,2022-02-04 17:44:33,17:44:33,1332247.39,transfer,M00209,USD,success,pos,D002048,20.184.181.2,credit_card,Bangkok,"13.268993,105.643841",59,M,2018-09-28,blocked,0.51,0,1,1,pending_review,0.5841,2022
87b61036-f083-420f-8d6f-7907775c431b,U001680,2022-11-25 13:33:44,13:33:44,281612.04,transfer,M00423,USD,success,atm,D000325,137.204.4.85,bank_transfer,Bangkok,"21.284371,105.626292",49,F,2018-11-22,active,0.97,0,0,0,auto_approved,0.3132,2022
a2cd9276-74c5-4f12-a69e-b0f593acb499,U000119,2022-05-12 16:51:01,16:51:01,1230264.11,purchase,M00121,VND,failed,atm,D002691,201.247.175.255,bank_transfer,Da Nang,"20.397913,107.420119",63,F,2020-07-16,active,0.71,0,0,0,auto_approved,0.3536,2022
14ecf870-9987-4921-885c-5e178d8613dd,U001473,2022-09-01 12:27:23,12:27:23,30204.66,cash_withdrawal,M00265,VND,success,desktop,D000213,166.207.7.158,mobile_wallet,Ho Chi Minh City,"14.790404,106.752535",58,M,2020-02-19,active,0.78,0,0,0,auto_approved,0.1201,2022
45e25911-da48-438b-85ff-8279f4e9442a,U001180,2022-12-18 18:49:01,18:49:01,111898.04,cash_withdrawal,M00141,VND,success,mobile,D000160,176.116.169.251,bank_transfer,Da Nang,"12.440089,108.849742",38,M,2017-10-24,active,0.81,0,0,0,auto_approved,0.1524,2022
2bd26feb-9410-479f-a98c-bf6a2be00615,U001356,2022-01-31 11:50:02,11:50:02,162319.74,purchase,M00243,USD,success,atm,D000360,71.65.227.208,debit_card,Hanoi,"12.262898,107.881104",30,F,2016-11-24,active,0.92,0,0,0,auto_approved,0.083,2022
3719d589-b6fd-4949-b068-3e3891e1007f,U000827,2022-04-30 10:12:47,10:12:47,875742.96,transfer,M00429,USD,success,desktop,D002774,225.251.225.118,credit_card,Ho Chi Minh City,"19.40268,105.193647",68,F,2021-12-31,active,0.92,0,0,0,auto_approved,0.1643,2022
5546de29-a25f-4457-a473-d19d01d46142,U000088,2022-09-19 05:59:44,05:59:44,2095621.11,bill_payment,M00371,USD,success,desktop,D001796,67.238.198.249,mobile_wallet,Ho Chi Minh City,"14.182944,105.347452",29,F,2020-05-28,active,0.92,0,0,0,auto_approved,0.201,2022
8fe345b3-2bfd-4ffd-a455-9993a83d3c56,U001166,2022-09-07 12:55:09,12:55:09,467692.6,cash_withdrawal,M00221,VND,success,desktop,D001029,139.166.41.232,mobile_wallet,Kuala Lumpur,"13.94859,107.133075",38,F,2017-05-08,active,0.45,0,0,0,auto_approved,0.1091,2022
2a46ff8e-5045-4dae-b4d5-06c2452efe7f,U001351,2022-02-05 22:53:59,22:53:59,193542.33,online_payment,M00051,VND,failed,desktop,D001009,31.96.94.219,debit_card,Singapore,"17.169338,108.750295",25,M,2017-11-02,active,0.83,1,0,0,auto_approved,0.2525,2022
001e9055-4fad-4e2d-b42f-8d2d1c5d5de7,U000950,2022-07-30 08:38:35,08:38:35,370063.22,online_payment,M00049,USD,failed,pos,D002941,125.197.37.165,debit_card,Hanoi,"12.173657,105.321766",39,M,2018-07-12,active,0.57,0,0,0,auto_approved,0.2786,2022
2d86b3e1-4d44-4406-b699-6cafb16a2f3a,U000442,2022-01-15 23:37:18,23:37:18,1840773.8,bill_payment,M00126,VND,success,atm,D001458,56.147.119.101,credit_card,Hanoi,"18.248943,103.677706",35,M,2015-12-05,active,0.91,0,0,0,auto_approved,0.2836,2022
97907207-f198-4f25-97e1-33b484da11b7,U001145,2022-04-26 19:28:14,19:28:14,506771.87,bill_payment,M00333,VND,success,mobile,D002777,86.229.55.171,credit_card,Ho Chi Minh City,"19.347353,103.539735",30,M,2021-09-11,active,0.78,0,1,0,auto_approved,0.2007,2022
a8dcd65b-6d3b-469b-9d51-4df268324dec,U001074,2022-05-15 19:22:35,19:22:35,731241.01,transfer,M00147,USD,success,pos,D001546,189.236.203.176,debit_card,Da Nang,"20.891321,104.67705",40,F,2022-03-29,active,0.87,0,0,0,auto_approved,0.2354,2022
0f15fd8a-5c81-4e18-9798-cedb02bd6a3c,U000272,2022-09-08 08:25:15,08:25:15,204966.39,online_payment,M00052,USD,success,pos,D000604,3.137.197.224,credit_card,Kuala Lumpur,"15.746655,105.618216",27,M,2020-02-28,active,0.75,0,0,0,auto_approved,0.1082,2022
f1dd733d-7011-44c1-a25c-d505c5a6668b,U000937,2022-02-04 19:51:20,19:51:20,387529.63,purchase,M00065,VND,success,mobile,D000747,219.2.109.232,mobile_wallet,Hanoi,"11.533672,106.999315",29,F,2014-11-28,active,0.55,3,1,0,auto_approved,0.2089,2022
b8f5b154-c7c3-4f3c-bd75-e82088f93293,U000809,2022-10-24 07:26:58,07:26:58,218418.11,cash_withdrawal,M00218,VND,success,pos,D001186,147.137.62.6,bank_transfer,Ho Chi Minh City,"10.660232,104.068091",26,M,2018-08-15,active,0.54,0,0,0,auto_approved,0.2986,2022
0cd5d21c-0829-47fe-b951-0f78bf4b6ee2,U000822,2022-03-16 19:05:27,19:05:27,240143.15,purchase,M00099,VND,success,mobile,D000482,13.212.65.70,credit_card,Kuala Lumpur,"8.627752,102.393692",22,M,2016-11-04,active,0.94,0,0,0,auto_approved,0.4496,2022
1969eb95-fbf0-4e71-9bed-fff149256866,U000473,2022-05-22 07:49:19,07:49:19,41709.44,purchase,M00108,VND,success,pos,D002767,59.189.205.84,mobile_wallet,Da Nang,"16.272353,106.636217",64,F,2019-08-24,active,0.52,0,0,0,auto_approved,0.0868,2022
85820687-e7d2-4b61-bbaa-fa1c00274d7e,U001631,2022-01-14 16:39:09,16:39:09,285240.84,transfer,M00015,USD,success,pos,D002040,253.79.225.41,debit_card,Da Nang,"9.514141,108.712443",53,F,2014-06-25,active,0.93,0,0,0,auto_approved,0.4258,2022
2cc33e20-53ab-4cdc-858c-dd3542315867,U000304,2022-07-17 12:49:11,12:49:11,861336.35,purchase,M00365,VND,success,desktop,D001233,5.144.32.240,bank_transfer,Singapore,"16.921423,105.578577",50,M,2020-12-06,active,0.98,0,0,0,auto_approved,0.0854,2022
75925381-5e97-4b53-988c-4e32b3b1d4a3,U000162,2022-02-04 06:57:59,06:57:59,1392407.71,transfer,M00088,USD,success,mobile,D000091,228.169.106.122,mobile_wallet,Singapore,"12.751513,107.482153",27,F,2017-01-17,active,0.66,0,0,0,auto_approved,0.1533,2022
e30057bc-4183-4d2a-aa24-49233f15b84c,U001044,2022-05-05 09:06:21,09:06:21,1783638.63,purchase,M00031,VND,success,atm,D000425,44.164.71.51,mobile_wallet,Ho Chi Minh City,"13.135308,103.375166",35,F,2018-11-26,active,0.61,0,0,0,auto_approved,0.2709,2022
c3950f75-c3c6-49ec-9a04-001476e791bc,U001381,2022-08-19 05:33:34,05:33:34,1250658.08,transfer,M00294,USD,success,mobile,D002062,165.43.145.93,mobile_wallet,Singapore,"16.44708,106.85688",28,M,2016-09-26,active,0.87,3,1,0,auto_approved,0.3046,2022
549991da-782f-435b-8acb-9b051c2393ad,U001813,2022-02-08 21:05:51,21:05:51,1370103.04,online_payment,M00401,VND,success,mobile,D001843,241.185.42.42,bank_transfer,Kuala Lumpur,"14.468959,108.528487",20,F,2021-08-09,under_review,0.56,0,0,0,auto_approved,0.108,2022
60ce3669-71f6-4884-8fc3-9183ee38eaa2,U000570,2022-02-28 17:35:25,17:35:25,624277.86,bill_payment,M00040,VND,success,pos,D002871,38.39.144.139,bank_transfer,Ho Chi Minh City,"21.904743,105.314741",43,M,2018-08-09,active,0.46,0,1,0,auto_approved,0.1704,2022
b6dd1630-8e1e-42f9-b67f-86d28277c669,U000250,2022-10-03 13:35:52,13:35:52,473920.71,bill_payment,M00495,USD,success,atm,D001370,142.235.179.217,mobile_wallet,Kuala Lumpur,"14.164506,107.428088",20,F,2022-02-14,active,0.85,0,0,0,auto_approved,0.1926,2022
47031491-b7c0-4347-942d-617917901161,U000678,2022-05-04 04:24:48,04:24:48,2347060.56,cash_withdrawal,M00442,USD,failed,pos,D000711,150.8.184.70,credit_card,Singapore,"8.564251,102.660274",30,M,2021-11-24,active,0.45,0,0,0,auto_approved,0.3039,2022
437c74dc-ca04-4a25-a0f8-f273314bebde,U001943,2022-12-19 12:52:42,12:52:42,80738.34,cash_withdrawal,M00388,USD,success,mobile,D000099,43.27.147.55,bank_transfer,Ho Chi Minh City,"11.988371,105.996871",26,M,2016-01-11,active,0.73,0,0,0,auto_approved,0.0465,2022
7f3d9cf4-9a1f-4a50-899a-8e62948e9ddb,U001152,2022-06-05 05:12:51,05:12:51,244002.93,purchase,M00155,USD,success,mobile,D001230,27.166.112.37,mobile_wallet,Singapore,"20.444354,104.579522",28,M,2014-06-10,active,0.72,0,0,0,auto_approved,0.3854,2022
8483a1a8-b083-4ac3-83a9-5157059ee737,U001029,2022-04-12 22:34:29,22:34:29,129737.49,cash_withdrawal,M00040,VND,success,pos,D000794,87.230.197.253,credit_card,Singapore,"16.868255,106.577656",58,F,2021-03-14,active,0.48,0,0,0,auto_approved,0.1873,2022
8755d61f-f3de-4090-baaf-de70e6ef24f8,U001284,2022-12-29 07:43:17,07:43:17,869129.5,purchase,M00089,VND,success,desktop,D000317,34.240.238.54,mobile_wallet,Hanoi,"20.572419,107.74013",54,F,2016-03-14,active,0.78,2,1,1,pending_review,0.354,2022
0eddcfe9-241b-407d-842c-f9978553a33d,U001750,2022-12-25 15:11:41,15:11:41,943004.35,bill_payment,M00478,VND,success,pos,D001852,20.211.86.163,debit_card,Ho Chi Minh City,"21.429755,107.026339",53,M,2020-05-09,active,0.83,0,0,0,auto_approved,0.1915,2022
5b5561e2-63c4-4d46-b422-e7c5f34c4380,U001280,2022-09-24 07:03:27,07:03:27,12274.21,bill_payment,M00133,USD,success,pos,D001388,122.0.174.232,debit_card,Hanoi,"20.912092,107.782315",42,F,2014-12-13,under_review,0.74,0,0,0,auto_approved,0.2949,2022
f615b2df-48d3-415e-9d93-bc719f5a2a8c,U000905,2022-08-25 17:09:15,17:09:15,323413.51,online_payment,M00399,USD,success,mobile,D000875,229.73.87.112,debit_card,Bangkok,"11.027948,106.081746",25,M,2021-02-11,active,0.46,0,0,0,auto_approved,0.3303,2022
a163c631-e690-4b4e-8d8e-4bc6d08e16c6,U001413,2022-07-31 19:54:04,19:54:04,346717.49,online_payment,M00135,VND,success,pos,D000796,2.241.60.3,credit_card,Ho Chi Minh City,"21.37704,107.025274",65,F,2015-10-26,active,0.67,0,0,0,auto_approved,0.3743,2022
e75e0b4d-b030-434e-bef2-d097a5513d79,U001315,2022-12-29 14:48:12,14:48:12,2632795.06,purchase,M00346,VND,success,atm,D001763,178.90.240.233,bank_transfer,Hanoi,"13.661424,106.903291",70,F,2016-08-02,active,0.56,0,0,0,auto_approved,0.403,2022
67f144da-3dcb-420a-b99c-4123c7a421c0,U000719,2022-01-30 13:35:00,13:35:00,632639.43,cash_withdrawal,M00211,USD,success,mobile,D000742,32.66.255.153,debit_card,Da Nang,"13.873305,108.744601",69,F,2015-01-17,active,0.81,0,0,0,auto_approved,0.1715,2022
663340ea-a0c2-43d5-a46e-687b50be4a6a,U001538,2022-09-28 09:27:08,09:27:08,82226.45,purchase,M00389,USD,success,mobile,D000593,252.247.17.59,bank_transfer,Bangkok,"14.835586,102.897251",18,M,2014-10-24,active,0.63,0,0,0,auto_approved,0.0318,2022
a0916bb8-2b29-48fb-8660-399e3bf35831,U000102,2022-06-09 10:21:15,10:21:15,1318189.75,cash_withdrawal,M00416,USD,success,pos,D002403,111.19.76.62,credit_card,Singapore,"13.213913,103.046617",60,F,2019-07-17,active,0.47,0,0,0,auto_approved,0.4412,2022
4e993e03-f120-4c2c-a390-e4174ddef95b,U001713,2022-01-31 17:09:38,17:09:38,64786.76,cash_withdrawal,M00164,VND,success,mobile,D002336,64.20.47.236,debit_card,Ho Chi Minh City,"12.052145,102.310565",50,M,2015-07-29,active,0.82,0,0,0,auto_approved,0.1319,2022
fffc21d4-3ee9-4312-8a7d-2d932a1028f1,U000155,2022-09-09 18:21:21,18:21:21,429116.29,online_payment,M00114,VND,success,pos,D000035,32.234.148.99,debit_card,Kuala Lumpur,"12.919484,105.780054",26,F,2017-07-15,active,0.59,0,0,0,auto_approved,0.1953,2022
918e64c6-562a-43b5-acf9-c35f09318bc5,U000592,2022-11-30 18:54:24,18:54:24,1634961.5,cash_withdrawal,M00173,USD,success,mobile,D001507,10.126.126.8,debit_card,Ho Chi Minh City,"20.573148,103.880948",47,M,2019-06-04,active,0.63,0,1,0,auto_approved,0.5749,2022
2cd350be-6f52-4874-a54e-7fd05649471b,U001626,2022-08-11 05:54:54,05:54:54,434061.22,bill_payment,M00487,USD,success,mobile,D001302,241.191.37.224,debit_card,Hanoi,"9.259951,106.967416",41,F,2019-01-02,active,0.9,0,0,0,auto_approved,0.383,2022
515dfeb3-5a0a-4159-980d-a707b1dd0bfc,U001459,2022-01-16 19:51:35,19:51:35,27540.09,online_payment,M00364,USD,success,atm,D001064,49.160.100.161,bank_transfer,Kuala Lumpur,"8.381671,108.791933",63,M,2015-01-26,active,0.9,0,0,0,auto_approved,0.2529,2022
76c1aa6e-24ee-46a4-b9ff-99718ce1e926,U001811,2022-07-07 01:00:16,01:00:16,594772.6,online_payment,M00152,USD,success,desktop,D001640,66.174.62.52,debit_card,Hanoi,"8.229038,108.881204",70,M,2020-06-25,active,0.78,1,0,0,auto_approved,0.2847,2022
23323096-2b69-412d-bf2d-64e1def46734,U001245,2022-12-08 20:29:31,20:29:31,960068.45,purchase,M00273,VND,success,desktop,D002772,220.77.163.213,debit_card,Hanoi,"15.670485,107.768755",58,F,2021-08-18,active,0.55,0,0,0,auto_approved,0.3396,2022
02066d75-9a66-4440-bfef-2f72505103ac,U001026,2022-04-09 22:20:10,22:20:10,1828211.59,cash_withdrawal,M00063,USD,success,mobile,D002669,7.96.50.18,bank_transfer,Hanoi,"11.398601,103.371017",48,F,2015-07-25,active,0.94,0,0,0,auto_approved,0.2407,2022
24b06d62-d855-49af-b4ac-81a4ba8fbce1,U000757,2022-02-12 08:31:43,08:31:43,33600.47,purchase,M00307,VND,success,desktop,D002034,226.250.237.201,credit_card,Kuala Lumpur,"12.992111,105.118459",36,F,2017-07-07,active,0.91,0,0,0,auto_approved,0.3243,2022
374081cb-9612-4935-904b-ad135d5be27b,U001964,2022-12-12 22:17:26,22:17:26,575145.82,bill_payment,M00181,USD,success,desktop,D002341,96.151.139.151,bank_transfer,Singapore,"10.158052,106.646631",53,F,2017-12-23,active,0.87,0,0,0,auto_approved,0.4208,2022
2d51c98c-a328-4ff2-b63d-08006f54a1ae,U001780,2022-01-25 14:33:42,14:33:42,2917357.91,transfer,M00288,VND,success,mobile,D001977,23.188.18.48,bank_transfer,Kuala Lumpur,"16.021352,102.631289",42,F,2017-08-28,active,0.59,0,0,0,auto_approved,0.0371,2022
15fed2a3-ab26-41f6-a77c-f67133583d44,U001350,2022-04-13 12:13:40,12:13:40,759219.28,online_payment,M00302,VND,failed,pos,D000515,9.27.236.58,mobile_wallet,Bangkok,"17.363632,105.952554",29,M,2020-03-14,active,0.79,0,0,0,auto_approved,0.4214,2022
0d5e54d1-2e8e-4788-a33e-fd88848debb9,U000972,2022-07-06 16:01:06,16:01:06,101464.95,cash_withdrawal,M00420,VND,success,mobile,D000629,19.135.192.241,mobile_wallet,Da Nang,"17.313967,105.761616",56,F,2016-01-13,active,0.72,1,0,0,auto_approved,0.5565,2022
338b438f-b4cf-49ff-aba1-3a58e536d3be,U000986,2022-12-11 14:33:55,14:33:55,1079530.94,bill_payment,M00099,VND,success,atm,D002224,24.27.89.73,bank_transfer,Singapore,"12.609361,106.157425",44,M,2019-02-21,active,0.7,0,0,0,auto_approved,0.0424,2022
3d0e2821-72b2-4f78-8410-9b9fb734b493,U001444,2022-07-20 15:27:28,15:27:28,404964.54,purchase,M00424,USD,success,atm,D001224,71.93.121.9,credit_card,Hanoi,"11.437268,102.451678",28,M,2018-02-04,active,0.89,0,0,0,auto_approved,0.2002,2022
b2cd48d8-abbe-4b09-bc87-92ccb8aaa8f4,U000501,2022-10-15 02:55:48,02:55:48,1456132.97,bill_payment,M00143,USD,success,desktop,D002564,36.54.142.15,bank_transfer,Singapore,"21.230065,103.356592",60,M,2017-07-19,active,0.57,0,0,0,auto_approved,0.3346,2022
bb6d4fe1-b0bb-46ad-8d34-109ee23ed826,U000746,2022-04-30 14:54:07,14:54:07,1029152.72,purchase,M00429,USD,success,pos,D000281,225.227.100.73,bank_transfer,Kuala Lumpur,"12.921182,104.612321",18,M,2020-05-30,active,0.66,0,0,0,auto_approved,0.1987,2022
66f5d77d-f742-4120-88e0-b3af399a15d9,U001303,2022-01-24 08:53:18,08:53:18,171997.07,bill_payment,M00266,VND,success,pos,D001356,94.157.108.32,debit_card,Kuala Lumpur,"18.196635,102.747928",31,M,2014-10-17,active,0.6,0,0,0,auto_approved,0.0234,2022
a12bbbdc-8249-47e4-b925-8adba32946de,U000310,2022-08-24 19:04:27,19:04:27,876433.63,purchase,M00288,USD,pending,pos,D002617,100.154.38.69,mobile_wallet,Da Nang,"14.060718,108.558946",44,M,2018-06-12,active,0.67,0,0,0,auto_approved,0.1088,2022
edd9d2b9-f618-49fa-8d7e-934ff605903b,U001607,2022-12-04 03:48:55,03:48:55,327710.16,bill_payment,M00041,VND,success,pos,D001135,25.193.137.227,credit_card,Ho Chi Minh City,"11.38533,103.612114",66,M,2018-06-08,active,0.88,0,0,0,auto_approved,0.1926,2022
e7ffde5b-f13e-40a4-a2ee-d2962079a6ca,U001780,2022-08-25 01:43:49,01:43:49,366212.4,bill_payment,M00072,VND,failed,mobile,D002558,28.199.44.48,bank_transfer,Ho Chi Minh City,"12.385246,106.945517",45,M,2016-09-29,active,0.62,0,0,0,auto_approved,0.0855,2022
b5086219-482a-4c0b-8d18-cf7078bdc119,U001725,2022-05-08 04:16:46,04:16:46,411508.06,online_payment,M00474,USD,success,mobile,D000145,209.189.91.100,bank_transfer,Kuala Lumpur,"21.827406,107.468943",46,F,2019-04-18,active,0.67,1,0,0,auto_approved,0.2328,2022
40b58fac-6e63-4a35-854c-503b841b93e0,U001099,2022-05-07 07:37:09,07:37:09,1085096.61,cash_withdrawal,M00113,VND,success,atm,D001285,76.161.133.184,bank_transfer,Ho Chi Minh City,"8.518739,106.428377",64,F,2015-12-04,active,0.56,0,0,0,auto_approved,0.1934,2022
d1d1b751-92c0-4472-b384-21b43ec660c0,U000241,2022-11-09 12:56:51,12:56:51,15753.29,online_payment,M00358,USD,success,mobile,D000864,99.212.233.13,credit_card,Kuala Lumpur,"14.62302,108.875691",61,M,2016-06-17,active,0.91,2,1,0,auto_approved,0.2963,2022
1beb08fe-39cb-4669-b99e-92c9fc9a6370,U000723,2022-10-22 08:18:13,08:18:13,3619455.88,cash_withdrawal,M00223,VND,success,atm,D002129,162.169.115.201,debit_card,Hanoi,"8.742666,107.93736",22,M,2018-03-29,active,0.86,0,1,0,auto_approved,0.2073,2022
48de32b7-ef34-4f1c-a7dc-d1ec2ffb8d08,U001470,2022-06-13 02:19:14,02:19:14,726790.94,cash_withdrawal,M00149,USD,success,pos,D000901,96.19.147.251,debit_card,Hanoi,"19.901101,104.734166",24,F,2020-02-08,active,0.9,0,0,0,auto_approved,0.0586,2022
eea4f4cd-476b-459b-8d12-d9e4ec6e3da3,U000670,2022-04-02 00:19:53,00:19:53,928163.72,bill_payment,M00448,VND,success,pos,D001101,36.74.205.46,mobile_wallet,Kuala Lumpur,"19.370678,105.697782",70,F,2020-03-31,active,0.98,0,0,0,auto_approved,0.092,2022
5d5b54b7-2883-450e-8d0f-574e474c2aa5,U000669,2022-03-29 19:25:22,19:25:22,187986.5,cash_withdrawal,M00263,VND,success,atm,D000612,35.18.170.202,mobile_wallet,Da Nang,"16.017075,106.105808",46,M,2015-09-15,active,0.97,1,0,0,auto_approved,0.3948,2022
624f0854-83c0-4c3f-aa73-d15211e925da,U001587,2022-02-18 10:09:18,10:09:18,753859.99,transfer,M00200,VND,success,desktop,D002618,72.40.40.250,debit_card,Singapore,"10.29187,103.628308",22,M,2015-07-06,active,0.83,1,1,0,auto_approved,0.63,2022
1ab58f2d-b5a0-48b5-a5ee-08d519e9e378,U000314,2022-07-28 00:16:29,00:16:29,33472.52,online_payment,M00315,USD,success,pos,D000764,52.184.228.28,credit_card,Da Nang,"11.797473,108.531363",62,M,2014-10-03,active,0.51,0,0,0,auto_approved,0.1844,2022
5156b0de-c6eb-42bd-98f9-f0dfa9846b79,U001201,2022-02-06 04:51:53,04:51:53,84877.47,purchase,M00478,VND,success,atm,D000703,82.117.194.123,debit_card,Singapore,"19.347581,108.302168",52,M,2016-04-25,active,0.92,0,0,0,auto_approved,0.3436,2022
46dcb0ad-4a73-423f-afab-ce17a7ba3dbb,U000184,2022-02-11 06:18:50,06:18:50,982034.76,cash_withdrawal,M00087,VND,success,pos,D000828,130.84.116.143,bank_transfer,Kuala Lumpur,"17.255486,107.613262",24,M,2015-12-22,active,0.66,1,0,0,auto_approved,0.3438,2022
d70e830c-6901-44f3-97f0-8fe32d6fbbf0,U001602,2022-09-03 13:17:29,13:17:29,1380751.69,bill_payment,M00156,VND,success,pos,D000450,59.100.155.85,credit_card,Da Nang,"14.002037,102.268499",55,M,2018-11-17,active,0.89,0,0,0,auto_approved,0.3696,2022
b86aa677-621f-4907-9299-8a1be0e14db6,U000667,2022-11-12 01:59:23,01:59:23,195272.06,bill_payment,M00313,VND,success,mobile,D000860,209.80.0.52,credit_card,Singapore,"18.945357,104.052559",35,F,2021-12-02,active,0.66,0,0,0,auto_approved,0.326,2022
d6736443-847a-4b51-a967-42cecd342c0a,U001263,2022-01-23 04:08:27,04:08:27,10732.56,purchase,M00171,VND,pending,mobile,D002290,234.69.8.110,bank_transfer,Bangkok,"21.002177,104.404792",56,M,2021-11-24,active,0.96,0,0,0,auto_approved,0.0642,2022
636b2b10-d504-46fd-8375-1c03adf3bf8d,U001103,2022-12-17 22:19:07,22:19:07,610010.96,transfer,M00195,USD,success,mobile,D000760,41.100.116.107,mobile_wallet,Singapore,"16.575538,102.06886",48,F,2022-09-12,active,0.71,0,0,0,auto_approved,0.2963,2022
1c5b5817-a47f-445d-9739-6aad35ec8b06,U000449,2022-07-22 11:14:35,11:14:35,1843745.46,online_payment,M00252,USD,success,desktop,D000243,170.252.143.37,bank_transfer,Kuala Lumpur,"20.386466,105.871177",27,F,2021-05-21,active,0.96,0,0,0,auto_approved,0.1713,2022
d87aa173-7485-4e19-b3a7-9517c6b05a37,U000186,2022-11-11 11:29:43,11:29:43,176544.23,transfer,M00127,USD,success,pos,D002060,243.66.239.16,credit_card,Da Nang,"8.847349,107.623258",42,F,2018-06-11,active,0.74,0,0,0,auto_approved,0.3668,2022
98c892b1-1cd9-4c26-bf93-b1ed55d8d8e5,U000260,2022-05-03 20:25:39,20:25:39,471357.98,transfer,M00495,USD,success,atm,D002326,134.210.184.133,credit_card,Da Nang,"12.371136,105.478942",70,F,2017-01-15,active,0.64,0,0,0,auto_approved,0.2937,2022
c83694b4-f492-418b-b267-00d7f66f37ff,U001529,2022-10-09 21:51:42,21:51:42,324168.64,cash_withdrawal,M00426,VND,success,desktop,D000933,219.86.147.207,mobile_wallet,Ho Chi Minh City,"15.46652,106.723508",29,F,2018-10-28,active,0.51,0,1,0,auto_approved,0.3155,2022
38767d28-90a5-4a69-b908-778c5e9b0c6d,U000880,2022-03-13 13:02:32,13:02:32,248827.12,bill_payment,M00081,VND,success,atm,D001033,2.72.1.12,mobile_wallet,Singapore,"16.742186,103.167397",68,F,2016-10-08,active,0.65,0,0,0,auto_approved,0.2661,2022
d1fa564f-33f9-4814-a804-06b50b800aef,U001431,2022-05-30 12:01:56,12:01:56,1834104.76,cash_withdrawal,M00390,USD,success,pos,D001300,197.95.55.210,bank_transfer,Ho Chi Minh City,"19.547057,103.789909",18,M,2020-08-09,active,0.94,0,0,0,auto_approved,0.0435,2022
3e4771c2-31c1-4b17-a947-90991d72c8cc,U000591,2022-08-03 05:24:08,05:24:08,596338.89,cash_withdrawal,M00432,USD,success,mobile,D001205,185.131.135.149,debit_card,Hanoi,"17.557987,107.035565",69,F,2014-10-13,active,0.55,0,0,0,auto_approved,0.3036,2022
6d1ed2db-1ab7-4f6d-8837-b6ee0fc0c7a0,U000283,2022-09-05 23:54:18,23:54:18,3011.17,transfer,M00095,VND,success,desktop,D001766,206.123.20.127,bank_transfer,Singapore,"12.3389,106.38983",56,M,2015-03-14,active,0.81,0,0,0,auto_approved,0.44,2022
9a278aef-9495-480e-b4d8-eebb091cdc4c,U001203,2022-03-21 07:02:22,07:02:22,414018.3,bill_payment,M00064,VND,success,atm,D001154,59.207.149.68,bank_transfer,Singapore,"8.596215,106.434529",34,M,2020-12-29,active,0.47,2,1,0,auto_approved,0.5099,2022
842bb683-fb7c-4d89-9cac-78fb9a916351,U000050,2022-08-27 10:16:14,10:16:14,1292345.69,purchase,M00237,USD,success,mobile,D000856,13.142.77.3,mobile_wallet,Ho Chi Minh City,"11.01698,103.046725",48,M,2018-05-19,active,0.55,0,0,0,auto_approved,0.2995,2022
52ce01a6-0b6e-450b-906f-7af2a74ed3a5,U000441,2022-12-17 10:34:58,10:34:58,1800301.56,cash_withdrawal,M00376,VND,success,pos,D001045,28.32.80.21,debit_card,Da Nang,"11.036134,102.931397",29,M,2019-07-20,active,0.93,0,0,0,auto_approved,0.0437,2022
7425c17a-32b2-43a9-822b-6f6a090d9f9f,U001626,2022-12-20 19:32:59,19:32:59,600023.26,online_payment,M00012,VND,success,mobile,D000421,160.40.121.55,bank_transfer,Da Nang,"18.960568,103.82257",62,F,2020-05-19,active,1.0,0,1,0,auto_approved,0.3857,2022
3b8b995d-58ea-4fe7-8f91-505c30ce0690,U000487,2022-11-13 10:21:41,10:21:41,1080044.51,bill_payment,M00319,USD,success,atm,D001627,104.190.9.21,mobile_wallet,Kuala Lumpur,"16.385263,108.117803",42,F,2016-08-10,active,0.63,0,0,0,auto_approved,0.2589,2022
dd5acaf0-5a66-414d-9488-a2e3a65e9292,U000647,2022-07-30 19:55:23,19:55:23,140746.5,online_payment,M00392,USD,success,desktop,D002915,234.145.189.73,bank_transfer,Kuala Lumpur,"8.551369,105.163606",41,M,2017-03-24,active,0.68,0,0,0,auto_approved,0.3008,2022
a8c0bda6-e6cc-4082-9ea6-43259fcf241b,U000553,2022-05-25 09:10:28,09:10:28,97846.85,transfer,M00204,VND,success,atm,D000505,100.254.174.100,debit_card,Kuala Lumpur,"21.816674,103.60921",64,F,2021-08-25,active,0.73,0,0,0,auto_approved,0.2465,2022
d3e44339-4bf4-4a70-89e3-2283f6941fc9,U000153,2022-07-26 10:58:12,10:58:12,3509223.58,transfer,M00124,VND,success,desktop,D002460,223.147.210.159,bank_transfer,Kuala Lumpur,"8.682453,106.324841",41,F,2020-03-19,blocked,0.49,0,1,1,pending_review,0.499,2022
fe0b648b-bd10-4e4a-80a7-ee3f0fe1f5c3,U000246,2022-01-25 18:33:52,18:33:52,1400782.95,transfer,M00391,USD,success,desktop,D000134,192.230.194.73,mobile_wallet,Kuala Lumpur,"15.767392,104.136326",30,M,2014-01-25,active,0.97,1,0,0,auto_approved,0.2763,2022
318629da-d591-4bbf-b724-2ad5554fd714,U001510,2022-05-08 16:02:19,16:02:19,18717.37,transfer,M00065,VND,success,mobile,D002965,102.69.75.92,mobile_wallet,Kuala Lumpur,"15.951484,102.521297",39,M,2019-03-10,active,0.54,0,0,0,auto_approved,0.2358,2022
33ef860c-9e11-4819-9d85-15071d81cead,U001642,2022-06-05 10:23:04,10:23:04,137699.33,online_payment,M00341,VND,success,pos,D002826,9.91.223.42,mobile_wallet,Ho Chi Minh City,"19.42358,107.752686",23,M,2020-03-23,active,0.57,2,1,0,auto_approved,0.2714,2022
f71c5551-8034-4b6e-8f2b-23b76113ab5e,U000377,2022-01-14 04:24:20,04:24:20,1054655.77,transfer,M00366,VND,success,pos,D001506,190.69.78.187,bank_transfer,Kuala Lumpur,"14.717186,102.530122",62,F,2019-06-23,under_review,0.49,0,0,0,auto_approved,0.376,2022
461f6759-949e-464d-9d8b-5e250496751d,U001631,2022-05-10 02:06:32,02:06:32,1012000.32,transfer,M00326,VND,success,atm,D000331,32.66.219.181,debit_card,Hanoi,"9.500273,108.882273",25,F,2018-09-25,active,0.49,0,0,0,auto_approved,0.382,2022
d2cca1ca-c019-4d95-9b85-cf9181ea91da,U000435,2022-12-15 23:08:16,23:08:16,227446.49,purchase,M00347,USD,success,pos,D000219,193.133.243.181,mobile_wallet,Hanoi,"16.973935,106.731833",57,M,2016-01-20,active,0.48,0,0,0,auto_approved,0.1557,2022
58a55a3e-e4ff-4b48-9b48-38d15ef907db,U001870,2022-02-01 18:33:39,18:33:39,83312.72,purchase,M00369,VND,success,desktop,D001138,242.86.118.50,mobile_wallet,Kuala Lumpur,"9.682032,108.048188",29,M,2021-11-17,active,0.88,0,0,0,auto_approved,0.0846,2022
f17920a8-35b6-431d-897b-a61248e08a19,U001241,2022-01-07 22:09:28,22:09:28,6676.78,bill_payment,M00039,USD,success,atm,D001608,167.170.208.237,bank_transfer,Kuala Lumpur,"18.26091,102.433848",41,M,2017-11-07,active,0.96,0,0,0,auto_approved,0.1069,2022
dbebfcf8-6344-4ae3-bed9-b23f4b0aba21,U001948,2022-07-10 14:48:08,14:48:08,944002.32,purchase,M00318,VND,success,desktop,D002295,14.38.89.8,debit_card,Singapore,"17.328225,105.274512",35,M,2017-08-15,active,0.59,0,0,0,auto_approved,0.0885,2022
d843fcfc-267e-4acd-b572-e3a22b82c7bc,U001471,2022-10-27 22:49:20,22:49:20,389567.03,transfer,M00495,VND,success,mobile,D001073,43.164.238.87,bank_transfer,Bangkok,"10.587773,107.625852",66,F,2018-01-11,active,0.52,0,0,0,auto_approved,0.0853,2022
bd134451-fd25-4de1-82ca-45530c48aed5,U000704,2022-07-23 18:19:38,18:19:38,1170362.03,cash_withdrawal,M00341,VND,success,pos,D001980,181.193.230.157,debit_card,Ho Chi Minh City,"15.190265,105.410749",32,M,2016-10-24,active,0.97,2,1,0,auto_approved,0.2839,2022
e4b11d29-abc6-45b6-afc3-8dd3f335c0f2,U000392,2022-10-05 02:10:47,02:10:47,309282.29,cash_withdrawal,M00110,USD,success,atm,D000930,208.231.131.119,debit_card,Singapore,"13.241483,102.878262",46,M,2014-10-11,active,0.63,0,1,0,auto_approved,0.5977,2022
d981b6e6-ffb9-4c03-8c41-ede29e9d69e6,U000497,2022-02-10 01:33:20,01:33:20,1147269.19,purchase,M00432,USD,success,pos,D001068,117.216.199.203,mobile_wallet,Hanoi,"19.948557,107.423123",29,M,2015-05-16,active,0.82,0,0,0,auto_approved,0.0348,2022
caa59ee3-e693-4f16-a71f-c2591db04496,U001552,2022-12-16 20:17:52,20:17:52,908582.77,purchase,M00240,VND,success,pos,D000432,203.163.186.225,credit_card,Da Nang,"19.090146,108.267285",69,M,2018-11-09,active,0.47,0,0,0,auto_approved,0.421,2022
a30de782-dfea-49ee-bdf1-2a0c23f56a2c,U000988,2022-08-16 20:21:42,20:21:42,491388.26,bill_payment,M00415,USD,success,atm,D001701,3.15.237.244,mobile_wallet,Hanoi,"21.770789,107.132123",19,M,2017-04-04,active,0.6,0,0,0,auto_approved,0.2423,2022
4bef9f64-3404-4a15-bf51-08b2790727b3,U000132,2022-06-07 03:55:50,03:55:50,558285.72,purchase,M00387,USD,success,mobile,D000464,124.93.122.21,mobile_wallet,Ho Chi Minh City,"9.446472,103.754698",49,F,2020-06-23,active,0.59,0,0,0,auto_approved,0.1954,2022
c13e7dba-6c25-4a81-9b40-e06547abfad7,U001501,2022-07-28 22:57:40,22:57:40,119701.69,transfer,M00351,VND,success,pos,D002846,23.64.4.172,mobile_wallet,Ho Chi Minh City,"16.445601,108.243977",64,M,2016-05-08,active,0.79,0,0,0,auto_approved,0.1091,2022
2d0fa311-1529-4f1c-9660-7956626acc03,U001425,2022-06-13 11:22:06,11:22:06,191364.76,purchase,M00375,USD,success,desktop,D001966,43.219.197.116,mobile_wallet,Singapore,"12.18129,107.494906",22,F,2014-07-13,active,0.79,0,0,0,auto_approved,0.2562,2022
a89bcb37-3f46-4afe-9a80-090a1a665de7,U000077,2022-06-11 05:24:42,05:24:42,1366112.87,purchase,M00474,VND,failed,mobile,D001784,71.159.77.211,mobile_wallet,Singapore,"13.66218,107.817836",59,M,2019-03-26,active,0.97,0,0,0,auto_approved,0.2966,2022
529128bc-219f-4288-bbdb-572f4a679213,U001460,2022-02-13 20:21:59,20:21:59,635315.3,purchase,M00235,VND,failed,desktop,D002622,66.173.66.67,debit_card,Hanoi,"19.816593,103.864341",30,F,2019-03-19,active,0.62,0,0,0,auto_approved,0.0381,2022
cd68dd88-c80a-42d7-97ee-63efcd795656,U000620,2022-10-25 03:38:25,03:38:25,488127.85,online_payment,M00155,VND,pending,mobile,D000545,205.146.64.81,debit_card,Singapore,"20.002669,102.8974",18,M,2022-09-15,active,0.81,0,0,0,auto_approved,0.0663,2022
b42d903e-4f07-47e9-8f11-16609e6743cc,U000588,2022-04-01 07:52:49,07:52:49,71362.79,transfer,M00273,USD,success,pos,D002425,150.252.175.168,mobile_wallet,Singapore,"15.310543,104.861697",41,F,2021-01-04,active,0.53,1,0,0,auto_approved,0.2507,2022
41a68940-595d-42d2-8540-cd9db0ab41a7,U001761,2022-05-09 04:46:37,04:46:37,650457.23,bill_payment,M00409,USD,success,pos,D000501,247.81.173.228,mobile_wallet,Bangkok,"10.7596,104.973185",30,M,2018-05-11,active,0.66,0,1,0,auto_approved,0.5866,2022
a7210c76-d308-4e53-828b-965ce32f078d,U000904,2022-02-01 14:19:43,14:19:43,314459.2,purchase,M00382,VND,success,mobile,D002903,245.164.81.247,debit_card,Hanoi,"15.549233,108.151501",51,M,2015-10-10,under_review,0.83,0,0,0,auto_approved,0.1973,2022
00b2c9b7-5fb3-456a-8ae6-246439b5c236,U000005,2022-09-12 07:33:23,07:33:23,1293068.66,transfer,M00478,USD,success,pos,D002483,43.13.57.154,mobile_wallet,Bangkok,"18.248695,106.678582",37,M,2015-10-30,active,0.68,0,0,0,auto_approved,0.0299,2022
299f3663-887b-4aed-a3f7-816244378bbc,U000554,2022-06-09 08:04:52,08:04:52,571844.42,bill_payment,M00391,USD,success,atm,D001205,11.146.8.204,mobile_wallet,Bangkok,"21.163118,108.584845",50,M,2016-08-02,active,0.88,0,0,0,auto_approved,0.128,2022
853d9fab-3ca2-4e35-9b02-7739fd948698,U001234,2022-07-28 10:57:01,10:57:01,129027.94,transfer,M00174,USD,success,atm,D002078,136.21.113.190,debit_card,Hanoi,"20.937888,107.030609",70,F,2019-05-03,active,0.84,0,0,0,auto_approved,0.431,2022
cf60d021-126e-4029-8745-d5365649a965,U000533,2022-12-12 16:37:20,16:37:20,188750.19,cash_withdrawal,M00483,USD,success,atm,D000254,132.83.171.148,credit_card,Singapore,"12.436477,107.266648",22,F,2022-10-22,active,0.92,0,0,0,auto_approved,0.0269,2022
e25909b2-6c41-4292-ba12-d2c7010e01aa,U001612,2022-03-09 20:06:21,20:06:21,56878.26,online_payment,M00355,USD,success,mobile,D001737,54.133.183.10,debit_card,Hanoi,"8.444773,105.554395",66,F,2017-10-24,active,0.84,0,0,0,auto_approved,0.3025,2022
39ad39bd-c330-4f8c-920f-175b349306c0,U000076,2022-02-18 11:59:28,11:59:28,949294.13,bill_payment,M00047,VND,success,pos,D001043,121.188.138.212,credit_card,Ho Chi Minh City,"20.761297,103.209",40,M,2018-07-14,active,0.73,0,0,0,auto_approved,0.3461,2022
cdf55e86-3b0c-45fa-977e-ade3f2d30c2a,U000704,2022-02-19 15:09:32,15:09:32,74379.1,transfer,M00335,VND,success,mobile,D002746,194.211.23.173,mobile_wallet,Bangkok,"13.426138,107.552387",22,M,2013-12-22,active,0.78,0,0,0,auto_approved,0.1367,2022
63a8f407-568d-4d48-a31c-846e8b7ebd0d,U000796,2022-12-06 00:04:07,00:04:07,1564636.46,cash_withdrawal,M00048,USD,success,desktop,D000790,35.137.120.7,credit_card,Kuala Lumpur,"20.169616,102.833941",53,F,2020-09-20,active,0.89,0,0,0,auto_approved,0.1852,2022
889463d2-914a-4172-843c-db1ae67d2fc8,U000934,2022-07-08 17:05:10,17:05:10,817936.28,purchase,M00006,USD,success,desktop,D002130,237.219.51.2,debit_card,Bangkok,"10.003683,104.571911",26,M,2017-10-23,active,0.55,0,0,0,auto_approved,0.2786,2022
a0654efa-69e9-4c79-9e6e-899bf9d2b669,U001647,2022-12-09 02:33:25,02:33:25,674678.1,purchase,M00413,USD,success,atm,D000889,169.216.37.71,bank_transfer,Kuala Lumpur,"9.021354,105.217652",36,F,2016-12-17,active,0.71,0,1,0,auto_approved,0.3163,2022
39d318f3-50aa-4303-a8f5-0d28d4428218,U001935,2022-09-22 08:26:31,08:26:31,306257.36,online_payment,M00356,VND,success,mobile,D000113,175.12.153.93,bank_transfer,Da Nang,"10.353587,105.459825",56,F,2014-10-05,active,0.87,0,0,0,auto_approved,0.2695,2022
e76a3549-6f53-4d05-aaa9-05ecb0baee4e,U000490,2022-02-16 04:46:38,04:46:38,63551.82,cash_withdrawal,M00245,VND,success,atm,D001663,206.198.1.147,credit_card,Singapore,"20.252545,104.747998",20,M,2014-10-30,active,0.94,0,0,0,auto_approved,0.2551,2022
a9c082e5-4494-4037-82e1-556e37d92bbd,U001095,2022-11-23 06:45:17,06:45:17,2052911.26,purchase,M00333,VND,success,mobile,D001387,184.9.24.214,debit_card,Bangkok,"9.796967,102.071975",21,F,2018-07-31,under_review,0.51,0,0,0,auto_approved,0.402,2022
1cc52fa3-0350-4e9d-ba1f-7bdce0ad12eb,U001889,2022-06-17 02:26:30,02:26:30,290200.16,transfer,M00499,VND,success,pos,D002905,155.83.104.21,debit_card,Singapore,"9.690043,102.184468",68,M,2014-04-30,active,0.55,2,1,1,pending_review,0.5979,2022
bbeec291-0ae2-40f0-a3a1-173d4e7e8c4f,U001461,2022-10-07 06:51:38,06:51:38,173518.3,cash_withdrawal,M00294,USD,success,pos,D002293,122.30.114.233,debit_card,Bangkok,"17.838774,103.509734",20,F,2020-10-06,active,0.6,0,0,0,auto_approved,0.3301,2022
1eba4e18-a68c-4cbc-99bf-d932c5fe8847,U000774,2022-07-28 15:15:42,15:15:42,1434501.38,purchase,M00300,VND,success,desktop,D001199,10.197.82.7,debit_card,Hanoi,"17.218952,104.029783",19,M,2020-06-22,active,0.95,0,0,0,auto_approved,0.3484,2022
021b7bcd-df22-49cc-b92d-3d67fcdf6841,U001312,2022-08-30 17:28:22,17:28:22,389982.78,purchase,M00366,USD,success,mobile,D002984,226.205.190.81,bank_transfer,Kuala Lumpur,"17.802051,107.44398",25,F,2019-01-20,active,0.84,0,0,0,auto_approved,0.3686,2022
669740d1-010e-45ec-9b82-8d64fac17a81,U000306,2022-12-23 06:56:00,06:56:00,301883.07,transfer,M00251,USD,success,pos,D000715,150.220.85.54,debit_card,Ho Chi Minh City,"9.581411,105.370394",33,F,2020-07-26,active,0.72,0,0,0,auto_approved,0.0697,2022
b9f16be5-3cb0-4efb-9cbe-04186fa24142,U001886,2022-02-26 04:59:40,04:59:40,247580.28,cash_withdrawal,M00494,USD,success,atm,D002232,93.57.92.119,mobile_wallet,Ho Chi Minh City,"12.445215,105.717679",42,F,2017-05-16,active,0.78,0,0,0,auto_approved,0.3883,2022
ef36551e-60a1-49f5-87b1-0fec13dfa686,U000895,2022-10-27 05:08:37,05:08:37,1096297.35,bill_payment,M00025,USD,success,atm,D000333,106.157.49.20,credit_card,Singapore,"18.475334,108.667874",55,M,2021-01-23,active,0.5,2,1,0,auto_approved,0.302,2022
426d4c02-594f-49cd-b57a-7b346073c85d,U001514,2022-07-19 22:06:09,22:06:09,28944.45,cash_withdrawal,M00010,VND,success,pos,D000201,24.97.212.152,mobile_wallet,Hanoi,"20.789646,106.537635",38,F,2017-10-28,active,0.61,0,0,0,auto_approved,0.2059,2022
130b1f5c-ce0c-4aa2-96aa-6754cfbc1639,U001081,2022-06-12 15:25:24,15:25:24,430133.09,purchase,M00355,VND,success,pos,D000787,3.170.186.55,bank_transfer,Singapore,"21.300684,108.070333",64,F,2020-01-18,active,0.82,1,0,0,auto_approved,0.3004,2022
fde13cf5-2362-4065-beea-3b2451cfac2e,U000929,2022-10-21 05:31:58,05:31:58,431447.9,transfer,M00081,USD,success,atm,D000261,117.143.66.70,mobile_wallet,Hanoi,"13.566684,105.789981",22,F,2015-05-06,under_review,0.94,0,0,0,auto_approved,0.2577,2022
2b6c1558-6467-4333-a81c-d8b33f358574,U000246,2022-04-03 10:07:28,10:07:28,630553.25,cash_withdrawal,M00045,USD,success,mobile,D002383,216.140.82.61,bank_transfer,Da Nang,"18.467707,103.097483",31,F,2017-01-21,active,0.52,0,0,0,auto_approved,0.3121,2022
00103aed-64e8-4487-b42d-063538b4b4f9,U001198,2022-11-06 18:39:20,18:39:20,411672.44,bill_payment,M00057,USD,success,pos,D002972,217.180.43.50,mobile_wallet,Singapore,"11.08589,102.144924",20,M,2017-01-03,under_review,0.68,0,0,0,auto_approved,0.2083,2022
3b585aa0-679f-49d2-bc1b-0fcfd6ff617e,U001198,2022-11-07 20:21:31,20:21:31,937842.54,cash_withdrawal,M00269,VND,success,mobile,D000079,100.189.228.177,debit_card,Singapore,"8.800132,104.627853",36,F,2016-05-03,active,0.49,0,0,0,auto_approved,0.0289,2022
e03aab19-fd38-4a2d-b050-380e6177cd78,U000377,2022-09-03 09:44:45,09:44:45,152434.81,transfer,M00268,VND,success,desktop,D001276,149.124.46.217,bank_transfer,Da Nang,"13.592452,104.718707",70,F,2020-10-22,active,0.57,0,0,0,auto_approved,0.1153,2022
f73e94cf-ce08-43f6-b742-5db47bf8b10b,U001196,2022-02-10 05:52:17,05:52:17,1769950.84,cash_withdrawal,M00289,VND,success,mobile,D002176,155.188.141.145,mobile_wallet,Singapore,"19.64879,103.216499",59,M,2015-08-21,active,0.76,0,0,0,auto_approved,0.0337,2022
3402c7b4-2bd9-4590-8505-1a35142a75e3,U001546,2022-06-16 14:06:21,14:06:21,520315.75,purchase,M00285,USD,success,pos,D001473,42.101.152.196,bank_transfer,Ho Chi Minh City,"16.437672,105.548308",26,M,2018-04-24,under_review,0.82,0,0,0,auto_approved,0.1106,2022
44018d54-3e29-4725-84e2-f54f6d719424,U001999,2022-02-12 20:11:02,20:11:02,286061.86,transfer,M00472,USD,success,atm,D001130,182.109.26.101,mobile_wallet,Singapore,"15.606477,107.120877",65,F,2015-05-05,active,0.69,0,0,0,auto_approved,0.1703,2022
74bb1474-faf8-46e6-acd0-5612daba7c30,U001671,2022-11-11 01:58:26,01:58:26,780968.55,cash_withdrawal,M00311,USD,failed,desktop,D002785,33.200.110.112,debit_card,Bangkok,"20.525538,105.844874",34,M,2020-12-16,active,0.56,0,0,0,auto_approved,0.1247,2022
76883ee4-fdbe-4614-9553-d981fb8425d5,U000461,2022-03-11 05:54:02,05:54:02,237950.72,bill_payment,M00118,VND,success,mobile,D001848,13.166.43.46,mobile_wallet,Kuala Lumpur,"17.349577,107.910218",46,F,2017-11-23,active,0.76,2,1,0,auto_approved,0.4698,2022
632d5a5e-9bf1-4082-9991-e987be8194f8,U000655,2022-12-24 21:29:22,21:29:22,296356.1,cash_withdrawal,M00004,VND,success,atm,D001695,18.233.30.16,debit_card,Da Nang,"13.224375,103.19993",49,F,2018-09-19,active,0.63,2,1,0,auto_approved,0.4519,2022
1d7eb563-43a5-449f-9944-480e256f5b8d,U000704,2022-02-10 12:52:22,12:52:22,105691.21,online_payment,M00351,USD,success,mobile,D001352,44.8.144.64,mobile_wallet,Singapore,"20.853151,103.04418",50,F,2013-12-30,active,0.93,0,0,0,auto_approved,0.0329,2022
0967ae29-fd04-410d-802c-e638ef685869,U000809,2022-04-21 15:14:28,15:14:28,705103.24,online_payment,M00176,VND,success,desktop,D002241,42.229.30.227,credit_card,Bangkok,"17.028874,104.767634",18,F,2021-11-05,under_review,0.97,0,0,0,auto_approved,0.0862,2022
b8e6cf3a-6c53-4c4c-9986-906c7afe7910,U001612,2022-02-25 21:07:38,21:07:38,2411311.36,purchase,M00293,USD,success,atm,D000334,169.220.208.145,bank_transfer,Singapore,"16.015665,102.72976",34,M,2016-07-31,active,0.55,0,0,0,auto_approved,0.2708,2022
631794a9-3169-4951-ac88-43c3938a40a4,U001740,2022-08-12 13:29:43,13:29:43,387161.14,online_payment,M00306,USD,success,mobile,D000878,161.27.203.117,bank_transfer,Bangkok,"9.327249,107.58399",32,M,2020-07-21,active,0.78,0,0,0,auto_approved,0.4144,2022
04b4fab2-873f-4186-b69e-49d2c779e874,U001821,2022-07-16 12:09:23,12:09:23,796137.11,purchase,M00022,VND,success,desktop,D002592,126.222.42.93,credit_card,Bangkok,"21.198453,103.029208",31,M,2015-01-05,active,0.54,0,0,0,auto_approved,0.0469,2022
83c2cd8e-5d3d-41de-80ed-0cc29b62a30d,U001249,2022-10-09 20:08:03,20:08:03,5121408.36,transfer,M00232,VND,success,mobile,D002832,51.58.17.104,credit_card,Hanoi,"13.413881,106.971417",42,F,2021-04-15,active,0.78,0,1,1,pending_review,0.2697,2022
9fac33aa-71b3-4d3e-a19b-cba2b4477d21,U000314,2022-11-29 03:25:08,03:25:08,909509.96,transfer,M00094,USD,success,desktop,D001527,215.115.15.52,credit_card,Da Nang,"11.303101,102.385289",37,M,2016-03-29,active,0.86,0,0,0,auto_approved,0.2505,2022
f6b7a8ee-6cd0-4107-98b5-b7517c2a72d9,U000162,2022-10-03 22:07:06,22:07:06,401684.7,purchase,M00202,VND,success,pos,D002835,149.108.112.128,credit_card,Singapore,"11.462375,102.442413",53,M,2019-05-15,active,0.6,0,0,0,auto_approved,0.2861,2022
9bdcb2dd-3980-423e-8292-f4bfd08066a8,U001417,2022-04-23 16:20:15,16:20:15,1602748.81,purchase,M00494,VND,success,desktop,D000559,139.21.243.143,debit_card,Kuala Lumpur,"11.836088,104.433894",59,M,2016-06-11,active,0.61,1,0,0,auto_approved,0.2156,2022
27ca855b-b126-41cb-abf7-97d680722e5c,U000551,2022-07-15 04:56:07,04:56:07,411458.41,bill_payment,M00068,VND,success,desktop,D002053,146.36.128.233,debit_card,Singapore,"21.26326,103.388",48,M,2020-05-06,active,0.66,0,0,0,auto_approved,0.2301,2022
5ac19981-99fe-4129-8953-a7d70812e98c,U000440,2022-06-22 16:59:59,16:59:59,134554.89,transfer,M00124,USD,success,pos,D000118,202.102.30.204,mobile_wallet,Bangkok,"8.296492,103.362538",60,M,2014-09-28,active,0.71,0,0,0,auto_approved,0.0856,2022
dc6eb873-c380-40c6-9ced-22847b9d8590,U001023,2022-05-31 11:15:08,11:15:08,146584.79,cash_withdrawal,M00470,USD,success,desktop,D002806,230.151.202.41,credit_card,Kuala Lumpur,"10.099071,104.459609",68,F,2022-04-04,active,0.49,0,0,0,auto_approved,0.3433,2022
7f2829d2-c24a-414f-8708-37315b25dfe2,U000461,2022-04-03 10:33:56,10:33:56,2728148.39,transfer,M00170,VND,success,mobile,D002790,186.106.195.113,credit_card,Singapore,"18.914173,102.695079",58,M,2016-09-04,active,0.91,0,0,0,auto_approved,0.2226,2022
128bf45a-b468-4cfe-97b8-5199d7bd2417,U000048,2022-08-04 16:12:01,16:12:01,2285154.37,transfer,M00419,VND,success,atm,D000467,169.117.46.206,bank_transfer,Kuala Lumpur,"17.169316,107.228612",61,M,2016-06-24,active,0.54,2,1,0,auto_approved,0.4843,2022
b886b65a-da6f-4dc4-b04b-e84d351fb2f2,U000691,2022-06-05 22:10:12,22:10:12,288677.31,bill_payment,M00373,VND,success,mobile,D002183,88.130.160.157,credit_card,Da Nang,"12.292758,106.722989",55,F,2017-08-06,active,0.65,0,0,0,auto_approved,0.0576,2022
3ee2c8e9-5edd-4635-bbea-598cee94a9b4,U001744,2022-05-04 19:17:02,19:17:02,192840.73,purchase,M00276,USD,success,mobile,D000365,129.207.183.79,mobile_wallet,Kuala Lumpur,"20.491451,107.18824",22,F,2017-06-11,active,0.45,0,0,0,auto_approved,0.0353,2022
3ca9d260-02e9-4c67-99bd-04e59d829326,U001837,2022-09-23 10:13:42,10:13:42,1326936.49,transfer,M00183,USD,success,pos,D002412,47.37.102.224,mobile_wallet,Bangkok,"12.974198,106.098605",37,M,2018-06-25,active,0.76,0,0,0,auto_approved,0.2654,2022
e907e686-7580-4c6a-9c11-0c03fe1c2790,U000031,2022-12-09 17:10:16,17:10:16,853061.01,online_payment,M00072,USD,success,mobile,D000136,235.129.252.249,mobile_wallet,Bangkok,"17.646478,105.563206",38,M,2021-07-26,active,0.52,0,0,0,auto_approved,0.0943,2022
616a4115-3e1d-4956-aeae-fcb8fc26927c,U000030,2022-12-27 06:30:08,06:30:08,1040541.78,bill_payment,M00456,VND,success,pos,D001281,230.229.230.98,debit_card,Singapore,"17.84618,108.378783",38,M,2020-06-15,active,0.68,0,0,0,auto_approved,0.1509,2022
6628c580-6070-4458-9224-53111d03728a,U000417,2022-08-12 06:18:53,06:18:53,1484300.88,purchase,M00061,USD,success,atm,D000299,253.146.172.101,mobile_wallet,Singapore,"13.059027,108.805021",26,M,2016-09-23,blocked,0.67,0,0,0,auto_approved,0.3555,2022
2cbab764-0ded-4cc4-a7c0-2eb21b966eab,U000700,2022-01-06 20:23:39,20:23:39,1657089.89,online_payment,M00473,USD,success,pos,D001130,247.45.123.208,debit_card,Da Nang,"16.455949,107.525432",48,F,2019-12-17,active,0.65,0,0,0,auto_approved,0.3221,2022
aaac5dbc-34d0-4365-aaaf-b8a4d72c1357,U000913,2022-03-15 02:20:39,02:20:39,316611.07,online_payment,M00150,USD,success,mobile,D000932,55.173.59.171,mobile_wallet,Singapore,"8.566618,103.628466",65,M,2016-04-29,active,0.75,0,0,0,auto_approved,0.279,2022
ac31ebc0-666f-48e1-8971-c88d2254e660,U000453,2022-09-23 08:31:06,08:31:06,1520325.31,online_payment,M00084,VND,success,mobile,D002094,56.252.153.78,credit_card,Da Nang,"18.791464,103.764346",51,M,2015-04-12,active,0.54,0,0,0,auto_approved,0.0368,2022
495a6582-1b46-403e-b00f-65ab75204f83,U001986,2022-11-10 04:12:19,04:12:19,16934.9,online_payment,M00056,USD,success,mobile,D002201,249.241.162.60,bank_transfer,Bangkok,"20.82257,107.163143",58,F,2017-02-25,active,0.8,0,0,0,auto_approved,0.2429,2022
8213c215-ee87-4d3d-bba8-0df80170cc08,U000278,2022-04-18 05:37:15,05:37:15,141088.85,bill_payment,M00194,VND,success,atm,D000118,169.45.231.104,mobile_wallet,Da Nang,"17.490496,103.704181",35,M,2021-09-20,active,0.83,0,0,0,auto_approved,0.2784,2022
538f2aeb-dd99-4cc9-98a5-0fe836b2a85f,U000539,2022-02-20 03:31:39,03:31:39,10310.42,transfer,M00439,USD,success,pos,D000027,5.165.233.159,debit_card,Kuala Lumpur,"15.269075,108.843721",28,F,2015-10-17,under_review,0.49,2,1,0,auto_approved,0.618,2022
a2331119-8212-4c14-8e46-d8cbfac02207,U001618,2022-07-13 14:22:37,14:22:37,214406.56,online_payment,M00088,USD,success,desktop,D001783,121.91.241.252,bank_transfer,Kuala Lumpur,"12.483281,108.086011",67,M,2018-08-10,active,0.9,0,0,0,auto_approved,0.279,2022
95691f0f-e9f1-46c8-b899-2b5c19ac295c,U001058,2022-04-10 13:52:42,13:52:42,1737691.22,transfer,M00152,VND,failed,atm,D000054,171.241.113.230,credit_card,Singapore,"20.767055,103.107255",30,F,2015-12-04,active,0.86,0,0,0,auto_approved,0.407,2022
456407e8-5bd2-4c77-93ad-686ce49dad7d,U001573,2022-06-17 12:40:39,12:40:39,1064098.64,transfer,M00207,VND,success,pos,D001566,146.50.112.225,debit_card,Ho Chi Minh City,"12.055476,104.0158",21,F,2020-04-19,active,0.73,0,0,0,auto_approved,0.1962,2022
79041443-94e3-4f56-80c0-41ce7dd6f1c5,U000412,2022-03-25 12:04:56,12:04:56,832024.02,cash_withdrawal,M00121,VND,success,atm,D001488,234.193.247.17,mobile_wallet,Bangkok,"18.47929,108.738904",65,M,2015-01-17,active,0.9,0,0,0,auto_approved,0.2997,2022
35e7f700-7408-441b-8f94-d6dafb6cea9f,U001789,2022-04-16 15:05:10,15:05:10,345359.55,cash_withdrawal,M00293,USD,success,atm,D000270,45.121.238.234,bank_transfer,Kuala Lumpur,"15.885526,108.23597",54,M,2018-11-11,active,0.47,0,0,0,auto_approved,0.0635,2022
2a1c168d-2937-48b5-bb71-8055340f1da8,U001063,2022-04-10 18:19:12,18:19:12,102115.12,transfer,M00374,USD,success,pos,D000310,85.152.68.254,credit_card,Bangkok,"9.70072,102.992008",69,M,2016-04-13,active,0.71,0,0,0,auto_approved,0.1656,2022
c97c589a-390c-4d75-8078-15eba0736d0c,U000748,2022-01-24 07:54:16,07:54:16,109447.96,bill_payment,M00126,VND,success,mobile,D000980,105.190.37.73,debit_card,Hanoi,"17.940029,108.135554",68,M,2015-03-23,active,0.62,0,0,0,auto_approved,0.0614,2022
7ebc696f-f0ef-43dd-aac3-fc910ce020fb,U000194,2022-04-25 23:39:37,23:39:37,54671.59,online_payment,M00303,VND,success,pos,D001312,60.91.196.77,debit_card,Hanoi,"19.318066,104.006574",53,M,2016-01-12,active,0.64,1,0,0,auto_approved,0.4005,2022
bf024db4-08b3-4f3f-9cf3-fdf09b685e54,U001249,2022-07-19 11:00:50,11:00:50,1447599.75,transfer,M00493,USD,success,atm,D001812,133.110.131.77,debit_card,Kuala Lumpur,"10.009017,105.127678",40,M,2017-02-05,active,0.66,0,0,0,auto_approved,0.3067,2022
09ce7018-be94-464b-af43-224bcd90cc91,U001349,2022-01-29 10:23:18,10:23:18,1503772.7,purchase,M00007,VND,success,mobile,D002051,219.225.79.236,bank_transfer,Ho Chi Minh City,"21.734541,104.715341",19,F,2019-02-23,active,0.82,0,0,0,auto_approved,0.0515,2022
9e7ee9b4-0cc5-421f-bf1c-ed4bc45b5cd1,U000856,2022-07-20 13:30:06,13:30:06,30325.87,purchase,M00100,VND,success,pos,D002342,183.110.41.187,bank_transfer,Kuala Lumpur,"13.407643,106.222951",66,M,2020-08-16,active,0.87,0,0,0,auto_approved,0.2451,2022
4a0248da-3fe6-45d5-a69a-28113d36d1a0,U000657,2022-10-08 17:34:14,17:34:14,245019.7,purchase,M00220,USD,success,desktop,D002628,76.171.117.153,bank_transfer,Singapore,"18.369677,106.339844",25,M,2019-02-20,active,0.66,0,0,0,auto_approved,0.4339,2022
e9440656-cf2e-4911-931d-fbb3f06b027b,U001718,2022-08-30 01:56:56,01:56:56,2608114.12,bill_payment,M00113,USD,success,atm,D000785,110.90.103.62,credit_card,Bangkok,"8.104326,103.937516",24,M,2020-05-03,under_review,0.9,0,1,0,auto_approved,0.3179,2022
b1bec8f2-08a5-4fbd-a797-48bc63118a19,U001571,2022-08-04 05:50:47,05:50:47,751467.58,purchase,M00485,VND,success,pos,D001053,215.64.176.247,bank_transfer,Kuala Lumpur,"11.470677,104.935884",33,M,2017-12-31,active,0.93,0,0,0,auto_approved,0.2842,2022
5b5c626d-e77e-447b-bcbc-63263b6c9154,U001716,2022-10-04 12:34:32,12:34:32,78240.55,online_payment,M00275,USD,success,mobile,D002515,12.177.233.166,debit_card,Bangkok,"8.985079,104.293725",44,F,2020-03-20,active,0.98,0,0,0,auto_approved,0.3422,2022
9ae81d25-d04e-4f69-b7d1-32fb7db18e4c,U000940,2022-03-14 01:34:01,01:34:01,430207.3,transfer,M00038,VND,success,desktop,D000363,74.132.120.139,mobile_wallet,Kuala Lumpur,"16.589919,107.913162",61,M,2018-10-23,active,0.71,0,0,0,auto_approved,0.4492,2022
0718f9b2-2cdd-4eb6-a387-c2174b6e8213,U001493,2022-07-18 02:35:31,02:35:31,430203.43,transfer,M00267,USD,success,mobile,D002364,251.89.152.102,debit_card,Singapore,"14.500329,103.394667",28,F,2017-07-25,active,0.7,1,0,0,auto_approved,0.3765,2022
148aee2c-c445-4cff-8bee-43737cd465d0,U000622,2022-07-14 10:22:16,10:22:16,522087.84,transfer,M00131,VND,success,mobile,D001832,56.71.226.248,credit_card,Kuala Lumpur,"9.359556,106.732647",22,M,2018-01-30,active,0.98,0,0,0,auto_approved,0.2923,2022
af0d324f-d7a8-4a8d-91b8-2e42763b50b8,U001321,2022-01-31 17:51:26,17:51:26,434771.21,cash_withdrawal,M00328,USD,success,mobile,D001030,250.33.200.5,credit_card,Kuala Lumpur,"19.66736,108.86951",32,M,2020-11-09,active,0.85,0,0,0,auto_approved,0.3844,2022
1d838914-ed47-4d6f-89d1-9e90d53594d3,U001862,2022-04-09 11:36:18,11:36:18,315278.32,online_payment,M00465,USD,success,pos,D001509,6.67.239.176,debit_card,Da Nang,"21.000666,106.147385",50,F,2016-01-08,under_review,0.52,0,0,0,auto_approved,0.3536,2022
7ba5d4ba-d7a9-46ee-a1cc-17d183db7665,U000342,2022-11-16 10:14:18,10:14:18,685257.2,online_payment,M00364,VND,success,pos,D002554,52.181.135.233,credit_card,Kuala Lumpur,"21.908056,104.590595",33,F,2020-09-18,active,0.71,0,0,0,auto_approved,0.3477,2022
a84b75d7-e02b-4786-8992-9c1351a422f1,U000520,2022-03-22 18:00:47,18:00:47,95001.92,purchase,M00231,VND,success,pos,D000066,146.201.85.103,bank_transfer,Da Nang,"9.642232,102.33649",67,M,2019-09-24,active,0.89,0,0,0,auto_approved,0.2756,2022
ad690b5d-4203-40ce-a5cf-ab5406da95cd,U000733,2022-09-10 07:43:48,07:43:48,165822.52,purchase,M00004,VND,success,desktop,D002270,80.51.174.251,debit_card,Ho Chi Minh City,"10.453148,107.949205",51,M,2018-12-31,blocked,0.51,0,0,0,auto_approved,0.1446,2022
2550e240-6f1a-4d43-be63-073c41e0fda1,U000749,2022-02-25 21:49:45,21:49:45,3383460.38,cash_withdrawal,M00397,USD,success,atm,D002585,25.248.176.196,bank_transfer,Hanoi,"12.727577,102.561735",33,F,2014-05-21,active,0.96,0,1,0,auto_approved,0.5596,2022
d245d252-780d-40e9-8a03-f4c7e1fda7b9,U000339,2022-05-28 08:50:01,08:50:01,429552.89,cash_withdrawal,M00121,VND,success,desktop,D000564,90.17.106.227,mobile_wallet,Kuala Lumpur,"20.826364,105.553279",21,M,2019-05-24,active,0.82,0,0,0,auto_approved,0.2334,2022
2e0058d6-2cb5-48c5-9869-6e3e2b77b612,U000642,2022-09-14 15:26:21,15:26:21,158262.78,bill_payment,M00006,VND,failed,atm,D002562,222.170.150.110,credit_card,Singapore,"21.121939,106.428025",45,M,2018-02-05,active,0.88,0,0,0,auto_approved,0.1053,2022
e20efd06-73a6-44d4-9402-efbbc9b9c47f,U000505,2022-06-26 11:31:26,11:31:26,86620.49,transfer,M00187,USD,success,desktop,D001370,33.203.70.227,mobile_wallet,Ho Chi Minh City,"16.668261,105.995432",20,M,2017-03-10,active,0.9,2,1,0,auto_approved,0.2272,2022
612eebea-3828-4694-a670-80c9e90ac2f7,U000221,2022-06-28 02:22:54,02:22:54,1157818.34,bill_payment,M00449,USD,success,mobile,D001020,239.149.252.97,bank_transfer,Hanoi,"12.890276,104.737155",45,M,2019-04-28,active,0.64,0,0,0,auto_approved,0.1791,2022
9299f8dd-f0a7-4f0b-ad33-f258051dd8ec,U001575,2022-06-22 13:03:26,13:03:26,727210.08,bill_payment,M00165,VND,success,desktop,D000718,2.114.169.182,mobile_wallet,Da Nang,"15.694226,107.962997",28,M,2018-11-05,active,0.91,1,0,0,auto_approved,0.5453,2022
ed28ed52-7126-46d9-9d06-2d184123335c,U000470,2022-08-22 09:13:23,09:13:23,73465.59,cash_withdrawal,M00067,USD,success,desktop,D002915,173.215.168.216,mobile_wallet,Da Nang,"11.937185,105.409824",38,M,2018-10-18,active,0.46,0,0,0,auto_approved,0.3961,2022
312375fe-b998-47d6-a944-fb83bedf7693,U000043,2022-08-01 11:30:01,11:30:01,1709806.39,transfer,M00261,VND,success,atm,D002654,32.220.35.103,bank_transfer,Bangkok,"15.425916,104.676224",20,F,2022-06-02,active,0.93,0,0,0,auto_approved,0.0516,2022
c72fb3a2-fd5d-4e21-a78b-2153f06b7fa6,U000871,2022-07-20 17:53:55,17:53:55,154293.19,cash_withdrawal,M00164,VND,success,mobile,D001046,146.184.254.207,credit_card,Singapore,"13.601643,104.801132",27,F,2021-11-03,active,0.48,0,0,0,auto_approved,0.1511,2022
61d72266-a9c1-4465-9c96-fd13d492282b,U000961,2022-08-05 01:05:26,01:05:26,527874.27,purchase,M00424,VND,success,desktop,D002173,61.251.29.24,bank_transfer,Ho Chi Minh City,"12.968107,108.207299",61,F,2014-05-27,active,0.84,0,0,0,auto_approved,0.2049,2022
7b07b32d-2504-4a69-b2e7-da0116938114,U001939,2022-04-26 22:34:59,22:34:59,894238.69,transfer,M00009,USD,success,atm,D002366,38.60.189.88,bank_transfer,Hanoi,"19.912469,106.894118",35,F,2020-09-25,active,0.65,1,1,0,auto_approved,0.6946,2022
6b278862-240d-4813-baf5-046f3a106e3b,U001681,2022-10-28 16:40:40,16:40:40,548480.07,bill_payment,M00225,USD,success,mobile,D002032,57.102.2.189,credit_card,Da Nang,"9.627385,104.116539",42,F,2017-06-11,active,0.61,0,0,0,auto_approved,0.1658,2022
36bea406-40b3-49e7-9801-0b877719d0a2,U000134,2022-09-25 14:55:11,14:55:11,426237.28,online_payment,M00208,USD,success,atm,D002106,122.234.229.120,mobile_wallet,Ho Chi Minh City,"15.360436,108.139419",69,M,2016-11-27,active,0.85,0,0,0,auto_approved,0.2464,2022
f9a321fd-8f39-4e70-8161-89cce575ce44,U000668,2022-04-28 03:24:04,03:24:04,186235.33,purchase,M00431,USD,success,atm,D002079,12.16.81.39,debit_card,Ho Chi Minh City,"10.36463,108.368073",26,M,2020-02-21,active,0.92,0,0,0,auto_approved,0.164,2022
48de8a81-1eeb-40f9-b065-52099e370cc2,U000160,2022-06-23 23:25:12,23:25:12,110343.39,transfer,M00250,USD,success,desktop,D001699,27.249.100.253,mobile_wallet,Hanoi,"20.417607,104.007501",63,F,2020-01-01,active,0.79,1,0,0,auto_approved,0.589,2022
cd283e9d-d6b4-4fed-a68e-627f66ddab6d,U000399,2022-10-09 07:34:22,07:34:22,219573.68,transfer,M00335,USD,success,pos,D000961,235.248.166.199,credit_card,Singapore,"18.003992,103.022378",29,M,2017-06-06,active,0.72,0,0,0,auto_approved,0.1263,2022
a9f79cea-0fed-464b-ae7f-2c9996142b21,U000364,2022-11-12 13:49:28,13:49:28,1349731.78,purchase,M00026,VND,success,pos,D001577,241.127.146.85,debit_card,Bangkok,"20.681472,108.021434",67,F,2018-09-20,active,0.86,0,0,0,auto_approved,0.1904,2022
91cf943b-ebf0-4a86-8113-b7ce6a9dca5e,U001604,2022-12-29 20:53:08,20:53:08,25211.17,online_payment,M00185,USD,success,mobile,D002723,228.177.38.201,credit_card,Bangkok,"8.932437,102.705369",55,M,2016-07-03,active,0.58,0,0,0,auto_approved,0.3179,2022
e5df8f92-8cb3-4353-8ab5-5712c819f48c,U000484,2022-12-28 23:48:51,23:48:51,1095122.33,online_payment,M00115,VND,success,pos,D002690,252.161.134.162,debit_card,Bangkok,"8.464078,104.210941",28,M,2017-08-20,active,0.48,0,0,0,auto_approved,0.0408,2022
640a1691-b1d9-4c06-8f61-3cca6f96c739,U001278,2022-05-31 09:50:10,09:50:10,1044456.66,bill_payment,M00441,VND,success,desktop,D000597,38.223.138.104,bank_transfer,Hanoi,"12.638662,104.780875",53,F,2016-11-20,active,0.53,0,0,0,auto_approved,0.1614,2022
2169c9f1-e545-434f-b615-e5fac1f21aff,U001277,2022-07-23 06:45:03,06:45:03,247872.5,online_payment,M00490,USD,success,pos,D002597,144.195.48.252,bank_transfer,Da Nang,"10.90647,103.371269",22,F,2014-11-25,active,0.82,0,0,0,auto_approved,0.3676,2022
1e36575b-67cf-4ffd-b3ad-a7eae176bdab,U001972,2022-07-05 17:39:16,17:39:16,4750232.1,purchase,M00212,VND,success,pos,D001142,60.23.211.250,mobile_wallet,Da Nang,"15.049375,106.73974",30,F,2019-09-13,active,0.74,1,1,1,pending_review,0.7526,2022
ef7511fa-5e2b-46a7-8e20-c497de6efa87,U001310,2022-02-04 02:49:15,02:49:15,222108.96,cash_withdrawal,M00343,VND,success,desktop,D000854,53.3.133.171,credit_card,Singapore,"10.484121,105.793259",36,F,2017-01-10,active,0.46,0,0,0,auto_approved,0.2778,2022
285b4de2-e710-4664-80a9-271cd9f411c3,U000425,2022-10-16 21:22:05,21:22:05,243752.89,online_payment,M00494,VND,success,desktop,D002620,133.254.230.157,bank_transfer,Bangkok,"17.458303,104.320519",42,F,2020-03-22,active,0.88,0,0,0,auto_approved,0.0871,2022
316dde89-3f24-438b-a8a9-87a8b5bf953d,U000523,2022-05-19 20:02:27,20:02:27,108866.25,transfer,M00060,VND,success,pos,D000911,118.80.143.103,debit_card,Hanoi,"12.204922,102.700314",32,F,2016-07-28,active,0.8,0,0,0,auto_approved,0.0216,2022
2ebbb45f-3c81-438c-bc76-f206580410e9,U000486,2022-06-17 13:16:31,13:16:31,112537.35,purchase,M00148,USD,success,mobile,D002767,157.152.75.116,mobile_wallet,Hanoi,"8.877824,107.638583",20,M,2016-09-02,under_review,0.73,0,0,0,auto_approved,0.3098,2022
8c75a962-67bc-4b17-a9c3-c266d487b035,U000858,2022-06-12 03:20:24,03:20:24,642198.16,cash_withdrawal,M00175,VND,success,desktop,D001607,54.39.130.185,debit_card,Bangkok,"18.289999,104.087853",32,F,2019-04-17,active,0.79,0,0,0,auto_approved,0.2585,2022
1fdff82f-9050-4a9c-a7fd-f9c3df019c28,U000693,2022-09-15 03:41:36,03:41:36,252516.47,transfer,M00205,USD,success,mobile,D001381,51.144.54.11,debit_card,Hanoi,"18.726612,105.695855",57,M,2021-12-01,active,0.61,0,0,0,auto_approved,0.2161,2022
7010c8d8-3f89-46c5-ac1b-809e91e9d3cf,U001449,2022-01-12 01:12:00,01:12:00,133307.35,online_payment,M00363,USD,success,pos,D002370,184.84.60.244,credit_card,Hanoi,"11.70711,107.906204",70,M,2018-10-31,active,0.94,0,0,0,auto_approved,0.1271,2022
04f7ccf4-1966-4eae-ab2d-2464c97cb25d,U000117,2022-03-14 08:21:19,08:21:19,297266.02,cash_withdrawal,M00176,VND,success,atm,D001049,111.150.11.220,bank_transfer,Kuala Lumpur,"9.573859,108.531762",32,F,2018-11-16,active,0.84,0,0,0,auto_approved,0.0349,2022
228a2c23-47fd-46dc-aa3a-b3506ddcbbff,U000790,2022-05-16 19:01:36,19:01:36,439875.81,transfer,M00031,VND,success,atm,D001893,95.98.147.57,mobile_wallet,Ho Chi Minh City,"18.601996,103.604486",22,F,2019-03-20,active,0.72,0,0,0,auto_approved,0.3633,2022
7b0278c5-dc52-494b-a62a-9b9123696ea3,U001374,2022-08-10 11:04:20,11:04:20,183138.29,cash_withdrawal,M00224,VND,failed,mobile,D001519,114.240.147.143,bank_transfer,Bangkok,"10.688924,104.379848",30,F,2019-05-15,active,0.87,0,0,0,auto_approved,0.072,2022
115ae70a-2f27-4382-9227-59a7bbdf6f72,U000980,2022-10-25 00:07:31,00:07:31,969698.76,cash_withdrawal,M00500,VND,success,desktop,D000117,165.159.177.82,bank_transfer,Da Nang,"13.542916,106.910134",35,F,2016-11-20,active,0.72,0,0,0,auto_approved,0.0233,2022
2d16d2ab-4be1-4d69-b1d9-2365dd3f574a,U001704,2022-05-15 23:47:21,23:47:21,1216920.13,cash_withdrawal,M00169,VND,success,desktop,D001745,116.246.233.28,mobile_wallet,Ho Chi Minh City,"16.953541,106.477161",21,M,2020-01-02,active,0.51,0,0,0,auto_approved,0.0829,2022
736b5905-beb7-40a4-99c3-db542d1b028f,U000774,2022-08-08 11:01:39,11:01:39,154885.02,cash_withdrawal,M00309,USD,success,mobile,D002469,100.225.80.68,bank_transfer,Kuala Lumpur,"15.796491,103.07573",40,M,2020-03-12,active,0.54,0,0,0,auto_approved,0.2597,2022
7d8ebdac-cdc7-4e25-a4ea-7db6b985381d,U001788,2022-09-24 14:51:55,14:51:55,198859.55,cash_withdrawal,M00492,VND,success,pos,D002456,49.188.234.141,mobile_wallet,Kuala Lumpur,"8.137812,108.508243",61,F,2018-05-20,active,0.88,0,0,0,auto_approved,0.1016,2022
89c1dcd7-0446-4f15-b403-455e0b0a24ff,U001048,2022-11-08 16:20:55,16:20:55,615124.61,online_payment,M00113,VND,success,pos,D002123,15.202.215.27,debit_card,Ho Chi Minh City,"15.403625,105.529736",41,M,2015-10-05,active,0.58,0,0,0,auto_approved,0.4309,2022
86a516fc-a2b4-4930-857a-d863205a2a2c,U000648,2022-07-30 03:50:16,03:50:16,1514908.83,cash_withdrawal,M00443,VND,success,atm,D000070,76.195.142.179,bank_transfer,Hanoi,"9.602852,106.54614",18,M,2018-09-07,active,0.73,0,1,0,auto_approved,0.4514,2022
9609d8f7-558d-48ec-8c25-3a9d0da136d1,U000210,2022-09-17 16:46:58,16:46:58,13168.4,cash_withdrawal,M00453,USD,success,atm,D000610,7.249.32.121,bank_transfer,Singapore,"10.699928,107.207505",51,M,2020-12-03,active,0.67,0,0,0,auto_approved,0.1339,2022
981479f4-646a-409c-9dc5-7f836ff0c4a9,U000975,2022-11-10 20:39:12,20:39:12,16829.36,transfer,M00020,USD,success,atm,D000884,199.239.82.242,debit_card,Da Nang,"18.467638,102.61069",36,M,2016-07-11,active,0.75,0,0,0,auto_approved,0.1304,2022
5ccfc41d-c5ff-42fc-a89c-f57d0ecb0130,U001814,2022-04-29 07:35:32,07:35:32,1716912.27,bill_payment,M00182,USD,success,desktop,D000270,160.59.30.5,credit_card,Bangkok,"14.046305,102.333901",41,F,2018-12-25,active,0.48,0,1,0,auto_approved,0.2238,2022
56b30f5e-bb35-4de6-8d27-d6b242a56bf0,U001202,2022-04-10 01:32:30,01:32:30,1464642.81,purchase,M00072,USD,success,desktop,D001313,97.231.162.182,debit_card,Hanoi,"17.024534,102.445433",20,F,2014-10-17,active,0.96,1,0,0,auto_approved,0.1065,2022
548035b8-8616-4068-bd3d-26e6f5aaae5e,U001666,2022-08-20 23:08:35,23:08:35,53375.96,purchase,M00029,USD,success,pos,D000693,153.100.216.64,debit_card,Bangkok,"16.819382,103.731407",54,M,2018-08-09,active,0.62,3,1,0,auto_approved,0.4565,2022
47c91da3-4de4-4570-8921-a25f1faee334,U001496,2022-10-05 05:00:15,05:00:15,30161.71,online_payment,M00061,USD,success,mobile,D002661,123.173.188.28,debit_card,Da Nang,"20.330524,108.911337",60,M,2018-12-04,active,0.72,0,0,0,auto_approved,0.3175,2022
f8caee55-d185-4fa9-a2fa-21410b94cbac,U000285,2022-12-14 12:04:59,12:04:59,608958.52,transfer,M00395,USD,success,pos,D002296,67.104.249.30,bank_transfer,Bangkok,"10.986231,107.049386",49,F,2017-07-06,active,0.72,2,1,0,auto_approved,0.2271,2022
fd6b2676-9f0c-4a7e-97dc-57b6f58f4ab6,U001449,2022-05-10 11:25:05,11:25:05,196647.18,bill_payment,M00429,VND,success,atm,D001438,212.6.207.108,bank_transfer,Kuala Lumpur,"16.870244,102.234528",44,F,2018-05-03,active,0.88,0,0,0,auto_approved,0.0623,2022
4dd09238-ab43-41ee-bdf6-d43957a66aa0,U001930,2022-02-16 13:58:14,13:58:14,103744.95,transfer,M00011,USD,success,pos,D002120,216.209.27.155,credit_card,Ho Chi Minh City,"16.939311,108.827314",42,F,2017-12-26,active,0.85,2,1,0,auto_approved,0.2245,2022
2590d7d2-6125-43d3-8284-799d262438ac,U001568,2022-03-13 21:09:07,21:09:07,863253.08,bill_payment,M00221,USD,success,pos,D002478,95.238.203.179,credit_card,Ho Chi Minh City,"17.627832,104.097432",42,F,2018-05-03,active,0.72,0,0,0,auto_approved,0.2144,2022
9d1e43df-f517-4352-b9b9-76f33c8841d3,U001096,2022-07-07 19:31:09,19:31:09,284566.95,cash_withdrawal,M00120,USD,success,mobile,D000738,37.163.45.112,mobile_wallet,Ho Chi Minh City,"19.555126,103.028949",61,M,2018-07-22,active,0.76,0,0,0,auto_approved,0.2655,2022
3b31ab3d-0b70-4224-a3b7-d545e8799767,U000971,2022-07-11 06:47:02,06:47:02,848538.48,purchase,M00202,VND,success,desktop,D001873,207.178.232.8,credit_card,Kuala Lumpur,"11.908848,102.207163",60,F,2014-10-28,active,0.92,1,0,0,auto_approved,0.4137,2022
506cc8a4-7532-4d8c-858b-8589319a6664,U000128,2022-03-31 03:49:43,03:49:43,155451.55,transfer,M00187,VND,success,pos,D001950,80.184.243.32,credit_card,Da Nang,"11.13001,103.629209",26,F,2017-04-21,under_review,0.57,0,0,0,auto_approved,0.2606,2022
5282986c-ca2b-48f2-961f-b5f31cdbbed1,U001849,2022-03-23 20:43:46,20:43:46,449056.8,cash_withdrawal,M00188,USD,success,desktop,D002544,100.35.243.53,mobile_wallet,Kuala Lumpur,"16.799977,102.649412",40,M,2018-01-27,active,0.71,0,0,0,auto_approved,0.1794,2022
82e864a4-da96-45a8-83d1-bc3d5ba1d1ac,U001345,2022-08-19 06:17:13,06:17:13,1923037.24,online_payment,M00177,VND,success,atm,D000486,111.127.147.34,mobile_wallet,Ho Chi Minh City,"12.553519,102.537349",28,M,2018-07-04,active,0.72,0,0,0,auto_approved,0.0336,2022
ac9b00a9-8d41-4af1-bb99-92f719f95d3b,U000155,2022-03-16 20:58:14,20:58:14,2056867.52,purchase,M00421,VND,success,atm,D000068,184.145.237.229,mobile_wallet,Singapore,"12.737953,102.442372",24,M,2015-12-08,active,0.49,1,0,0,auto_approved,0.1354,2022
eb8a1c57-f637-4d6e-b681-621ee4ffe798,U000228,2022-09-17 03:56:47,03:56:47,141434.4,bill_payment,M00358,USD,success,pos,D001493,171.170.191.23,mobile_wallet,Kuala Lumpur,"11.561705,102.776237",23,F,2021-07-16,active,0.58,0,0,0,auto_approved,0.0782,2022
6492628f-39f0-4432-9dcc-9afd1b5b74fe,U000825,2022-04-29 17:42:26,17:42:26,100168.14,cash_withdrawal,M00428,VND,success,pos,D001178,50.9.82.199,debit_card,Bangkok,"9.19107,102.899222",31,F,2018-10-08,active,0.88,0,0,0,auto_approved,0.2756,2022
572a64c1-507f-4c64-ace4-6b6a09a18b68,U000367,2022-09-17 20:52:39,20:52:39,240120.55,purchase,M00444,USD,success,mobile,D000678,216.52.42.243,mobile_wallet,Bangkok,"21.732894,103.809942",48,M,2021-08-24,active,0.6,0,0,0,auto_approved,0.3304,2022
ebb4413e-6787-492b-a1d6-7999812da656,U000980,2022-06-03 03:17:55,03:17:55,121380.95,online_payment,M00359,VND,success,mobile,D002690,194.91.151.189,bank_transfer,Hanoi,"19.247608,105.364248",27,M,2021-07-16,active,0.56,1,0,0,auto_approved,0.1663,2022
d6cd370f-203b-4da3-8116-b0a1c3bcb5dd,U000334,2022-06-09 00:42:00,00:42:00,374676.1,online_payment,M00099,VND,failed,pos,D002055,75.214.23.142,bank_transfer,Hanoi,"19.240548,104.26331",67,M,2018-06-30,active,0.78,0,0,0,auto_approved,0.0927,2022
48e701ff-8c82-426f-b6bc-f9912aeafb62,U000049,2022-02-20 11:46:16,11:46:16,159340.86,cash_withdrawal,M00374,VND,success,desktop,D002708,93.111.211.131,debit_card,Bangkok,"10.357974,108.746648",20,M,2021-08-17,active,0.54,1,1,1,pending_review,0.8417,2022
fc535802-424c-4a62-81ea-d5ec53e544b7,U000001,2022-03-24 08:57:14,08:57:14,998433.97,transfer,M00408,VND,success,mobile,D000459,66.187.109.132,mobile_wallet,Singapore,"9.588302,106.950128",23,M,2021-01-12,active,0.73,0,0,0,auto_approved,0.2905,2022
9144a0f8-6f25-44c3-96b1-0f5b5fcfa28b,U001665,2022-10-19 19:27:10,19:27:10,230723.09,online_payment,M00409,VND,success,pos,D000238,251.191.95.147,credit_card,Hanoi,"14.883926,103.809944",36,F,2017-04-23,active,0.68,0,0,0,auto_approved,0.1983,2022
17f1ddb3-860e-4099-be76-83681768f080,U000541,2022-06-08 15:39:13,15:39:13,765765.61,bill_payment,M00089,USD,success,atm,D002600,214.180.74.117,bank_transfer,Singapore,"11.755511,103.417269",60,F,2015-11-17,active,0.9,0,1,1,pending_review,0.2609,2022
73a875ec-6d50-4912-8077-0b6c193bdf97,U000096,2022-09-22 20:30:52,20:30:52,586636.03,cash_withdrawal,M00045,USD,success,mobile,D001980,50.93.221.88,mobile_wallet,Singapore,"12.128424,104.969895",22,F,2020-03-12,active,0.99,0,0,0,auto_approved,0.1204,2022
fbe3b8a7-98ba-4fad-949d-fcf79327186c,U000238,2022-07-30 15:34:26,15:34:26,3041024.87,bill_payment,M00428,USD,success,desktop,D000398,110.180.178.227,debit_card,Singapore,"10.072173,103.938994",56,M,2016-12-15,active,0.65,0,1,0,auto_approved,0.4505,2022
8e598ff2-a13c-419a-90df-3a81b23379c0,U000579,2022-11-28 19:55:08,19:55:08,558486.43,purchase,M00137,USD,success,mobile,D002232,232.104.40.239,mobile_wallet,Singapore,"18.630108,104.905785",31,M,2020-03-07,active,0.46,0,0,0,auto_approved,0.3457,2022
545ca588-ee4f-42c2-a00d-2948bac693fc,U000803,2022-11-05 05:44:43,05:44:43,308221.26,cash_withdrawal,M00228,VND,success,desktop,D000192,101.92.12.66,bank_transfer,Singapore,"12.902474,105.930597",34,M,2020-09-21,active,0.55,0,0,0,auto_approved,0.1023,2022
88c083ee-0a69-4dc5-9885-e5e1189496c3,U000553,2022-06-14 18:05:58,18:05:58,314767.54,bill_payment,M00299,USD,success,atm,D002484,131.105.232.54,bank_transfer,Da Nang,"20.839287,106.938235",19,F,2021-02-05,active,0.47,0,0,0,auto_approved,0.1655,2022
87f366db-2837-4be3-83e4-bc0d99fde4a5,U001562,2022-12-09 02:25:25,02:25:25,128900.3,bill_payment,M00356,USD,success,pos,D000474,100.216.195.86,credit_card,Da Nang,"15.90688,108.998335",65,M,2018-04-05,active,0.64,0,0,0,auto_approved,0.3651,2022
28553846-9466-4de4-abdd-ab246b4b7328,U001566,2022-10-14 21:54:38,21:54:38,1863500.57,bill_payment,M00331,VND,success,mobile,D000134,184.52.4.85,mobile_wallet,Bangkok,"8.204357,105.326504",46,M,2020-11-29,active,0.76,0,0,0,auto_approved,0.4243,2022
a6d39faf-282e-4c04-b357-3268fc296e5f,U001709,2022-05-08 11:49:16,11:49:16,44371.7,purchase,M00469,VND,success,mobile,D001943,218.65.92.228,debit_card,Ho Chi Minh City,"20.671551,103.363524",54,F,2019-01-05,active,0.53,0,0,0,auto_approved,0.0953,2022
e65c8787-ee8c-4f99-8b65-e50b67c1ce18,U001738,2022-08-26 16:07:33,16:07:33,168238.07,transfer,M00408,VND,success,pos,D002864,224.156.182.205,bank_transfer,Singapore,"11.1518,102.371434",62,F,2015-01-25,active,0.56,0,0,0,auto_approved,0.0506,2022
aa7b57d3-83ed-4ad5-b930-304a1aae8a8e,U001546,2022-12-13 07:52:22,07:52:22,641864.39,cash_withdrawal,M00214,USD,success,pos,D002672,252.62.212.13,credit_card,Hanoi,"10.910151,102.621739",28,M,2022-08-02,active,0.69,0,0,0,auto_approved,0.0957,2022
f3bb91e7-b3f1-4af9-858c-4d49f8b4b519,U001279,2022-09-12 00:00:26,00:00:26,557665.77,bill_payment,M00041,VND,success,desktop,D000233,115.123.183.180,debit_card,Kuala Lumpur,"15.181659,104.702595",18,M,2016-01-02,active,0.81,0,0,0,auto_approved,0.2754,2022
b1e89d94-b76b-454f-b7c9-28b1bf707388,U001982,2022-01-31 15:01:23,15:01:23,300755.83,cash_withdrawal,M00248,VND,success,desktop,D002548,182.251.40.241,mobile_wallet,Da Nang,"20.539071,102.964454",60,F,2018-11-28,active,0.8,0,0,0,auto_approved,0.1005,2022
d59ca61e-ae47-49b0-a200-bce7c0219ce0,U001285,2022-10-13 11:12:18,11:12:18,763308.02,online_payment,M00320,VND,success,atm,D001712,106.39.19.192,credit_card,Kuala Lumpur,"12.401691,102.449192",48,M,2018-05-16,active,0.7,0,0,0,auto_approved,0.0484,2022
22e30e0e-313b-4f61-8aec-f663736fc94f,U000261,2022-12-01 10:48:23,10:48:23,737563.03,transfer,M00373,USD,success,desktop,D002275,60.105.89.115,debit_card,Ho Chi Minh City,"10.129707,103.578388",58,F,2019-12-22,active,0.67,0,0,0,auto_approved,0.1005,2022
628a3be5-73ac-4f3c-9031-c90d401db16a,U001732,2022-11-25 12:12:38,12:12:38,525197.97,online_payment,M00230,VND,success,atm,D001293,252.226.178.34,debit_card,Da Nang,"20.493947,104.73182",27,F,2019-02-13,active,0.9,0,0,0,auto_approved,0.3961,2022
0b6b7e48-d5a7-4561-aa66-a9633d8a39e8,U000710,2022-02-24 13:12:00,13:12:00,99660.45,online_payment,M00383,USD,success,pos,D002928,203.225.92.198,debit_card,Singapore,"12.302719,105.196541",24,M,2014-08-11,active,0.54,0,0,0,auto_approved,0.3054,2022
723b88cc-1dfb-40af-9a25-928a00c19378,U001669,2022-05-09 04:14:22,04:14:22,469823.7,transfer,M00319,VND,success,mobile,D001403,154.143.71.119,bank_transfer,Singapore,"20.960947,108.784383",41,M,2021-04-02,active,0.76,0,0,0,auto_approved,0.1376,2022
59d9261d-7671-4d9c-864b-193214bea6b6,U001429,2022-01-28 08:15:23,08:15:23,90968.31,cash_withdrawal,M00445,VND,pending,pos,D000966,187.72.123.164,mobile_wallet,Da Nang,"14.143179,108.28088",20,F,2021-05-24,active,0.76,0,0,0,auto_approved,0.3984,2022
205b35c8-e662-4053-8a12-86008623df83,U001536,2022-04-18 09:07:09,09:07:09,1530359.52,purchase,M00440,USD,success,mobile,D002938,241.53.130.161,mobile_wallet,Da Nang,"17.31668,106.035507",31,F,2018-05-09,active,0.7,0,0,0,auto_approved,0.198,2022
f1f168c3-d8c9-4211-be55-81d9469a47b0,U001701,2022-10-25 14:53:46,14:53:46,812937.37,cash_withdrawal,M00286,VND,success,atm,D000543,138.235.193.51,debit_card,Bangkok,"19.841061,102.41739",40,F,2016-12-26,active,0.7,0,1,1,pending_review,0.4081,2022
fc1f8fbc-3c89-4521-9207-c787ad72b4e0,U001367,2022-03-12 12:03:44,12:03:44,296104.59,cash_withdrawal,M00328,VND,success,desktop,D001892,60.237.230.226,credit_card,Kuala Lumpur,"20.806782,105.436875",32,M,2017-01-15,active,0.83,1,0,0,auto_approved,0.5449,2022
5d3b517f-659c-4b40-867d-29c7a2c50d79,U001617,2022-06-22 03:43:00,03:43:00,1127632.29,cash_withdrawal,M00013,VND,success,pos,D001361,159.68.255.228,credit_card,Bangkok,"8.54352,106.425469",62,M,2021-12-29,active,0.81,0,0,0,auto_approved,0.0915,2022
61d83be3-a612-48c4-af5e-63ced8da3f2d,U001303,2022-07-12 20:55:05,20:55:05,996458.87,cash_withdrawal,M00492,USD,success,pos,D001599,227.4.129.222,bank_transfer,Ho Chi Minh City,"17.803545,106.830086",70,F,2021-02-15,active,0.85,0,0,0,auto_approved,0.0655,2022
4224a8d6-93c9-4cbd-8512-214a72ee2831,U001462,2022-04-01 02:21:00,02:21:00,432996.01,cash_withdrawal,M00194,VND,success,mobile,D000553,198.174.93.4,mobile_wallet,Kuala Lumpur,"20.682749,104.333863",27,F,2017-07-25,active,0.51,0,0,0,auto_approved,0.1945,2022
6323bd44-22ce-431b-b021-c718d497fd97,U000916,2022-04-05 11:04:11,11:04:11,909087.06,bill_payment,M00386,VND,success,atm,D002519,123.63.218.40,credit_card,Hanoi,"20.009444,103.008244",19,M,2014-07-04,active,0.53,0,0,0,auto_approved,0.0642,2022
0e6d164a-ecaa-43ed-9c98-3dac79f7bcc9,U001528,2022-02-08 22:22:46,22:22:46,3959.15,bill_payment,M00346,USD,failed,mobile,D002848,115.199.95.237,debit_card,Hanoi,"20.983234,107.203096",59,M,2018-09-16,active,0.66,1,0,0,auto_approved,0.3922,2022
32479154-00ed-49df-a977-e418ec3d41b9,U000234,2022-07-07 06:47:50,06:47:50,187460.27,transfer,M00442,USD,success,pos,D002063,51.129.225.90,credit_card,Kuala Lumpur,"9.470154,102.34041",56,M,2015-05-17,active,0.69,0,0,0,auto_approved,0.2075,2022
53790d5c-ab8d-4aff-b704-50c26b37b924,U001103,2022-07-21 12:37:01,12:37:01,95298.39,cash_withdrawal,M00364,USD,pending,mobile,D002504,242.166.238.126,mobile_wallet,Hanoi,"21.673715,107.921303",38,F,2015-07-03,active,0.74,0,0,0,auto_approved,0.1023,2022
b2a2c696-f823-4e79-a523-0ef98c47501a,U000809,2022-03-30 06:48:05,06:48:05,691998.92,cash_withdrawal,M00033,VND,success,desktop,D000479,51.92.208.176,bank_transfer,Hanoi,"13.343088,108.28997",44,F,2017-12-15,active,0.78,0,0,0,auto_approved,0.2103,2022
463855de-c3ec-42e8-8be8-821bce7606bf,U001401,2022-06-24 06:50:29,06:50:29,305829.34,online_payment,M00018,VND,success,mobile,D001782,152.23.81.91,mobile_wallet,Kuala Lumpur,"15.794712,104.327415",65,F,2021-08-15,under_review,0.45,0,0,0,auto_approved,0.2188,2022
b1c2b4ba-3ed9-4417-9b91-f6533ded724d,U000627,2022-11-23 06:38:44,06:38:44,2302538.46,bill_payment,M00031,VND,success,pos,D002238,113.161.51.251,credit_card,Kuala Lumpur,"19.962194,106.81368",68,F,2018-02-27,active,0.46,0,0,0,auto_approved,0.4319,2022
e4342766-ed54-48dd-9dce-e724fbbd9c5d,U001534,2022-11-29 13:51:57,13:51:57,290372.3,bill_payment,M00433,VND,success,desktop,D002731,174.35.211.56,mobile_wallet,Bangkok,"8.758887,106.518368",43,F,2016-05-28,active,0.86,0,0,0,auto_approved,0.3816,2022
f9234d69-6f8d-42c2-ad3c-511e8d246f99,U000526,2022-01-09 04:35:47,04:35:47,1862469.85,purchase,M00261,USD,success,atm,D002201,214.225.102.247,debit_card,Ho Chi Minh City,"18.978754,108.741854",70,M,2020-07-15,active,0.87,0,0,0,auto_approved,0.4275,2022
e58b5b0b-45a6-4e60-8fce-664e7c8342a8,U001133,2022-09-30 19:27:15,19:27:15,30940.84,purchase,M00130,VND,success,mobile,D001310,204.75.215.132,bank_transfer,Hanoi,"12.5905,103.807211",64,M,2020-02-15,active,0.98,0,1,1,pending_review,0.508,2022
c96fcc8e-d635-40ae-a790-967ec5be2c22,U000642,2022-06-15 10:44:09,10:44:09,174538.43,bill_payment,M00351,USD,success,pos,D002254,171.151.155.93,mobile_wallet,Hanoi,"13.666937,104.286559",22,F,2019-10-22,active,0.98,0,0,0,auto_approved,0.1411,2022
b23aa60f-59b1-47e6-bad1-b2c9d9d9cd4e,U000260,2022-03-23 14:34:44,14:34:44,782002.99,bill_payment,M00055,USD,success,desktop,D002292,168.171.141.47,bank_transfer,Kuala Lumpur,"15.888895,108.214738",19,M,2017-11-14,active,0.98,1,0,0,auto_approved,0.2497,2022
8111ac11-c1d5-432d-b8fe-6c9eeb3d05c4,U001985,2022-12-27 01:26:15,01:26:15,28335.98,bill_payment,M00384,VND,success,atm,D001291,48.31.74.121,debit_card,Singapore,"21.85226,104.622954",28,M,2018-12-12,active,0.74,0,0,0,auto_approved,0.3608,2022
3f3a1ca4-cc66-49c5-9c6f-4996a5687adb,U000813,2022-04-20 09:38:50,09:38:50,1087279.57,purchase,M00095,USD,success,desktop,D000095,213.127.66.215,mobile_wallet,Kuala Lumpur,"19.567027,104.417808",60,M,2018-03-05,active,0.81,0,0,0,auto_approved,0.1092,2022
92af87fa-86d1-4e93-b0c8-e0e4283c3671,U001220,2022-06-26 12:34:31,12:34:31,474667.74,bill_payment,M00161,USD,success,desktop,D002313,119.98.176.233,debit_card,Bangkok,"19.710995,102.652224",18,F,2020-08-05,active,0.74,1,0,0,auto_approved,0.2968,2022
0463096f-376c-4797-92b2-41ad7357973e,U001356,2022-12-20 13:00:40,13:00:40,206354.26,online_payment,M00392,VND,success,pos,D001298,98.18.159.60,debit_card,Singapore,"21.319585,107.627452",34,F,2017-12-28,active,0.69,0,1,0,auto_approved,0.4436,2022
b9bd536f-5a18-4524-8284-f349b70f4da5,U001102,2022-11-25 04:05:25,04:05:25,847349.51,bill_payment,M00141,USD,success,mobile,D000839,111.100.233.165,debit_card,Kuala Lumpur,"19.255854,107.183439",19,F,2021-12-15,active,0.5,1,0,0,auto_approved,0.1705,2022
2e119429-4e0b-4f30-915b-d4cd2582ce04,U000077,2022-03-16 09:50:43,09:50:43,4085469.7,purchase,M00054,USD,success,atm,D001790,89.77.96.255,bank_transfer,Da Nang,"17.633443,108.730157",67,M,2014-10-30,active,0.92,0,1,0,auto_approved,0.4839,2022
26ef95b4-b2ba-4e45-997d-3a858b68fbda,U001581,2022-06-05 02:47:27,02:47:27,140829.8,online_payment,M00218,VND,success,desktop,D000956,101.114.121.102,bank_transfer,Hanoi,"13.892678,107.252076",29,F,2016-01-09,active,0.57,0,0,0,auto_approved,0.2905,2022
b8959ca9-6331-4dc0-96ef-660a1200827c,U000762,2022-02-23 17:24:10,17:24:10,1014307.68,online_payment,M00363,VND,success,mobile,D001909,83.26.210.11,credit_card,Ho Chi Minh City,"21.586137,103.001076",59,M,2021-05-28,active,0.84,0,0,0,auto_approved,0.4026,2022
142ad125-4995-48d3-bace-11fc45ed783b,U001068,2022-10-28 23:42:45,23:42:45,215310.51,cash_withdrawal,M00456,USD,failed,atm,D002352,249.94.97.14,debit_card,Bangkok,"13.59811,108.926848",25,M,2022-09-17,active,0.91,0,0,0,auto_approved,0.1786,2022
dd7c0b0b-9c1b-45a7-8b43-3d590475c002,U000485,2022-02-27 23:28:56,23:28:56,79490.95,purchase,M00314,USD,success,mobile,D002510,75.29.228.215,mobile_wallet,Bangkok,"16.800526,103.357199",46,M,2018-02-28,active,0.57,0,0,0,auto_approved,0.1028,2022
1dbd1158-126c-4abb-a822-e084c729c039,U000544,2022-07-08 14:16:54,14:16:54,124443.13,purchase,M00286,USD,failed,mobile,D001969,220.235.192.67,debit_card,Da Nang,"16.145333,102.614622",61,F,2014-08-31,active,0.89,0,0,0,auto_approved,0.0354,2022
ec024690-c37a-4ee9-b860-51d4d0635813,U001260,2022-03-09 02:48:46,02:48:46,708593.5,purchase,M00247,VND,success,mobile,D002496,181.65.86.96,debit_card,Singapore,"20.171356,108.517768",42,M,2020-01-03,active,0.85,0,0,0,auto_approved,0.2418,2022
8fb80357-6511-4281-b613-d647aeb47b6b,U001723,2022-12-14 18:06:12,18:06:12,102512.43,transfer,M00208,VND,success,atm,D002348,3.28.207.94,credit_card,Da Nang,"16.585093,105.869649",62,F,2020-09-02,active,0.91,0,0,0,auto_approved,0.0254,2022
f8370496-2830-4f33-9b07-b27058a4b145,U000553,2022-07-31 07:27:27,07:27:27,595755.58,bill_payment,M00479,VND,success,desktop,D002501,12.161.86.147,mobile_wallet,Ho Chi Minh City,"11.417167,107.433085",70,F,2018-04-11,active,0.96,0,0,0,auto_approved,0.1,2022
43b6ea85-82b5-48f4-a200-f9bd8760bbba,U001145,2022-10-20 18:59:40,18:59:40,635606.13,bill_payment,M00099,VND,success,pos,D000262,204.224.142.183,mobile_wallet,Bangkok,"17.474738,108.891048",60,F,2020-06-26,active,0.72,0,0,0,auto_approved,0.1362,2022
cede0866-46cf-483e-ad52-0ed2ef7fa608,U001138,2022-03-18 23:58:51,23:58:51,532595.89,transfer,M00193,USD,success,mobile,D002939,8.6.219.150,bank_transfer,Ho Chi Minh City,"18.869847,108.116329",70,F,2017-02-12,active,0.57,2,1,1,pending_review,0.1603,2022
95a3848b-69d9-472e-bb29-79ae6b0f3614,U000063,2022-10-08 05:29:49,05:29:49,2863179.32,online_payment,M00112,VND,success,mobile,D001581,60.171.35.95,debit_card,Singapore,"10.687943,103.164344",69,M,2019-07-23,active,0.63,0,0,0,auto_approved,0.2217,2022
c7e2beeb-e7cd-444f-9876-024adc0a3dbf,U000431,2022-09-04 11:18:38,11:18:38,140558.13,bill_payment,M00248,USD,failed,pos,D002517,158.217.29.90,bank_transfer,Kuala Lumpur,"12.742937,106.051426",55,M,2015-03-25,active,0.74,1,0,0,auto_approved,0.1406,2022
495c24b9-6f8a-4506-9791-13354f0d0b87,U001973,2022-01-29 13:06:52,13:06:52,682883.89,online_payment,M00388,VND,success,mobile,D000737,104.189.21.53,mobile_wallet,Kuala Lumpur,"15.461553,107.716861",49,F,2021-08-19,active,0.7,0,0,0,auto_approved,0.377,2022
c9504272-2116-4960-aa8e-99f7353f06fe,U001652,2022-03-30 04:01:36,04:01:36,280877.79,purchase,M00024,USD,success,mobile,D002605,247.29.248.1,debit_card,Bangkok,"18.204361,106.754928",57,M,2020-10-26,active,0.94,0,0,0,auto_approved,0.0244,2022
7e074d79-fa5a-48f1-bee4-8722d0533448,U001814,2022-05-17 02:56:46,02:56:46,1108946.19,bill_payment,M00171,VND,success,pos,D000884,35.248.57.39,credit_card,Bangkok,"19.94281,102.553415",58,F,2019-10-01,active,0.74,0,0,0,auto_approved,0.2523,2022
4ea2142d-5e7f-45a8-a9e3-de3bd91420f1,U001533,2022-03-18 03:48:50,03:48:50,904541.47,purchase,M00367,VND,success,mobile,D002735,83.80.169.224,mobile_wallet,Ho Chi Minh City,"15.431906,108.71067",25,M,2018-01-02,active,0.7,0,0,0,auto_approved,0.375,2022
ee9bae98-29d8-4169-8113-d01c8c5be57f,U001034,2022-07-01 22:38:44,22:38:44,11801.53,bill_payment,M00025,VND,success,desktop,D000671,49.85.45.86,mobile_wallet,Hanoi,"21.134284,104.784874",52,F,2021-10-12,active,0.94,1,0,0,auto_approved,0.1219,2022
cdf819bb-7e8a-4c06-bada-95ed2abf613f,U001622,2022-02-03 15:32:21,15:32:21,113712.93,cash_withdrawal,M00150,VND,success,mobile,D000442,120.44.253.108,bank_transfer,Singapore,"21.11833,102.719896",65,F,2017-01-15,active,0.81,1,0,0,auto_approved,0.3416,2022
d7265edd-96b6-4fad-a8a5-76e8db0b7836,U000816,2022-07-01 15:52:30,15:52:30,106581.95,online_payment,M00298,VND,success,pos,D000738,19.229.74.47,credit_card,Hanoi,"15.254956,103.784349",40,M,2019-03-29,under_review,0.94,0,0,0,auto_approved,0.3703,2022
e81962e8-d6ec-4e50-8f6e-f265a209242e,U000286,2022-01-05 06:28:57,06:28:57,212889.36,bill_payment,M00291,USD,success,mobile,D001637,110.12.228.79,debit_card,Ho Chi Minh City,"9.356548,105.370871",28,M,2015-06-05,active,0.93,3,1,1,pending_review,0.3578,2022
dd7093a2-e7df-4dfa-b9ff-3d1fbb3993ae,U001119,2022-04-21 06:26:12,06:26:12,2406936.34,transfer,M00201,VND,success,desktop,D002699,187.245.237.195,debit_card,Bangkok,"19.735082,102.273067",64,M,2015-12-02,active,0.77,0,0,0,auto_approved,0.0596,2022
209e51e1-e9b8-4768-b510-5bbf888ebf4d,U000885,2022-06-30 06:37:15,06:37:15,1682553.57,purchase,M00113,USD,success,mobile,D002885,163.246.250.208,mobile_wallet,Kuala Lumpur,"20.969453,108.465628",49,F,2016-08-13,active,0.98,0,0,0,auto_approved,0.2817,2022
c3b569a4-459b-4de3-a3ff-799312acad4a,U000948,2022-09-18 21:33:35,21:33:35,652107.4,online_payment,M00374,USD,success,mobile,D000700,60.137.181.103,credit_card,Da Nang,"21.257711,103.988955",59,M,2019-08-09,active,0.71,2,1,0,auto_approved,0.2486,2022
d786ade1-ca61-4eaf-8bfe-1c1496d2a6ef,U001887,2022-08-03 04:21:50,04:21:50,34359.61,transfer,M00126,VND,success,mobile,D001829,36.2.23.41,mobile_wallet,Kuala Lumpur,"12.735273,103.612085",41,M,2015-09-04,active,0.92,0,0,0,auto_approved,0.3818,2022
3362d439-374c-4773-8f91-cd5de4f82926,U001362,2022-09-25 03:31:31,03:31:31,402419.52,transfer,M00224,USD,success,mobile,D002499,218.10.151.29,mobile_wallet,Hanoi,"19.089465,105.369776",46,F,2016-10-24,active,0.72,0,0,0,auto_approved,0.3261,2022
90c71918-851b-460a-9662-e6e42e8def41,U001976,2022-02-19 00:24:34,00:24:34,71703.49,online_payment,M00375,USD,failed,mobile,D000930,73.216.199.147,credit_card,Ho Chi Minh City,"21.721053,103.763024",59,M,2021-12-28,active,0.58,1,1,0,auto_approved,0.5956,2022
ba76c950-3c41-4a16-9af9-b3e050e9aa4d,U000098,2022-03-09 12:53:12,12:53:12,1669759.28,cash_withdrawal,M00224,USD,success,mobile,D001296,148.148.185.191,debit_card,Singapore,"17.110462,106.405744",67,M,2018-11-29,active,0.75,0,1,1,pending_review,0.411,2022
09b35eed-5920-4c4a-bc35-d3b01bed4069,U001119,2022-02-02 05:00:31,05:00:31,180685.26,purchase,M00122,VND,success,mobile,D001205,186.146.242.51,bank_transfer,Ho Chi Minh City,"10.669603,102.329247",28,F,2017-07-12,active,0.97,0,0,0,auto_approved,0.4102,2022
6d1810f7-25d1-4835-a616-9d1de0330fe6,U001535,2022-03-28 15:39:28,15:39:28,244125.25,bill_payment,M00483,VND,success,mobile,D002179,169.47.155.201,credit_card,Hanoi,"8.256031,102.835821",65,M,2015-06-02,active,0.56,0,0,0,auto_approved,0.0371,2022
9ccf83fa-1312-490a-ac5d-57f02bb54723,U001986,2022-08-03 12:28:39,12:28:39,126447.29,cash_withdrawal,M00174,USD,success,desktop,D001232,63.3.108.249,debit_card,Singapore,"12.065741,102.627572",22,M,2022-01-26,active,0.52,0,0,0,auto_approved,0.0716,2022
a4cc8dfc-156f-4fec-83d9-4fa786f328d3,U000018,2022-12-26 18:11:32,18:11:32,77167.64,cash_withdrawal,M00027,USD,success,mobile,D000975,126.100.253.140,bank_transfer,Da Nang,"15.735454,103.459531",63,M,2019-03-30,active,0.88,0,1,0,auto_approved,0.3409,2022
897f1926-ab7f-4b42-b3be-c666dd32e03d,U001138,2022-08-12 15:40:22,15:40:22,768135.92,online_payment,M00225,USD,failed,pos,D000922,43.234.176.75,mobile_wallet,Kuala Lumpur,"18.611247,103.859112",18,F,2016-06-17,active,0.52,0,0,0,auto_approved,0.3398,2022
db794c15-1266-40b5-856b-abcb38389c9a,U001113,2022-04-09 23:34:48,23:34:48,524535.99,purchase,M00352,USD,success,mobile,D002652,137.92.142.112,credit_card,Kuala Lumpur,"13.874382,103.408554",59,M,2017-11-12,active,0.57,0,0,0,auto_approved,0.3412,2022
921946b7-4cf2-46f8-9296-0ad3d587d056,U000525,2022-10-26 20:14:18,20:14:18,50303.62,transfer,M00050,VND,success,mobile,D001969,182.47.51.147,mobile_wallet,Kuala Lumpur,"13.424405,103.806442",36,F,2017-04-21,active,0.83,0,0,0,auto_approved,0.3954,2022
5ff3f10a-8cea-43ac-9d13-49ea5164b1ab,U000494,2022-09-11 02:06:10,02:06:10,1847686.75,transfer,M00392,USD,success,pos,D001478,76.73.7.224,credit_card,Singapore,"10.08427,105.330623",23,M,2018-04-08,active,0.57,0,0,0,auto_approved,0.2415,2022
c5fdf0df-10d2-4a3b-b0aa-a6d74817e7e7,U001335,2022-07-27 09:16:14,09:16:14,144989.01,transfer,M00469,VND,success,pos,D000785,28.253.197.54,bank_transfer,Singapore,"14.374713,104.212416",50,F,2020-03-08,active,0.75,0,0,0,auto_approved,0.2722,2022
67aabdb1-f95a-4f58-80f9-895954cec205,U000081,2022-11-01 06:16:14,06:16:14,646858.99,cash_withdrawal,M00082,USD,success,atm,D002861,30.134.238.53,mobile_wallet,Ho Chi Minh City,"19.015551,104.751616",43,F,2015-04-19,active,0.6,0,0,0,auto_approved,0.0111,2022
f329dbb9-a35d-4ba1-8fe6-80dec164ec4d,U001177,2022-09-23 19:24:13,19:24:13,13526.65,online_payment,M00173,USD,success,atm,D001055,108.62.120.143,credit_card,Ho Chi Minh City,"18.268429,103.755252",37,M,2020-06-02,active,0.48,1,0,0,auto_approved,0.3752,2022
5e782530-2690-49a3-8f1e-1ab4146f3165,U000587,2022-12-01 20:33:41,20:33:41,489652.38,bill_payment,M00176,VND,success,desktop,D000372,6.213.254.1,credit_card,Bangkok,"14.686511,104.996395",69,F,2016-12-15,active,0.53,0,0,0,auto_approved,0.3659,2022
47bb8179-cbe7-4e09-97e0-e9037d2c272f,U001284,2022-10-23 12:03:11,12:03:11,52863.38,purchase,M00112,USD,success,pos,D000832,81.152.27.60,mobile_wallet,Kuala Lumpur,"9.287096,102.557003",44,M,2022-07-11,active,0.59,1,0,0,auto_approved,0.4077,2022
3c619145-7404-4348-bcab-adb256fb5985,U000611,2022-02-16 04:32:14,04:32:14,257411.3,online_payment,M00138,USD,success,mobile,D002679,52.99.169.48,mobile_wallet,Singapore,"11.50637,103.042967",50,F,2017-02-14,active,0.9,0,1,0,auto_approved,0.3264,2022
a8251487-6161-4697-a1f7-3e96be08cb69,U000492,2022-10-16 02:40:48,02:40:48,238343.28,purchase,M00498,VND,success,pos,D001180,193.174.180.110,bank_transfer,Ho Chi Minh City,"19.805227,102.645694",27,M,2017-06-20,active,0.53,0,0,0,auto_approved,0.2138,2022
dc41c71b-d0d1-4b1e-a2e2-351c24759848,U000869,2022-02-25 22:07:12,22:07:12,1761282.59,cash_withdrawal,M00386,VND,success,pos,D002529,167.207.211.175,mobile_wallet,Ho Chi Minh City,"11.238646,106.732561",65,F,2015-02-20,under_review,0.82,0,0,0,auto_approved,0.3641,2022
069f2e70-1c11-4108-bde3-b0914bfd6c62,U000818,2022-08-14 15:38:30,15:38:30,1598048.13,bill_payment,M00059,VND,success,pos,D001113,70.85.8.30,bank_transfer,Bangkok,"18.491473,106.368215",64,M,2015-03-28,active,0.54,0,0,0,auto_approved,0.1157,2022
c0fed894-860e-42c2-86e1-47e325819aeb,U001610,2022-03-08 23:09:00,23:09:00,422447.26,transfer,M00393,VND,success,desktop,D001682,143.74.15.9,debit_card,Ho Chi Minh City,"18.886837,106.294323",25,F,2013-12-22,active,0.85,3,1,0,auto_approved,0.4778,2022
c2b847c8-8fc7-4c5d-bc40-03cb1d865910,U001190,2022-05-22 22:38:36,22:38:36,22801.41,transfer,M00495,USD,success,mobile,D002746,84.199.222.74,mobile_wallet,Singapore,"19.999928,107.294816",61,F,2022-04-05,active,0.6,0,0,0,auto_approved,0.2364,2022
9c73124a-518f-49d8-bd4e-ad5fda33e02e,U000948,2022-09-26 04:10:53,04:10:53,1284586.95,cash_withdrawal,M00121,VND,success,desktop,D002720,71.126.194.150,credit_card,Ho Chi Minh City,"10.453867,104.42391",36,M,2020-05-08,active,0.82,0,0,0,auto_approved,0.1461,2022
4428fa98-23f1-4151-89e6-d8657feb66ff,U001071,2022-08-17 09:05:16,09:05:16,2168973.62,online_payment,M00040,VND,success,atm,D002292,248.75.62.216,bank_transfer,Bangkok,"17.422289,107.144345",31,M,2022-06-01,active,0.78,0,0,0,auto_approved,0.4154,2022
10ad43c5-148a-478f-9fc7-7b87efafdd4f,U000993,2022-05-02 09:51:44,09:51:44,99930.52,cash_withdrawal,M00269,VND,success,mobile,D000737,179.230.37.69,debit_card,Kuala Lumpur,"16.65157,103.348133",26,M,2021-06-07,active,0.49,0,0,0,auto_approved,0.3794,2022
6661886e-7df5-413f-9ecc-9e5eac2df06d,U000394,2022-08-06 10:28:23,10:28:23,2109584.93,transfer,M00490,VND,failed,atm,D000876,133.253.54.246,mobile_wallet,Hanoi,"10.868417,103.989135",29,M,2016-08-04,under_review,0.77,0,0,0,auto_approved,0.4472,2022
e1571375-0025-498e-8fe5-79b02e31f3f4,U001997,2022-08-25 01:27:16,01:27:16,202947.03,cash_withdrawal,M00096,VND,success,mobile,D001821,155.158.29.90,credit_card,Kuala Lumpur,"20.694492,105.292587",49,M,2019-06-13,active,0.72,0,0,0,auto_approved,0.2963,2022
10b64802-b4f1-404c-9bc4-69fa4133cdbe,U000809,2022-12-25 00:53:27,00:53:27,1288399.76,online_payment,M00008,USD,success,atm,D002153,81.184.185.145,mobile_wallet,Hanoi,"20.8522,103.46601",42,M,2020-10-28,active,0.8,0,0,0,auto_approved,0.2346,2022
691553e9-93da-4770-b2d9-15db40096777,U001400,2022-03-25 15:28:00,15:28:00,769045.48,bill_payment,M00199,VND,success,atm,D000090,176.56.10.166,credit_card,Da Nang,"8.29376,102.792086",50,M,2020-01-13,active,0.67,0,0,0,auto_approved,0.0593,2022
56888a15-c366-4e71-8fef-6b8bc26e5888,U000229,2022-10-30 03:58:44,03:58:44,96741.81,bill_payment,M00208,USD,success,atm,D002393,154.147.224.160,debit_card,Singapore,"21.238669,106.630972",39,M,2020-04-20,active,0.93,0,0,0,auto_approved,0.3262,2022
5aec8b28-5dac-4540-bcfe-393c619cb4d3,U000254,2022-06-08 19:35:34,19:35:34,82641.36,cash_withdrawal,M00367,VND,failed,mobile,D001835,130.39.162.28,bank_transfer,Ho Chi Minh City,"8.280856,104.026731",39,M,2017-05-24,active,0.78,0,0,0,auto_approved,0.0568,2022
1f22eb21-c024-4faf-b7a6-9fba84295b9c,U001571,2022-05-26 07:00:38,07:00:38,245737.05,purchase,M00498,USD,success,mobile,D001640,211.26.41.45,credit_card,Da Nang,"14.158273,102.434191",52,F,2022-04-18,active,0.58,0,0,0,auto_approved,0.0641,2022
8433db8a-2d7a-4c54-a1bb-937795948d9e,U001582,2022-07-18 12:26:46,12:26:46,387461.16,online_payment,M00417,VND,success,mobile,D002101,103.23.253.137,credit_card,Singapore,"21.203912,102.871814",48,F,2015-11-09,active,0.95,0,0,0,auto_approved,0.3384,2022
1831cbda-acb2-47c3-acd5-38fa2c661e64,U001552,2022-01-22 02:41:24,02:41:24,2869192.13,transfer,M00187,USD,success,atm,D002813,253.40.83.213,credit_card,Hanoi,"15.183695,103.512716",25,F,2014-03-12,active,0.81,0,0,0,auto_approved,0.3428,2022
a41f0bbf-a8f0-4a20-8d70-77e27c8d0ea2,U000003,2022-02-11 03:22:16,03:22:16,792536.73,purchase,M00352,VND,pending,mobile,D002899,123.35.47.109,debit_card,Ho Chi Minh City,"18.216549,108.043557",70,F,2014-05-06,active,0.57,0,0,0,auto_approved,0.2703,2022
453b89be-91ca-4313-a00c-14c73887985c,U000624,2022-07-08 20:02:41,20:02:41,158832.47,cash_withdrawal,M00424,USD,success,atm,D000501,168.60.244.178,mobile_wallet,Da Nang,"18.754707,102.90023",45,F,2021-11-06,active,0.6,0,0,0,auto_approved,0.2225,2022
0c87c45d-b4b5-41ed-9829-9c7318586c7c,U000295,2022-07-03 13:13:37,13:13:37,732386.17,transfer,M00499,USD,success,mobile,D002288,168.40.189.245,mobile_wallet,Da Nang,"15.449658,102.031532",45,M,2017-03-09,active,0.48,0,1,1,pending_review,0.2838,2022
35a6c6cf-4bc3-44dd-b445-1370b6fe1035,U001937,2022-06-07 17:33:33,17:33:33,1879878.97,bill_payment,M00160,VND,success,desktop,D001923,41.137.191.59,mobile_wallet,Bangkok,"17.368034,102.457847",32,F,2020-07-02,active,0.96,0,0,0,auto_approved,0.2021,2022
4a994661-c640-49d8-ae99-001e06c881e9,U000071,2022-12-20 04:01:56,04:01:56,103719.85,cash_withdrawal,M00270,USD,success,desktop,D001199,141.166.135.29,credit_card,Bangkok,"18.964279,103.143561",55,F,2016-09-01,active,0.52,0,0,0,auto_approved,0.2856,2022
3f3d3327-a22a-46b8-a296-edb1e5e2a770,U000716,2022-12-04 08:22:16,08:22:16,761815.96,transfer,M00030,USD,success,desktop,D001727,91.154.17.191,debit_card,Ho Chi Minh City,"10.682406,106.513453",30,F,2022-06-30,active,0.6,1,0,0,auto_approved,0.1244,2022
2fb07c65-3567-4b40-a614-f78d36943cf3,U000421,2022-04-04 15:16:28,15:16:28,1333014.83,bill_payment,M00443,USD,success,desktop,D000986,208.255.218.19,debit_card,Bangkok,"8.97864,108.922093",31,F,2021-03-18,active,0.98,0,0,0,auto_approved,0.0298,2022
80b881e2-1e50-4396-8f20-86ebd8b3b788,U000767,2022-08-06 02:41:25,02:41:25,529446.16,bill_payment,M00122,USD,success,pos,D000393,92.181.93.163,bank_transfer,Ho Chi Minh City,"14.695711,105.324327",45,M,2018-09-20,active,0.58,0,0,0,auto_approved,0.1353,2022
f60099b3-bbfd-4584-bcb0-4301bb4bd110,U001234,2022-01-29 23:16:17,23:16:17,672751.76,cash_withdrawal,M00227,VND,success,mobile,D002669,186.251.41.195,mobile_wallet,Singapore,"13.651883,102.515998",61,F,2017-06-28,active,0.72,0,0,0,auto_approved,0.3636,2022
8637273e-562d-4582-a1bf-b739295a215b,U000931,2022-06-28 14:34:12,14:34:12,385906.94,online_payment,M00138,VND,success,pos,D001019,28.152.203.37,credit_card,Ho Chi Minh City,"15.060534,105.987136",30,F,2019-03-02,active,0.61,0,0,0,auto_approved,0.2716,2022
8a8fe52c-1b12-4c30-82d8-b0dacf78693d,U000920,2022-10-09 09:04:38,09:04:38,119868.45,cash_withdrawal,M00115,VND,success,pos,D002580,189.151.100.215,mobile_wallet,Kuala Lumpur,"14.889961,106.06838",19,F,2020-08-29,active,0.47,0,0,0,auto_approved,0.0664,2022
395b4b29-24a3-4620-b0ff-2bf6521487b7,U001264,2022-08-03 22:33:38,22:33:38,336082.04,cash_withdrawal,M00381,VND,success,pos,D002461,134.178.156.12,bank_transfer,Hanoi,"19.087907,105.140829",36,F,2015-03-20,active,0.61,0,0,0,auto_approved,0.3786,2022
092016b3-293d-4925-8374-72aa449b5438,U000439,2022-04-11 15:36:44,15:36:44,1101662.16,transfer,M00231,USD,success,desktop,D000592,210.109.68.181,credit_card,Da Nang,"20.876611,103.382567",61,F,2018-07-16,active,0.49,1,0,0,auto_approved,0.2835,2022
a112acad-2174-4d5f-a297-0b2abe391582,U000279,2022-12-03 06:31:15,06:31:15,370963.05,cash_withdrawal,M00450,VND,success,desktop,D001514,121.11.235.222,bank_transfer,Bangkok,"15.965435,105.554615",38,F,2020-11-30,active,0.61,0,0,0,auto_approved,0.3531,2022
d295868d-e017-4478-8fbf-abfcb93a9563,U001127,2022-12-06 19:02:26,19:02:26,541370.4,cash_withdrawal,M00461,VND,success,mobile,D002611,143.71.113.251,debit_card,Hanoi,"10.246549,103.6963",44,F,2016-09-02,active,0.5,0,0,0,auto_approved,0.2409,2022
30179e92-5693-45a6-8fed-4f79d10957a2,U001367,2022-04-09 15:31:19,15:31:19,1017841.54,purchase,M00296,USD,success,pos,D002704,65.193.191.105,mobile_wallet,Singapore,"11.89,108.308899",28,M,2015-11-25,active,0.53,0,0,0,auto_approved,0.2962,2022
9162ad1e-c0fe-47c3-957e-79666792a30f,U000389,2022-06-02 00:32:46,00:32:46,1362655.95,purchase,M00357,USD,success,desktop,D001889,106.147.170.246,debit_card,Singapore,"14.211841,102.515218",23,F,2016-03-20,active,0.91,0,1,0,auto_approved,0.3386,2022
9f8b333c-9d68-43e7-96cc-7537b8a2d9c2,U001765,2022-06-23 00:49:14,00:49:14,76697.03,online_payment,M00500,VND,success,pos,D000530,224.148.98.199,debit_card,Bangkok,"9.405373,108.77404",67,M,2017-07-27,active,0.59,1,0,0,auto_approved,0.466,2022
b5b9dfca-0911-4595-b363-0f75e64b013e,U001651,2022-03-18 18:29:40,18:29:40,1092385.35,bill_payment,M00250,USD,success,mobile,D002519,54.176.105.129,mobile_wallet,Ho Chi Minh City,"10.901286,106.486067",36,M,2015-06-03,active,0.85,0,0,0,auto_approved,0.0695,2022
24676d5a-08ea-4943-bd7e-4aab4320fb22,U000892,2022-05-25 11:30:55,11:30:55,1102175.8,cash_withdrawal,M00248,USD,success,atm,D001823,47.77.104.138,debit_card,Ho Chi Minh City,"17.406198,102.851781",26,M,2017-03-12,under_review,0.47,0,0,0,auto_approved,0.4494,2022
44043e1f-a721-4e89-af29-d4fcba7e30a4,U000561,2022-08-25 01:52:30,01:52:30,25243.5,transfer,M00490,VND,success,desktop,D000643,122.86.68.248,mobile_wallet,Singapore,"15.311198,103.417495",57,M,2021-01-16,active,0.61,0,0,0,auto_approved,0.1511,2022
d07c51da-fa07-4e96-958c-22028f31a783,U001983,2022-01-25 03:25:44,03:25:44,546485.25,transfer,M00087,VND,success,mobile,D001598,208.10.53.99,debit_card,Bangkok,"19.978695,102.654815",46,M,2018-10-25,active,0.95,0,0,0,auto_approved,0.1993,2022
0e00d7cd-3d1a-484d-b1be-160c3fcab276,U000902,2022-06-08 22:48:37,22:48:37,1484016.25,transfer,M00123,VND,success,pos,D002630,179.85.171.108,credit_card,Singapore,"11.793056,104.201986",68,F,2015-07-05,active,0.86,0,0,0,auto_approved,0.037,2022
bb61cb58-cec3-4c7a-a347-96ec2f07ba01,U000693,2022-09-29 19:42:46,19:42:46,246833.12,online_payment,M00177,VND,success,desktop,D000691,51.129.63.161,debit_card,Bangkok,"9.454639,104.491829",22,M,2014-10-11,active,0.58,0,0,0,auto_approved,0.3331,2022
75202286-9cb3-4e50-8e05-998d393caab2,U000906,2022-10-05 02:25:55,02:25:55,918868.04,transfer,M00221,USD,success,desktop,D000186,104.160.2.44,debit_card,Da Nang,"11.521568,106.083573",46,F,2020-12-19,active,0.65,0,0,0,auto_approved,0.0446,2022
9fcf0b15-cfb6-4056-a96f-2af71efc60af,U000637,2022-10-11 20:29:31,20:29:31,62317.25,bill_payment,M00378,USD,success,mobile,D000898,41.30.166.233,debit_card,Hanoi,"11.280962,102.054766",25,M,2021-11-30,active,0.77,0,0,0,auto_approved,0.4206,2022
9f98ac4c-cca8-4950-96b3-34080434c7d0,U001540,2022-09-02 22:37:53,22:37:53,681841.65,transfer,M00214,USD,success,pos,D002747,77.115.90.13,bank_transfer,Singapore,"19.57212,102.442113",56,M,2019-06-21,active,0.71,0,0,0,auto_approved,0.0734,2022
ebcaf2e6-9a83-457e-a067-4a3f65c45c22,U000185,2022-10-05 06:35:13,06:35:13,293104.39,purchase,M00324,USD,success,pos,D002747,199.178.64.221,debit_card,Singapore,"12.717726,103.217274",63,F,2016-04-22,active,0.9,2,1,1,pending_review,0.3762,2022
1eb484bf-8ca2-43fd-96e7-b154c9c85b4c,U000511,2022-03-11 18:40:15,18:40:15,1769535.46,transfer,M00358,VND,success,mobile,D001569,212.126.38.255,mobile_wallet,Bangkok,"17.416433,108.224219",28,M,2015-07-03,active,0.69,2,1,0,auto_approved,0.2043,2022
91218101-071b-49c0-8c97-5a681a1b4136,U000750,2022-01-21 13:58:40,13:58:40,342927.69,purchase,M00284,USD,success,mobile,D002386,96.154.133.226,mobile_wallet,Hanoi,"20.544702,103.103896",62,M,2017-12-01,active,0.88,0,0,0,auto_approved,0.2574,2022
78b16b74-48bc-4f25-b220-7b7453fdee49,U000418,2022-04-27 11:24:29,11:24:29,49434.81,bill_payment,M00305,USD,success,desktop,D000541,161.43.165.216,credit_card,Hanoi,"17.316689,104.456987",60,F,2018-01-13,active,0.51,0,0,0,auto_approved,0.044,2022
c2014f97-1667-4646-a986-4780f0924b63,U000614,2022-07-23 02:16:44,02:16:44,830539.77,bill_payment,M00189,USD,success,desktop,D001586,43.114.48.147,bank_transfer,Hanoi,"10.622463,106.023156",48,F,2018-01-27,active,0.79,3,1,0,auto_approved,0.4549,2022
ee0e13f4-6e6d-45d3-935e-bc1c07eb71ca,U001400,2022-11-01 05:31:40,05:31:40,769558.96,purchase,M00389,VND,pending,atm,D002759,41.139.107.162,bank_transfer,Da Nang,"19.521098,103.416853",38,M,2019-01-13,active,0.84,0,0,0,auto_approved,0.1336,2022
5cdfad27-b680-478c-bf4b-3483e624cbdb,U001444,2022-04-03 02:46:25,02:46:25,1818699.71,transfer,M00222,USD,success,pos,D001059,244.238.191.165,bank_transfer,Hanoi,"8.713684,104.352958",68,F,2016-07-18,active,0.87,0,0,0,auto_approved,0.4239,2022
1b9327d4-c068-485c-b071-0a9d27de9932,U000839,2022-10-01 22:40:03,22:40:03,3347519.22,purchase,M00267,USD,success,atm,D002857,28.65.6.119,debit_card,Ho Chi Minh City,"8.353591,105.223962",45,F,2016-07-23,active,0.93,0,1,0,auto_approved,0.5631,2022
f85556a8-ee11-4222-a090-f6ef4bff19ad,U001487,2022-06-09 06:52:00,06:52:00,1477580.11,online_payment,M00481,VND,success,pos,D001651,20.129.50.2,bank_transfer,Kuala Lumpur,"10.72979,107.464122",64,M,2021-12-24,active,0.89,0,0,0,auto_approved,0.2557,2022
82261f1f-004b-4487-9197-d7dc1d70021d,U001293,2022-11-03 11:41:05,11:41:05,409842.53,bill_payment,M00224,VND,success,atm,D001610,198.46.128.245,credit_card,Kuala Lumpur,"21.846107,106.115341",64,M,2019-04-04,active,0.62,0,0,0,auto_approved,0.0194,2022
f84e40d3-7809-4322-8ce3-b9fc702670a4,U000616,2022-08-02 13:08:21,13:08:21,200051.67,transfer,M00079,USD,success,desktop,D000970,48.247.216.1,mobile_wallet,Singapore,"11.176057,106.118633",26,M,2021-03-06,active,0.49,0,0,0,auto_approved,0.4324,2022
efbc87fc-4cec-4091-88c7-739abcffc996,U001924,2022-10-29 16:37:19,16:37:19,732762.73,bill_payment,M00428,VND,success,pos,D002727,167.22.217.178,mobile_wallet,Da Nang,"17.696549,108.491815",57,F,2016-08-14,active,0.69,0,0,0,auto_approved,0.1922,2022
b61b21d0-67c7-4fcf-b3f0-054c436b226a,U000866,2022-05-18 21:06:27,21:06:27,590782.51,purchase,M00135,VND,success,desktop,D000824,192.71.166.254,bank_transfer,Bangkok,"14.344302,105.315521",45,M,2014-08-07,active,0.9,0,0,0,auto_approved,0.045,2022
da236d0d-d0d4-4017-ab03-5f217c411a1e,U000676,2022-03-24 14:18:51,14:18:51,347141.99,online_payment,M00058,VND,success,desktop,D001513,96.208.106.181,debit_card,Kuala Lumpur,"17.454802,105.143131",42,M,2014-12-12,active,0.59,0,0,0,auto_approved,0.3064,2022
61da1cb7-a73b-4556-bd4b-f8df1e5117f8,U001355,2022-12-27 04:31:56,04:31:56,351806.25,purchase,M00020,USD,success,desktop,D002093,114.137.187.245,mobile_wallet,Hanoi,"18.244121,108.588104",65,M,2019-11-17,active,0.65,0,0,0,auto_approved,0.3163,2022
fb37009f-b066-404b-a574-a4c3b459c1a6,U001608,2022-10-20 03:59:56,03:59:56,1080504.58,cash_withdrawal,M00207,USD,success,desktop,D000948,194.15.167.98,debit_card,Ho Chi Minh City,"16.026044,105.389578",62,M,2017-11-06,active,0.9,0,0,0,auto_approved,0.4114,2022
8eff91b9-2d4a-442b-8d43-661a6591419d,U001622,2022-09-08 10:09:23,10:09:23,1414261.74,online_payment,M00039,USD,success,mobile,D000793,143.67.208.101,debit_card,Bangkok,"12.278025,102.34814",48,F,2015-05-01,active,0.71,0,0,0,auto_approved,0.2058,2022
22610c2b-7e08-4157-8c50-af971ffcc925,U001162,2022-09-06 00:29:43,00:29:43,1236430.5,purchase,M00086,VND,success,desktop,D001540,214.182.107.70,debit_card,Singapore,"19.441445,106.024623",54,M,2015-01-17,active,0.46,0,0,0,auto_approved,0.1143,2022
dcdfe63a-7eac-4401-a056-0b9cd08db98d,U000439,2022-07-07 06:50:57,06:50:57,506765.65,bill_payment,M00038,VND,success,pos,D001193,119.61.109.76,credit_card,Bangkok,"14.329825,108.309624",62,F,2020-09-18,active,0.59,0,0,0,auto_approved,0.2959,2022
38315795-8291-4205-9ae8-2907369855ea,U000891,2022-01-04 20:49:46,20:49:46,548963.82,transfer,M00110,VND,success,pos,D001011,26.104.225.65,bank_transfer,Ho Chi Minh City,"18.602593,104.732095",45,M,2016-12-31,active,0.52,0,0,0,auto_approved,0.4477,2022
a6fd8c1c-79e6-4e5d-91f4-78296da4db57,U000659,2022-10-30 04:33:01,04:33:01,867459.28,purchase,M00060,VND,success,atm,D001645,142.86.129.231,bank_transfer,Kuala Lumpur,"19.631797,103.076095",21,F,2020-11-15,active,0.91,2,1,0,auto_approved,0.4177,2022
19f373de-3742-470d-a9e8-cb27a581c7e9,U000128,2022-02-03 03:24:54,03:24:54,153168.75,bill_payment,M00044,USD,success,mobile,D001334,1.146.137.125,credit_card,Singapore,"8.244599,107.424804",45,F,2016-11-09,active,0.5,0,0,0,auto_approved,0.2531,2022
d87f9a45-b5c2-469e-bdd1-5f47a6c086ae,U001645,2022-07-04 12:00:47,12:00:47,1281777.87,transfer,M00415,VND,success,mobile,D002738,110.75.237.223,bank_transfer,Ho Chi Minh City,"17.736824,102.079425",62,M,2015-07-02,active,0.96,2,1,0,auto_approved,0.0931,2022
44843834-9fcf-4525-a9a6-bde605d2e5ee,U000603,2022-07-14 10:41:45,10:41:45,167664.15,online_payment,M00247,USD,success,pos,D000859,184.158.237.159,debit_card,Ho Chi Minh City,"11.608195,104.750517",65,M,2015-11-12,active,0.82,0,0,0,auto_approved,0.1795,2022
3e554379-1431-4e55-8950-679f30a2a8b1,U001232,2022-10-20 11:43:10,11:43:10,704813.57,bill_payment,M00376,USD,success,desktop,D002821,93.3.28.174,credit_card,Ho Chi Minh City,"15.557784,102.471075",63,F,2016-05-15,active,0.89,0,0,0,auto_approved,0.1725,2022
afb36e19-1fb8-42c7-b0db-765390552b9c,U001864,2022-12-17 07:49:03,07:49:03,357634.93,purchase,M00114,VND,success,mobile,D000610,78.255.233.224,bank_transfer,Singapore,"19.492228,106.584006",45,F,2017-08-15,active,0.66,0,0,0,auto_approved,0.3174,2022
f48747f3-571a-4bab-b2d4-736b242bcae2,U001379,2022-02-06 11:27:34,11:27:34,422746.12,purchase,M00074,VND,success,mobile,D001604,15.22.163.200,bank_transfer,Da Nang,"17.411984,107.620033",59,F,2020-02-01,active,0.89,0,0,0,auto_approved,0.1728,2022
c7b0fd4c-b5e8-48e5-9c63-32a9f635c875,U000014,2022-01-26 07:57:51,07:57:51,724002.06,purchase,M00283,VND,success,mobile,D001929,13.103.251.113,mobile_wallet,Kuala Lumpur,"14.818562,104.269669",21,F,2014-06-09,active,0.79,0,0,0,auto_approved,0.0252,2022
1f4585dc-fe33-4196-ac8b-b343fb1c0c89,U000738,2022-11-28 20:36:47,20:36:47,152868.01,cash_withdrawal,M00005,USD,success,pos,D001180,211.97.127.56,mobile_wallet,Hanoi,"9.215025,104.836428",54,M,2016-07-28,active,0.57,0,0,0,auto_approved,0.2405,2022
7aa45736-5967-461e-a649-102b680b6aee,U001391,2022-09-05 01:30:18,01:30:18,861005.18,purchase,M00393,USD,failed,atm,D000858,214.42.36.113,mobile_wallet,Da Nang,"15.319366,107.190236",67,M,2014-09-24,active,0.54,0,0,0,auto_approved,0.331,2022
87137d1c-37f0-4e95-974c-be98428f4d26,U001786,2022-03-29 08:56:37,08:56:37,252936.59,online_payment,M00281,VND,success,pos,D001584,44.170.23.138,debit_card,Hanoi,"20.004044,105.018876",52,F,2017-10-26,active,0.93,0,0,0,auto_approved,0.3923,2022
c6b80c27-85ab-4386-935c-b8111bdfd67a,U001198,2022-01-03 22:50:10,22:50:10,77817.96,online_payment,M00235,USD,success,desktop,D002306,59.90.146.130,debit_card,Kuala Lumpur,"16.951024,106.554449",44,F,2018-11-25,active,0.53,0,0,0,auto_approved,0.4416,2022
8a15bac8-d041-49e3-b91e-b04b22dd3f0f,U000242,2022-12-03 03:58:19,03:58:19,1676932.83,cash_withdrawal,M00326,USD,failed,atm,D002404,171.52.83.130,debit_card,Bangkok,"21.709414,105.475029",61,F,2020-03-11,active,0.66,0,0,0,auto_approved,0.1117,2022
c7d423fc-1b2c-4c8d-9cb8-360d0aafe850,U001284,2022-10-01 11:19:57,11:19:57,772792.62,bill_payment,M00433,USD,success,atm,D001241,76.18.119.170,bank_transfer,Kuala Lumpur,"20.405173,105.242907",27,M,2017-02-24,active,0.87,0,0,0,auto_approved,0.3932,2022
528c9c43-c8a1-4c36-9367-53c2c7d5ac82,U000144,2022-05-21 08:07:08,08:07:08,1208250.56,transfer,M00292,VND,success,atm,D001467,130.144.219.47,credit_card,Hanoi,"16.103249,104.648125",29,F,2022-01-20,active,0.81,2,1,0,auto_approved,0.2364,2022
505c137f-419a-4db9-85ba-ac8e983fd66b,U000866,2022-10-09 15:49:25,15:49:25,396607.6,bill_payment,M00134,USD,success,desktop,D002433,73.200.246.195,mobile_wallet,Da Nang,"14.766682,106.714019",18,F,2015-11-19,active,0.51,0,0,0,auto_approved,0.3153,2022
12f39990-7aab-46ad-b539-a8dc715ccfd8,U001413,2022-03-17 03:55:50,03:55:50,33592.23,purchase,M00244,VND,success,pos,D000609,196.81.219.21,bank_transfer,Bangkok,"21.326808,102.87346",50,F,2017-12-31,active,0.86,1,0,0,auto_approved,0.4942,2022
80f27d11-7244-485f-bc49-fbdaa44698b1,U000252,2022-05-08 06:17:25,06:17:25,1502070.02,cash_withdrawal,M00355,VND,failed,desktop,D000901,205.111.252.150,bank_transfer,Bangkok,"12.379745,102.106991",23,M,2021-02-21,active,0.58,0,0,0,auto_approved,0.1828,2022
b78f86a6-06a2-4e13-a1bf-ece0c1e9d97b,U001484,2022-09-06 16:55:05,16:55:05,675342.4,purchase,M00429,USD,success,desktop,D002374,236.112.86.197,debit_card,Da Nang,"19.854924,105.433527",32,M,2020-04-27,active,0.7,0,0,0,auto_approved,0.4068,2022
3635b525-74ad-4a4d-9a5a-c63b79c573c3,U001490,2022-08-27 12:24:18,12:24:18,19321.34,purchase,M00329,USD,success,desktop,D002739,120.220.84.25,credit_card,Ho Chi Minh City,"16.218886,108.950262",30,M,2017-06-19,active,0.88,1,0,0,auto_approved,0.3679,2022
4cb3dba2-fdc9-4117-9bb6-693a64807b19,U001390,2022-04-09 12:31:08,12:31:08,882555.57,online_payment,M00436,VND,success,desktop,D002088,142.21.145.219,bank_transfer,Da Nang,"14.702131,104.561696",32,M,2017-04-05,blocked,0.88,0,0,0,auto_approved,0.4147,2022
a08d5486-d026-4a32-b182-72c4dc70a9bd,U001411,2022-11-23 20:39:02,20:39:02,506169.75,cash_withdrawal,M00339,VND,success,pos,D000851,252.25.55.13,debit_card,Bangkok,"8.326067,103.501172",26,M,2021-09-18,active,0.63,0,0,0,auto_approved,0.4159,2022
9bb04d9e-02c8-4935-915a-b4b3c0bf9593,U001630,2022-11-02 10:42:04,10:42:04,879551.54,bill_payment,M00448,USD,success,atm,D001041,33.12.4.186,credit_card,Singapore,"8.85031,107.404279",56,M,2018-02-19,active,0.57,0,0,0,auto_approved,0.0873,2022
58b11472-0133-480f-b818-a648067ec87c,U001231,2022-06-21 04:16:30,04:16:30,133338.2,bill_payment,M00134,USD,success,mobile,D000619,140.132.57.177,debit_card,Da Nang,"20.173134,108.635902",28,M,2019-07-14,active,0.92,0,0,0,auto_approved,0.1649,2022
3e31a60a-87e9-423a-933b-cc7bb24b094b,U000236,2022-03-13 21:13:43,21:13:43,120619.44,transfer,M00178,VND,success,pos,D002328,32.197.226.195,credit_card,Ho Chi Minh City,"9.456335,102.740222",39,F,2014-01-15,under_review,0.53,2,1,1,pending_review,0.7271,2022
0a5eda09-ceb5-458a-aeac-751a207caf25,U001536,2022-03-26 00:36:51,00:36:51,828005.36,cash_withdrawal,M00033,VND,success,atm,D000056,81.230.13.19,debit_card,Bangkok,"9.433536,108.235104",35,M,2016-02-07,active,0.47,3,1,1,pending_review,0.5053,2022
1cde5fdc-5432-4d20-a138-bc7fd7230526,U000254,2022-02-28 06:12:31,06:12:31,624874.71,purchase,M00430,USD,success,pos,D001741,250.123.135.84,debit_card,Hanoi,"19.380566,107.592522",60,M,2021-10-24,active,0.8,0,0,0,auto_approved,0.2087,2022
65b0787c-c4aa-4627-a6e7-1ebe7df1897b,U001962,2022-08-25 04:06:12,04:06:12,82139.44,purchase,M00269,USD,success,pos,D000517,88.74.144.173,bank_transfer,Bangkok,"20.111506,103.904062",31,M,2015-03-28,active,0.49,0,0,0,auto_approved,0.2043,2022
db8a14c2-bf24-43b3-ae1b-7dfb80f0f5ae,U001604,2022-03-18 08:18:06,08:18:06,1227478.6,bill_payment,M00287,VND,success,pos,D001032,158.154.194.191,credit_card,Hanoi,"11.169592,102.173136",24,M,2018-01-06,active,0.79,0,1,0,auto_approved,0.2394,2022
50d48deb-efcb-4091-936e-d74dfc6919f3,U000307,2022-08-01 07:24:56,07:24:56,68395.08,online_payment,M00023,USD,success,desktop,D000790,60.68.184.125,credit_card,Bangkok,"21.64794,106.6718",69,M,2015-11-29,active,0.59,0,0,0,auto_approved,0.0383,2022
a955bbd2-5edc-49ad-aa1f-335b72b59839,U001481,2022-11-15 19:14:23,19:14:23,79230.39,online_payment,M00128,VND,success,atm,D001657,119.87.237.165,credit_card,Hanoi,"17.467816,102.681437",67,M,2015-12-18,active,0.86,0,0,0,auto_approved,0.3823,2022
a91d7826-14e2-45f1-9105-04ee5817389a,U000712,2022-06-26 01:45:51,01:45:51,2578955.22,online_payment,M00264,VND,success,mobile,D000572,176.61.97.33,mobile_wallet,Ho Chi Minh City,"8.472902,102.643776",50,M,2014-07-28,active,0.58,0,0,0,auto_approved,0.1706,2022
1994edab-8bb4-404f-8b4a-be0e25c4362e,U000316,2022-02-14 01:08:41,01:08:41,311602.41,bill_payment,M00075,VND,success,atm,D002346,247.178.170.88,credit_card,Ho Chi Minh City,"21.973305,106.850582",59,M,2014-05-26,active,0.73,0,0,0,auto_approved,0.0845,2022
66aa9795-188e-4048-846c-9f65c7531e57,U001060,2022-10-04 23:50:38,23:50:38,321681.98,online_payment,M00020,VND,success,atm,D000793,229.83.37.250,credit_card,Da Nang,"18.153093,105.526475",68,M,2017-07-14,active,1.0,0,0,0,auto_approved,0.2641,2022
c58ea4df-5ef3-42b2-a7c7-a4e0b1b152d8,U000343,2022-12-09 10:59:53,10:59:53,515332.79,bill_payment,M00334,VND,success,atm,D001681,148.149.124.127,bank_transfer,Ho Chi Minh City,"8.720731,105.521796",24,F,2016-02-29,active,0.6,0,0,0,auto_approved,0.2601,2022
8bb5a1b1-a9e1-46ca-9b0e-22e02cf89528,U001661,2022-05-07 16:04:27,16:04:27,589955.35,transfer,M00251,USD,success,mobile,D000724,130.17.1.129,credit_card,Singapore,"21.203408,103.529812",66,F,2021-04-05,active,0.71,1,0,0,auto_approved,0.5621,2022
99fe8a1b-71b6-4de2-bf6e-5103b2a1a1ef,U001021,2022-10-28 14:59:19,14:59:19,381816.98,cash_withdrawal,M00004,USD,success,atm,D001112,109.204.22.33,bank_transfer,Hanoi,"15.855814,105.723495",18,F,2020-03-29,under_review,0.57,0,0,0,auto_approved,0.4446,2022
9b5e3480-15f6-41cf-8150-5fae0d63996e,U001126,2022-06-21 10:30:28,10:30:28,380272.13,online_payment,M00283,USD,success,desktop,D002708,196.225.165.246,credit_card,Kuala Lumpur,"14.792623,103.346589",60,M,2016-02-14,active,0.46,0,0,0,auto_approved,0.0263,2022
3da5b30f-d8d7-40bf-8169-d0eb4c51f90d,U000420,2022-05-27 07:01:26,07:01:26,249053.12,online_payment,M00131,USD,success,pos,D000896,52.240.203.180,bank_transfer,Ho Chi Minh City,"10.038098,107.55184",28,F,2014-05-27,active,0.86,0,0,0,auto_approved,0.0306,2022
de491b30-c918-4b9a-9234-2512e2ff2d3a,U001165,2022-03-02 19:13:37,19:13:37,1105356.9,online_payment,M00375,USD,success,pos,D000438,17.79.111.255,debit_card,Da Nang,"11.283832,107.363087",65,F,2016-12-25,active,0.71,0,0,0,auto_approved,0.4407,2022
215b258d-44f3-4c50-9e78-e2bcc3248b5f,U001894,2022-05-06 15:12:41,15:12:41,185085.84,online_payment,M00183,VND,success,pos,D001170,222.241.16.83,debit_card,Ho Chi Minh City,"11.994482,103.86162",20,F,2016-06-06,active,0.97,0,1,0,auto_approved,0.5262,2022
30397204-cf0f-47f6-9d7b-aa0a800afbb0,U001663,2022-12-12 02:37:11,02:37:11,437770.31,purchase,M00256,USD,success,pos,D001820,24.144.188.177,bank_transfer,Hanoi,"11.403397,108.774766",61,F,2016-02-05,active,0.79,0,0,0,auto_approved,0.2663,2022
b28de697-647e-4dc5-928e-742ad4d29588,U000223,2022-08-22 11:35:13,11:35:13,88781.28,cash_withdrawal,M00283,USD,success,mobile,D000604,168.180.143.39,mobile_wallet,Bangkok,"9.890474,102.959619",24,M,2021-07-13,active,0.96,0,0,0,auto_approved,0.0662,2022
bf2c0978-6744-4a0d-a417-2f3df6c0f964,U000036,2022-06-19 11:26:48,11:26:48,370393.62,cash_withdrawal,M00212,USD,success,pos,D000445,93.140.218.182,debit_card,Kuala Lumpur,"12.661276,107.514889",65,M,2017-06-22,active,0.84,0,1,0,auto_approved,0.4037,2022
d73101d0-fa36-4b17-acff-5590d3a69c03,U000030,2022-11-23 22:31:43,22:31:43,375159.19,transfer,M00103,VND,success,desktop,D001819,37.157.210.198,debit_card,Bangkok,"18.710888,107.219166",62,F,2020-12-21,active,0.52,1,0,0,auto_approved,0.1497,2022
0a8f381b-f28d-47cc-85ec-3585c19f3545,U000747,2022-07-03 15:24:17,15:24:17,647792.96,bill_payment,M00062,USD,success,mobile,D002767,141.231.131.194,credit_card,Kuala Lumpur,"17.271145,108.911801",45,F,2018-08-01,active,0.78,0,0,0,auto_approved,0.4218,2022
19c95bdd-842f-43c6-a036-6af7c9e4f7dc,U000299,2022-04-29 10:35:21,10:35:21,55433.91,online_payment,M00098,USD,success,desktop,D001411,31.109.61.250,mobile_wallet,Da Nang,"8.026724,105.937367",35,M,2017-02-21,active,0.88,0,0,0,auto_approved,0.1895,2022
aae4543d-f791-4481-ad20-796e365f14c8,U001919,2022-11-28 21:03:54,21:03:54,1381616.24,cash_withdrawal,M00231,USD,success,atm,D001980,171.207.218.199,credit_card,Da Nang,"15.071775,107.438621",27,M,2017-12-26,active,0.66,0,0,0,auto_approved,0.2794,2022
648dc6d9-1f5e-44fa-b5e8-18fe9fd89794,U000862,2022-11-05 14:15:37,14:15:37,250491.62,cash_withdrawal,M00136,USD,success,pos,D001120,82.103.11.18,bank_transfer,Da Nang,"8.909745,106.711544",52,F,2019-09-10,active,0.55,0,0,0,auto_approved,0.3934,2022
18b02165-af7b-4755-a382-6b2f46839093,U000994,2022-07-06 00:43:58,00:43:58,4494031.17,online_payment,M00294,VND,failed,desktop,D002903,43.154.194.172,credit_card,Ho Chi Minh City,"14.793103,105.381214",68,M,2019-09-06,active,0.93,0,1,0,auto_approved,0.5859,2022
ebb0c002-d60b-4712-92cc-247bc5d2888a,U000525,2022-03-02 23:01:09,23:01:09,525584.53,online_payment,M00231,USD,success,pos,D000039,179.77.74.210,bank_transfer,Singapore,"17.813021,106.869696",45,M,2020-12-02,active,0.51,0,0,0,auto_approved,0.0847,2022
9178c840-ded3-4b8b-b989-ddda9ad7a1a1,U001911,2022-05-30 06:39:30,06:39:30,677292.03,online_payment,M00477,VND,success,mobile,D001570,57.114.39.190,credit_card,Da Nang,"19.09255,108.474658",60,M,2014-10-15,active,0.69,0,0,0,auto_approved,0.0598,2022
e4e26d0c-5c7a-4257-9bb1-c417e1eff9a3,U000268,2022-12-04 18:03:12,18:03:12,401387.06,bill_payment,M00207,USD,success,mobile,D001176,62.113.96.141,bank_transfer,Bangkok,"8.109106,105.493102",37,M,2019-10-26,active,0.85,0,0,0,auto_approved,0.1992,2022
13baa053-3617-459f-a8ae-47df74426211,U001066,2022-10-05 15:11:30,15:11:30,149050.94,transfer,M00327,VND,success,pos,D002429,107.20.52.107,debit_card,Singapore,"13.331195,102.12925",46,M,2020-07-16,active,0.97,0,0,0,auto_approved,0.4398,2022
d517bf92-5000-479b-a80b-1fd6e9e83f76,U000940,2022-06-15 19:08:55,19:08:55,208876.91,transfer,M00474,VND,success,desktop,D001815,65.26.245.26,credit_card,Hanoi,"17.66289,102.46384",68,M,2019-03-29,active,0.84,0,0,0,auto_approved,0.2847,2022
f3f621c9-5b80-4349-8d0d-894136da2b3f,U000264,2022-04-23 19:52:14,19:52:14,1408701.62,purchase,M00372,USD,success,pos,D000801,49.119.70.246,bank_transfer,Singapore,"21.760854,103.842751",49,M,2022-01-23,active,0.56,0,0,0,auto_approved,0.3266,2022
d5d305fe-01cb-48bb-b6b4-b2f770526730,U000697,2022-05-08 05:24:04,05:24:04,1737345.56,bill_payment,M00262,VND,success,mobile,D000135,153.68.4.60,mobile_wallet,Da Nang,"14.537281,106.611024",38,F,2021-04-14,active,0.59,0,0,0,auto_approved,0.076,2022
15628f7c-5eab-4a3d-8a86-abc16e8d4ed4,U001878,2022-08-09 15:52:57,15:52:57,87126.43,cash_withdrawal,M00266,USD,success,mobile,D001507,251.23.221.65,bank_transfer,Hanoi,"21.261272,105.382632",70,M,2017-04-20,active,0.52,0,0,0,auto_approved,0.2011,2022
aa33b024-79c6-4503-915c-8e2a7ac009fb,U001258,2022-12-23 07:11:38,07:11:38,119152.02,bill_payment,M00089,USD,success,mobile,D002748,85.41.145.31,credit_card,Bangkok,"12.883277,105.131346",35,M,2016-10-15,under_review,0.51,1,0,0,auto_approved,0.1921,2022
6f37bf62-802d-4376-adbf-46a1e5e4059c,U000354,2022-07-27 01:15:06,01:15:06,103503.21,transfer,M00133,USD,success,mobile,D000554,229.194.218.183,credit_card,Hanoi,"12.075066,106.626667",57,M,2016-11-22,active,0.54,0,0,0,auto_approved,0.1599,2022
bf3d5039-fc46-464c-9b2a-83a458efd67a,U001970,2022-09-24 10:41:04,10:41:04,2531042.0,cash_withdrawal,M00115,USD,success,pos,D001966,150.139.20.223,bank_transfer,Ho Chi Minh City,"14.633747,108.022525",22,F,2021-04-19,active,0.93,0,0,0,auto_approved,0.1305,2022
c6142778-d44c-4833-ad04-345fded58b80,U000024,2022-06-19 01:47:57,01:47:57,360785.22,bill_payment,M00063,USD,success,desktop,D001086,246.69.130.139,credit_card,Hanoi,"10.377748,105.535179",51,F,2021-01-04,active,0.47,0,0,0,auto_approved,0.2556,2022
5ca5d344-9913-46b9-a4db-24a3fb4cf0b8,U000521,2022-08-10 22:06:33,22:06:33,328689.14,cash_withdrawal,M00459,VND,success,atm,D002556,126.213.22.138,mobile_wallet,Bangkok,"16.736973,107.930079",61,M,2015-12-27,active,0.9,0,0,0,auto_approved,0.044,2022
9865bb65-ba0b-4698-b1d7-ea083a5a8121,U001667,2022-07-25 10:17:47,10:17:47,532645.24,cash_withdrawal,M00070,VND,success,mobile,D001262,214.214.193.5,debit_card,Da Nang,"14.29014,103.918712",22,F,2019-07-05,under_review,0.71,0,0,0,auto_approved,0.2337,2022
45f585c4-e567-4eb8-82c2-f338cfa6d189,U000351,2022-05-20 10:33:35,10:33:35,393722.63,online_payment,M00152,USD,success,atm,D000204,133.253.183.61,debit_card,Singapore,"11.063621,104.470194",38,M,2016-02-10,active,0.81,0,0,0,auto_approved,0.4298,2022
4b9cd351-211b-4c5b-a556-978fa313dcf9,U000476,2022-07-08 01:32:57,01:32:57,1458056.97,transfer,M00246,VND,success,desktop,D000851,209.133.61.29,bank_transfer,Ho Chi Minh City,"10.943931,106.451113",65,M,2018-06-11,active,0.84,0,0,0,auto_approved,0.3613,2022
feb8c144-57fa-48c4-a59f-f341cf65edd1,U000012,2022-06-03 17:23:33,17:23:33,742538.65,bill_payment,M00249,USD,success,mobile,D002879,21.175.90.177,debit_card,Ho Chi Minh City,"19.120058,106.967687",32,F,2020-01-05,active,0.6,0,0,0,auto_approved,0.1028,2022
6f4bf346-3ed1-4e00-b13e-ed706e5ccae6,U001859,2022-11-07 00:44:34,00:44:34,2082071.31,bill_payment,M00460,VND,success,pos,D000649,144.120.86.117,debit_card,Singapore,"8.19304,107.901157",26,F,2014-09-15,active,0.46,0,0,0,auto_approved,0.0817,2022
db723dbb-4b3a-4e6e-9b0e-775a8d297955,U000857,2022-12-26 08:23:57,08:23:57,435121.25,bill_payment,M00342,VND,failed,mobile,D001371,191.213.7.253,credit_card,Ho Chi Minh City,"11.219331,107.250106",26,M,2015-02-27,active,0.75,0,0,0,auto_approved,0.2283,2022
963b4135-2299-4912-a9a4-40a3968f2723,U000736,2022-01-15 23:00:23,23:00:23,1058404.28,bill_payment,M00135,USD,success,pos,D001657,140.11.127.43,bank_transfer,Singapore,"11.472836,108.95961",59,F,2016-10-10,active,0.91,2,1,0,auto_approved,0.332,2022
9cbb60ba-0f08-4d7f-a3cd-757a5e993986,U000335,2022-05-08 09:34:41,09:34:41,1013350.57,transfer,M00404,USD,success,atm,D000259,243.165.223.25,debit_card,Ho Chi Minh City,"17.003048,108.051147",42,F,2016-02-28,active,0.87,0,0,0,auto_approved,0.4361,2022
af0624e3-5dd2-4982-981d-07cfffb1e46f,U000195,2022-03-20 07:47:04,07:47:04,557641.93,transfer,M00438,USD,success,atm,D000756,255.217.202.200,credit_card,Kuala Lumpur,"19.610028,103.155784",18,M,2017-04-02,active,0.95,1,1,1,pending_review,0.3959,2022
15e4b2b4-1d52-4fe7-8f77-1f7a1c11d1f6,U000445,2022-06-16 12:23:13,12:23:13,2075710.97,transfer,M00181,USD,success,mobile,D001332,105.82.163.170,bank_transfer,Singapore,"14.763981,108.590279",69,F,2019-10-30,active,0.61,0,0,0,auto_approved,0.0347,2022
3d037360-5ec9-41b2-b289-d2aa31868f60,U001714,2022-10-04 05:27:08,05:27:08,171488.81,cash_withdrawal,M00263,USD,success,desktop,D001977,82.246.189.109,mobile_wallet,Bangkok,"8.104602,106.052053",22,F,2018-03-15,active,0.93,0,0,0,auto_approved,0.0647,2022
64cf13fc-541f-41e5-95e8-d2ec93601c8b,U000964,2022-10-05 08:59:46,08:59:46,1744902.35,purchase,M00115,VND,success,desktop,D002177,234.155.14.190,credit_card,Singapore,"11.241531,107.365729",60,F,2014-09-28,active,0.79,0,0,0,auto_approved,0.3533,2022
a17ea208-0061-4802-92c1-fa7986a478d6,U000322,2022-06-12 23:44:29,23:44:29,424862.11,online_payment,M00044,VND,success,mobile,D002907,11.186.5.74,debit_card,Da Nang,"20.972752,104.781091",41,F,2021-10-03,active,0.87,0,0,0,auto_approved,0.1044,2022
50cb19ee-913b-48fe-8816-42115f39c3b3,U001477,2022-03-29 01:15:20,01:15:20,33272.19,transfer,M00281,VND,success,atm,D001272,9.179.81.203,bank_transfer,Bangkok,"19.036849,103.863878",47,M,2020-08-28,active,0.45,0,0,0,auto_approved,0.2418,2022
10485dee-f07c-4c66-b970-223d4a859d0a,U000311,2022-12-09 22:06:15,22:06:15,262253.86,cash_withdrawal,M00433,USD,success,atm,D000468,40.194.67.244,debit_card,Ho Chi Minh City,"19.720283,107.292086",54,F,2022-09-22,active,0.82,0,1,1,pending_review,0.4496,2022
9b158bb0-5f22-4ae8-a69e-a3fcf501c694,U001146,2022-03-29 00:04:28,00:04:28,1033586.44,transfer,M00406,USD,success,desktop,D002714,217.201.73.176,bank_transfer,Hanoi,"9.660352,105.471372",30,F,2014-03-28,active,0.65,2,1,0,auto_approved,0.6815,2022
f81730b8-f397-4e9f-aea1-38d8eb673c54,U000163,2022-12-01 13:58:45,13:58:45,138622.5,cash_withdrawal,M00100,USD,success,pos,D001429,137.114.139.214,credit_card,Ho Chi Minh City,"16.118555,107.488574",54,M,2017-06-21,active,0.46,0,0,0,auto_approved,0.3161,2022
e9552d90-64db-4096-b61e-336ff8f428a7,U000682,2022-08-12 16:14:35,16:14:35,273298.39,bill_payment,M00176,VND,success,mobile,D002948,40.77.130.21,bank_transfer,Ho Chi Minh City,"13.114548,104.630254",58,F,2014-09-26,active,0.84,0,0,0,auto_approved,0.2989,2022
c7da57f2-1f38-47e6-bf8e-54ccaa0c8405,U000171,2022-12-28 09:41:35,09:41:35,1044887.03,cash_withdrawal,M00329,USD,pending,desktop,D002539,164.253.110.241,mobile_wallet,Bangkok,"13.187406,108.297259",59,M,2016-12-09,active,0.54,1,0,0,auto_approved,0.6229,2022
b976cdaa-313e-4a1e-b655-78aef1d20133,U001552,2022-05-27 11:58:05,11:58:05,2266065.56,bill_payment,M00019,VND,success,desktop,D000236,157.18.63.251,mobile_wallet,Singapore,"13.655165,104.662975",31,M,2017-08-07,active,0.61,0,0,0,auto_approved,0.1318,2022
c09b6d0f-8de7-4a0e-bcf6-3954604c0b81,U000457,2022-08-19 12:46:50,12:46:50,142917.41,bill_payment,M00317,VND,success,desktop,D000457,249.113.43.125,mobile_wallet,Ho Chi Minh City,"12.791684,103.862857",69,F,2019-12-28,active,0.46,0,0,0,auto_approved,0.1296,2022
07767611-a1d5-4f58-abd1-690052d4ab92,U001716,2022-12-30 14:21:50,14:21:50,21313.56,transfer,M00276,VND,success,desktop,D000347,254.240.170.105,credit_card,Da Nang,"17.218084,104.037347",65,M,2016-06-30,active,0.88,0,0,0,auto_approved,0.0129,2022
ccd61133-0922-47d5-a3c4-6336ba38d701,U000360,2022-10-14 01:22:04,01:22:04,1228849.97,transfer,M00380,VND,success,desktop,D000681,129.127.108.115,bank_transfer,Kuala Lumpur,"18.978263,103.222719",52,F,2021-08-04,active,0.99,0,0,0,auto_approved,0.1133,2022
627d09f9-9670-400b-a376-41140c03a503,U000330,2022-05-07 08:40:44,08:40:44,173597.08,online_payment,M00034,USD,success,desktop,D001682,253.167.218.92,mobile_wallet,Kuala Lumpur,"8.664524,102.830055",40,F,2015-10-23,active,0.9,0,0,0,auto_approved,0.1273,2022
17c810e3-1aee-4bc1-8ec3-a7c5aa6d6095,U001062,2022-04-09 08:41:17,08:41:17,1180250.91,online_payment,M00409,USD,success,desktop,D002215,108.162.149.239,credit_card,Hanoi,"12.97678,108.449181",70,F,2016-04-15,active,0.89,0,0,0,auto_approved,0.1037,2022
01971b1c-b334-4457-9629-e44f2f9b3381,U001684,2022-12-17 07:53:57,07:53:57,1309877.18,bill_payment,M00315,VND,success,pos,D000583,119.49.203.50,credit_card,Bangkok,"12.867183,103.020849",57,M,2019-04-04,active,0.76,0,0,0,auto_approved,0.4324,2022
8b72ebf4-e5b2-4d21-a8c1-c9a99a8aaadc,U000629,2022-04-20 16:00:52,16:00:52,56816.89,cash_withdrawal,M00446,VND,success,mobile,D002913,78.200.165.93,credit_card,Da Nang,"9.79871,105.838414",36,M,2019-04-22,active,0.45,0,0,0,auto_approved,0.2392,2022
81175fdb-d4da-492c-b36e-5445563147e0,U000096,2022-02-12 19:01:24,19:01:24,770640.85,cash_withdrawal,M00072,VND,success,mobile,D002142,236.17.103.246,credit_card,Bangkok,"16.177516,108.227556",40,F,2014-07-30,active,0.93,1,0,0,auto_approved,0.5347,2022
f0e89d24-6097-4de8-849e-e9c70a9c44e7,U000240,2022-09-05 17:44:37,17:44:37,1158417.66,cash_withdrawal,M00056,VND,success,atm,D001032,201.80.101.164,mobile_wallet,Ho Chi Minh City,"18.189957,108.672813",26,F,2017-07-29,active,0.56,0,0,0,auto_approved,0.3073,2022
1dbd088a-b7a1-47c5-b04a-543cf2677001,U001456,2022-03-16 01:50:50,01:50:50,98354.91,cash_withdrawal,M00302,VND,success,atm,D001030,9.254.79.165,credit_card,Kuala Lumpur,"20.205836,102.978993",63,M,2020-03-21,active,0.67,0,0,0,auto_approved,0.1081,2022
b192f02e-ffb1-4cf9-b899-1e7141ba1c35,U001746,2022-12-29 22:53:51,22:53:51,348715.88,online_payment,M00214,VND,failed,desktop,D000635,171.174.52.248,credit_card,Kuala Lumpur,"11.296163,108.63553",33,F,2014-12-20,active,0.89,0,0,0,auto_approved,0.3482,2022
6023a720-e487-4915-960e-1b8dea501539,U001412,2022-03-04 15:05:05,15:05:05,566366.52,bill_payment,M00457,USD,success,mobile,D000409,121.18.47.51,debit_card,Da Nang,"14.532675,102.324106",32,F,2021-01-06,active,0.59,0,1,0,auto_approved,0.3056,2022
3d0387eb-1093-49c6-9bf7-ada34e7c4eec,U001340,2022-07-22 06:43:38,06:43:38,347778.82,purchase,M00202,VND,success,mobile,D000632,136.78.1.224,credit_card,Bangkok,"12.751386,104.155522",46,M,2019-07-15,active,0.7,0,0,0,auto_approved,0.2773,2022
149551dd-3072-417a-a0bd-36aaba38f070,U000388,2022-02-27 19:08:54,19:08:54,362289.57,bill_payment,M00173,VND,success,atm,D002506,226.228.169.62,credit_card,Da Nang,"14.526108,107.625432",57,M,2019-07-15,active,0.53,0,0,0,auto_approved,0.4387,2022
853e569f-a5d3-4334-9b48-7d0719e19738,U000788,2022-04-07 03:52:54,03:52:54,406112.9,transfer,M00139,VND,success,mobile,D001646,74.15.166.208,bank_transfer,Singapore,"9.536637,107.763832",57,F,2018-06-24,active,0.85,1,0,0,auto_approved,0.5692,2022
8971f513-a4b7-4ec5-ae8d-1b5c35d85297,U000708,2022-12-08 19:28:10,19:28:10,3063346.53,bill_payment,M00489,VND,success,mobile,D002460,83.200.155.43,mobile_wallet,Da Nang,"20.461322,104.176045",60,F,2016-08-08,active,0.71,0,1,1,pending_review,0.6042,2022
6c54f09c-e15e-4a91-902c-1814240f1994,U001982,2022-11-21 00:23:28,00:23:28,114326.47,bill_payment,M00108,USD,success,atm,D000027,175.254.30.238,bank_transfer,Bangkok,"21.177338,105.057684",57,F,2021-09-09,active,0.55,0,0,0,auto_approved,0.2271,2022
7bba3c0a-de97-45ca-88ae-08a5781b91db,U000667,2022-10-05 01:39:44,01:39:44,212303.9,cash_withdrawal,M00299,VND,success,desktop,D000874,28.240.204.130,debit_card,Bangkok,"10.003275,106.432801",53,M,2019-09-23,active,0.6,0,0,0,auto_approved,0.1197,2022
40b3c315-43ce-4f6d-8e3d-7c06f8dbc53b,U000516,2022-10-21 00:22:56,00:22:56,227294.27,purchase,M00042,VND,success,desktop,D000696,235.183.70.105,mobile_wallet,Bangkok,"12.99524,102.341353",42,F,2018-10-02,active,0.57,0,0,0,auto_approved,0.0819,2022
fbe0eee4-2f44-42e8-a723-3cbf3abee5da,U000071,2022-12-18 08:38:27,08:38:27,205540.78,purchase,M00169,USD,success,mobile,D002654,5.48.100.47,bank_transfer,Ho Chi Minh City,"12.619532,105.369186",57,F,2022-06-05,active,0.55,0,0,0,auto_approved,0.2387,2022
5ed1376a-d5e9-4f40-a575-bf268ca4e351,U001920,2022-12-15 18:30:40,18:30:40,774761.13,transfer,M00365,USD,success,atm,D001125,228.223.5.83,bank_transfer,Bangkok,"11.268429,105.126834",40,F,2015-11-28,active,0.9,1,0,0,auto_approved,0.2863,2022
a5277610-a892-418d-a724-67078cbff472,U000288,2022-01-02 03:40:10,03:40:10,278956.16,bill_payment,M00237,USD,success,atm,D001307,70.91.218.64,bank_transfer,Bangkok,"16.662518,102.112068",29,M,2019-07-01,active,0.59,0,0,0,auto_approved,0.4087,2022
7b569052-5f46-46cd-aed5-67bdc3aaaad8,U001026,2022-01-13 20:47:38,20:47:38,664432.14,transfer,M00127,VND,success,pos,D001940,195.202.92.32,mobile_wallet,Hanoi,"17.852458,105.118114",51,M,2014-05-31,active,0.71,0,0,0,auto_approved,0.1357,2022
08f41f2b-7bb9-4e7b-bf02-29b0f2e21ad7,U001834,2022-10-07 22:08:07,22:08:07,10186.29,online_payment,M00079,VND,failed,desktop,D001489,18.184.78.184,credit_card,Bangkok,"18.652411,103.396899",53,M,2016-11-25,active,0.6,0,1,0,auto_approved,0.4832,2022
bd3657e4-43aa-41a8-8dac-b1aff1f2d9dd,U001045,2022-04-23 19:44:12,19:44:12,208450.49,online_payment,M00290,VND,success,pos,D000193,182.14.155.55,mobile_wallet,Bangkok,"15.223214,107.322277",68,F,2021-08-19,active,0.54,0,1,1,pending_review,0.4468,2022
ba3c339f-e824-4461-ba1d-02001f474afa,U000554,2022-03-27 06:18:16,06:18:16,328512.7,transfer,M00428,VND,success,atm,D001489,89.103.49.199,bank_transfer,Da Nang,"15.731549,105.647801",69,M,2015-12-19,active,0.93,0,0,0,auto_approved,0.0174,2022
db43dcf7-d2fd-4d3a-b3d9-f64f3de927dc,U001029,2022-10-17 19:30:30,19:30:30,309493.78,purchase,M00289,USD,success,atm,D000478,167.17.32.151,credit_card,Ho Chi Minh City,"13.086545,105.282033",66,F,2020-12-13,active,0.98,0,0,0,auto_approved,0.3764,2022
a4ddc7e8-c61b-4679-a7c2-552f76471089,U000300,2022-02-28 04:49:54,04:49:54,1270214.28,online_payment,M00285,VND,success,mobile,D001265,95.222.125.178,debit_card,Da Nang,"16.411939,103.068234",19,F,2020-07-25,active,0.86,0,0,0,auto_approved,0.3224,2022
b8aeb7e2-792d-4c95-9cba-4802753debed,U001291,2022-11-28 19:46:57,19:46:57,1322744.41,online_payment,M00327,VND,success,atm,D001643,204.251.129.134,debit_card,Bangkok,"12.656052,103.432214",66,M,2017-01-30,active,0.58,0,0,0,auto_approved,0.4021,2022
fd01a76b-f4f6-4667-b533-e11df6507fd2,U001847,2022-11-19 20:42:15,20:42:15,1495389.42,bill_payment,M00481,USD,failed,atm,D002618,240.39.85.188,bank_transfer,Singapore,"12.419144,106.644496",32,M,2022-03-25,under_review,0.65,0,0,0,auto_approved,0.2307,2022
f8f0cc8b-e8ae-4df3-b959-d35c05e411f7,U000333,2022-11-03 05:17:55,05:17:55,93042.5,transfer,M00327,USD,success,desktop,D002777,238.36.90.137,bank_transfer,Kuala Lumpur,"19.401624,103.630818",20,F,2018-07-27,active,0.92,0,0,0,auto_approved,0.1083,2022
e7391736-0692-49e8-9caa-979d49294cfc,U000151,2022-09-24 18:16:58,18:16:58,840382.79,purchase,M00379,VND,success,mobile,D001551,148.212.1.97,debit_card,Hanoi,"13.972853,105.770407",40,M,2022-07-19,active,0.55,0,0,0,auto_approved,0.2962,2022
509ca7b1-50ea-4242-a457-fe4b885c0f78,U000839,2022-02-01 19:14:02,19:14:02,1017750.53,cash_withdrawal,M00354,USD,success,pos,D001114,247.56.27.118,credit_card,Ho Chi Minh City,"20.821435,107.56483",55,F,2021-11-23,under_review,0.74,0,1,0,auto_approved,0.4311,2022
f97bd500-7e43-4fc4-8a9f-4fdb844efa0f,U000888,2022-05-15 01:26:06,01:26:06,310871.81,online_payment,M00034,USD,success,pos,D001660,116.176.57.225,mobile_wallet,Singapore,"15.33847,107.972551",31,F,2018-01-31,active,0.9,1,0,0,auto_approved,0.1149,2022
fbcf057d-4073-4a29-ba30-e850595e74bb,U000537,2022-10-07 23:33:24,23:33:24,313578.59,online_payment,M00187,VND,success,desktop,D000958,158.67.43.73,credit_card,Singapore,"11.19765,107.471929",58,M,2018-01-31,active,0.6,0,0,0,auto_approved,0.3516,2022
b7aa05e2-fbd8-47e6-96fb-df555b3b79d4,U001077,2022-09-24 00:59:38,00:59:38,429958.62,bill_payment,M00473,VND,success,mobile,D002778,199.133.194.149,bank_transfer,Hanoi,"20.586025,107.936105",65,F,2019-09-05,active,0.78,0,0,0,auto_approved,0.0463,2022
5b8d2230-b593-4b94-a9d5-0fcdee35b304,U000044,2022-03-17 21:01:35,21:01:35,424027.14,purchase,M00478,USD,success,atm,D001550,64.243.115.74,bank_transfer,Da Nang,"19.619896,105.852859",59,M,2019-11-01,blocked,0.71,0,0,0,auto_approved,0.4249,2022
c8c85cb3-986f-413c-a573-3b10ad43b419,U000824,2022-03-16 18:33:12,18:33:12,944521.83,cash_withdrawal,M00083,USD,success,desktop,D001836,88.141.211.217,bank_transfer,Bangkok,"8.286864,105.45135",52,M,2014-10-25,active,0.67,0,0,0,auto_approved,0.3104,2022
9c362331-ea4c-4507-9897-68f0f96e7439,U001474,2022-01-14 12:27:44,12:27:44,122256.31,bill_payment,M00191,USD,success,atm,D000918,63.9.8.136,credit_card,Bangkok,"11.156655,102.799906",53,F,2018-10-13,active,0.88,0,0,0,auto_approved,0.2444,2022
ea724a18-8468-4217-a034-5ca9133b5627,U000096,2022-06-15 16:57:54,16:57:54,764760.55,bill_payment,M00017,USD,success,pos,D002182,106.31.160.184,bank_transfer,Kuala Lumpur,"20.198994,106.869668",68,F,2021-05-25,active,0.8,0,1,1,pending_review,0.2896,2022
c7d4a28b-5198-4cbe-b119-a8ed57bb34d3,U000530,2022-12-19 05:49:51,05:49:51,430548.58,transfer,M00134,USD,success,desktop,D001340,191.52.255.189,bank_transfer,Bangkok,"16.411432,103.318352",45,F,2021-03-07,active,0.49,1,0,0,auto_approved,0.3094,2022
8f3d1afb-7ce0-4c33-9452-2df021d933b7,U000242,2022-04-10 14:39:44,14:39:44,98213.75,online_payment,M00293,USD,success,desktop,D001904,245.127.216.70,mobile_wallet,Bangkok,"13.826008,107.33971",63,F,2020-09-08,active,0.83,2,1,0,auto_approved,0.4343,2022
89a2cf20-4382-4c79-a79a-230557ca6cea,U001577,2022-01-25 14:56:14,14:56:14,474759.32,online_payment,M00003,VND,success,atm,D000924,76.240.23.227,credit_card,Kuala Lumpur,"17.205055,104.312547",58,F,2020-03-24,active,0.94,0,0,0,auto_approved,0.022,2022
5076d744-9cc2-4867-a9c8-2dcd2c426a05,U001557,2022-02-02 22:18:31,22:18:31,103300.1,bill_payment,M00013,USD,success,desktop,D002067,128.172.50.249,bank_transfer,Da Nang,"19.01263,102.849309",30,F,2019-01-05,under_review,0.88,0,0,0,auto_approved,0.4437,2022
137ce9ef-9802-4721-868c-073231e67faf,U000489,2022-11-04 03:09:25,03:09:25,832416.43,transfer,M00389,VND,success,mobile,D002181,185.115.46.107,credit_card,Bangkok,"8.272745,103.916363",35,M,2019-02-01,active,0.94,0,1,0,auto_approved,0.3765,2022
1e991fe8-139a-460e-8f46-cf00ce0797c8,U000236,2022-06-01 02:16:23,02:16:23,159074.12,transfer,M00477,USD,success,atm,D000327,186.125.31.196,credit_card,Singapore,"9.337259,102.555414",47,M,2020-09-04,active,0.86,0,0,0,auto_approved,0.3978,2022
a27cd863-bf70-4f79-a68c-d41b53323d88,U000440,2022-09-14 16:53:01,16:53:01,160842.15,bill_payment,M00370,USD,success,pos,D002300,142.179.202.3,credit_card,Singapore,"11.50007,108.835727",56,F,2019-04-30,active,0.87,0,0,0,auto_approved,0.1947,2022
b3ff3c9f-5565-42bc-b0d3-0f2f028f47b0,U000090,2022-02-07 23:22:33,23:22:33,164118.65,online_payment,M00172,VND,success,desktop,D000178,157.37.48.103,debit_card,Hanoi,"15.696993,104.955356",25,F,2015-01-19,active,0.93,0,0,0,auto_approved,0.2438,2022
3cacd597-a5ea-4c36-ba61-aecb64e320ee,U000084,2022-09-28 04:40:11,04:40:11,595547.81,transfer,M00075,USD,success,mobile,D001973,246.28.114.122,bank_transfer,Kuala Lumpur,"21.933427,102.614943",36,F,2015-10-18,active,0.62,1,0,0,auto_approved,0.3158,2022
41dc61fe-744e-48df-a130-3345e0225daf,U001572,2022-06-08 07:43:33,07:43:33,755893.65,online_payment,M00360,VND,success,desktop,D000622,193.48.117.102,mobile_wallet,Bangkok,"16.352238,107.131388",40,M,2020-03-14,active,0.88,0,0,0,auto_approved,0.3866,2022
944a44db-a082-44b8-9a6c-f9e20cc0dd17,U000527,2022-07-11 23:18:39,23:18:39,452362.15,bill_payment,M00310,VND,success,mobile,D000665,69.204.234.143,mobile_wallet,Hanoi,"10.175088,102.610713",37,F,2016-03-26,active,0.94,2,1,1,pending_review,0.5161,2022
909a2051-4158-43f7-9f94-cee33a39b910,U000406,2022-02-15 04:41:18,04:41:18,113967.19,bill_payment,M00493,VND,success,desktop,D001057,52.138.205.77,mobile_wallet,Ho Chi Minh City,"18.616225,103.774657",35,M,2020-03-24,active,0.61,2,1,1,pending_review,0.228,2022
e5fc59eb-9614-4210-9ddd-c2ef48448b3a,U000230,2022-05-12 14:22:58,14:22:58,578190.77,transfer,M00237,VND,success,atm,D000867,148.187.60.18,debit_card,Singapore,"17.027872,104.395027",25,F,2018-01-26,active,0.93,0,0,0,auto_approved,0.1846,2022
7901881e-9687-4b33-94b4-b5fc088177f9,U001038,2022-07-30 08:43:38,08:43:38,824043.42,purchase,M00293,USD,success,atm,D000479,217.12.73.155,debit_card,Ho Chi Minh City,"12.567769,103.58137",28,F,2015-05-11,active,0.79,0,0,0,auto_approved,0.0815,2022
e2d24c26-c3ba-403b-91ce-2fc48856a950,U001377,2022-04-11 02:52:51,02:52:51,312198.63,online_payment,M00046,USD,success,atm,D000754,27.152.197.39,mobile_wallet,Da Nang,"11.865164,103.071039",24,M,2019-08-06,active,0.89,0,0,0,auto_approved,0.1443,2022
efe8eb45-9d71-4a7f-8dce-b2d793c193ae,U001633,2022-10-06 02:43:51,02:43:51,181526.41,transfer,M00375,USD,success,atm,D002518,45.20.130.220,credit_card,Singapore,"19.777363,102.454108",32,M,2018-07-17,active,0.74,0,0,0,auto_approved,0.1528,2022
170bc0c0-9eaf-4071-bee6-c5ed89656f50,U001648,2022-04-09 19:59:48,19:59:48,442568.29,purchase,M00158,VND,success,atm,D001928,104.1.206.107,credit_card,Kuala Lumpur,"19.798526,102.138843",58,F,2016-02-22,active,0.83,0,0,0,auto_approved,0.381,2022
7c5b8efc-9c66-419e-8677-9f97231fc21b,U000771,2022-06-07 02:09:09,02:09:09,795243.0,transfer,M00058,VND,success,atm,D001878,18.12.2.231,credit_card,Ho Chi Minh City,"11.95128,102.687786",47,F,2014-06-19,active,0.65,0,0,0,auto_approved,0.2198,2022
d54d762a-bd3f-492e-8171-c02d62cb0971,U000661,2022-03-03 13:53:32,13:53:32,400310.66,transfer,M00384,VND,success,atm,D001159,146.222.18.127,mobile_wallet,Hanoi,"18.62417,107.519744",22,M,2014-05-07,blocked,0.82,0,0,0,auto_approved,0.1755,2022
ad786ad4-e4fb-4a1e-8ae7-7fec9c392a53,U001146,2022-04-12 14:58:00,14:58:00,1165809.6,bill_payment,M00488,USD,success,mobile,D002203,82.20.37.175,mobile_wallet,Da Nang,"17.298557,103.679982",36,F,2017-09-23,active,0.48,0,0,0,auto_approved,0.2318,2022
91c473d3-33d3-4cb1-976d-2747fd26f004,U000157,2022-07-18 08:51:25,08:51:25,703502.2,online_payment,M00297,USD,success,desktop,D002464,39.177.73.190,mobile_wallet,Ho Chi Minh City,"19.344304,102.921361",31,M,2018-07-07,active,0.96,0,0,0,auto_approved,0.0946,2022
9a04e450-f3da-4bfb-9df8-5b85af6c073e,U000623,2022-05-31 11:34:18,11:34:18,19475.84,purchase,M00122,USD,success,pos,D002279,183.124.229.30,debit_card,Ho Chi Minh City,"21.101359,108.257489",38,F,2019-10-04,active,0.83,0,0,0,auto_approved,0.4368,2022
9c40ab35-e7de-44c0-8b8b-c7477dd59c3d,U001462,2022-02-10 19:38:30,19:38:30,16543.83,purchase,M00057,VND,success,atm,D000758,186.103.117.170,mobile_wallet,Da Nang,"17.361483,105.956138",22,M,2021-12-26,active,0.78,0,0,0,auto_approved,0.3027,2022
70ec18a7-14e5-48cc-b004-dca489abe7da,U001922,2022-07-16 18:56:32,18:56:32,862258.42,purchase,M00247,VND,success,atm,D001285,51.70.197.79,mobile_wallet,Singapore,"8.635878,107.481808",58,F,2019-11-05,active,0.84,0,0,0,auto_approved,0.1983,2022
5de93e1f-767e-47fe-9e08-db06ba23f429,U001701,2022-10-05 03:23:18,03:23:18,303551.17,cash_withdrawal,M00431,USD,success,atm,D001723,228.153.192.27,debit_card,Hanoi,"12.98373,107.992614",66,F,2021-04-05,active,0.9,3,1,0,auto_approved,0.4564,2022
303a79aa-4577-46cb-95c9-3b9b70acaf6e,U000800,2022-04-21 12:27:16,12:27:16,119876.62,online_payment,M00086,USD,success,desktop,D000160,57.212.85.182,debit_card,Bangkok,"17.532387,108.597269",70,F,2014-12-24,active,0.71,1,0,0,auto_approved,0.5816,2022
7ac341db-9705-4735-9f1e-db44763dd7ea,U000141,2022-03-07 14:42:40,14:42:40,2966.73,cash_withdrawal,M00174,VND,success,desktop,D000356,198.97.138.144,credit_card,Ho Chi Minh City,"21.927179,107.660819",33,F,2017-07-19,active,0.76,0,0,0,auto_approved,0.2637,2022
47678cb9-ea56-430d-90c0-ca1be2786ac6,U001791,2022-06-06 04:33:11,04:33:11,160152.97,online_payment,M00225,USD,pending,mobile,D002867,162.50.70.203,mobile_wallet,Singapore,"13.727572,105.688172",62,F,2017-11-01,active,0.79,0,0,0,auto_approved,0.4231,2022
ad70cf04-45f0-4543-b990-2800c21d9b57,U001908,2022-03-30 00:50:27,00:50:27,669367.71,transfer,M00061,VND,success,atm,D002751,201.141.188.130,credit_card,Bangkok,"10.864832,105.417464",53,M,2016-04-24,active,0.78,0,0,0,auto_approved,0.3683,2022
fed0439e-fca8-46bc-a3e2-2ef796d940a8,U000835,2022-07-25 12:48:10,12:48:10,266752.9,online_payment,M00396,VND,success,atm,D001654,96.223.50.169,credit_card,Ho Chi Minh City,"16.570918,106.758185",18,F,2022-01-17,active,0.82,0,0,0,auto_approved,0.1473,2022
9b212989-8662-441b-ac88-b7ad161d4367,U000848,2022-07-22 20:12:23,20:12:23,45022.53,online_payment,M00192,VND,success,pos,D001305,38.59.133.139,credit_card,Singapore,"13.987872,106.786014",62,M,2015-05-27,active,0.5,0,0,0,auto_approved,0.1035,2022
eee5c409-03d8-4a1a-878c-a5b815d39011,U001410,2022-06-16 18:17:02,18:17:02,221709.76,bill_payment,M00334,VND,success,desktop,D000384,59.7.174.227,debit_card,Bangkok,"20.333651,108.14922",43,M,2019-04-07,active,0.47,0,1,0,auto_approved,0.2586,2022
6c9e9016-8230-42f5-ab22-89b1ef809611,U000288,2022-06-12 18:57:46,18:57:46,481689.62,purchase,M00417,USD,success,mobile,D000736,221.85.207.75,bank_transfer,Hanoi,"9.280634,103.951032",65,F,2019-10-26,active,0.65,0,0,0,auto_approved,0.3158,2022
48a2fb5a-2fce-429a-9578-66babb627f12,U000248,2022-07-22 12:20:55,12:20:55,745035.2,transfer,M00227,VND,success,desktop,D001142,212.165.106.86,credit_card,Ho Chi Minh City,"21.51952,105.463102",68,F,2016-06-30,active,0.55,0,1,0,auto_approved,0.3067,2022
7b64f56b-ef0b-41e4-9c18-abb4d5d2c4c4,U000528,2022-05-22 05:28:57,05:28:57,298260.89,bill_payment,M00364,VND,success,desktop,D000412,79.143.185.182,debit_card,Ho Chi Minh City,"17.817145,106.012566",31,M,2019-01-01,active,0.92,0,0,0,auto_approved,0.201,2022
8c8132f2-2c4a-4478-875e-bd00c0f8459a,U000111,2022-03-29 12:52:06,12:52:06,1584709.08,purchase,M00294,VND,success,pos,D001730,144.120.101.147,mobile_wallet,Singapore,"15.552911,103.179784",44,M,2017-11-22,active,0.97,0,0,0,auto_approved,0.0573,2022
9129b827-47da-49ad-bf67-e2e94597791e,U001186,2022-11-18 03:15:40,03:15:40,1142415.09,purchase,M00408,USD,success,pos,D001467,198.28.239.134,credit_card,Hanoi,"8.610657,107.641391",63,F,2016-06-17,active,0.62,0,0,0,auto_approved,0.2831,2022
35f8d6a9-a80e-415d-853a-c3a0f179d222,U000818,2022-06-16 01:58:25,01:58:25,377052.48,online_payment,M00256,USD,success,desktop,D002567,124.148.73.38,mobile_wallet,Ho Chi Minh City,"18.072374,102.217258",40,F,2021-06-25,active,0.57,0,0,0,auto_approved,0.3754,2022
eb3af1c8-815c-4ce7-a9d3-7404720fcef3,U000961,2022-10-16 19:22:09,19:22:09,162149.21,transfer,M00305,USD,pending,mobile,D000085,19.133.155.204,debit_card,Singapore,"18.148222,104.758732",30,M,2015-08-30,active,0.57,0,0,0,auto_approved,0.4115,2022
27667e8b-ece3-4b5d-8607-29a19303abf1,U000858,2022-10-08 09:47:17,09:47:17,601530.19,online_payment,M00125,VND,success,mobile,D002472,112.249.134.197,debit_card,Hanoi,"20.320741,103.986946",49,F,2016-11-10,active,0.78,1,0,0,auto_approved,0.1578,2022
da66d19f-389f-4737-bc53-f7646ff1d1d3,U000186,2022-12-18 23:57:08,23:57:08,205979.93,bill_payment,M00067,VND,success,atm,D000146,72.108.152.115,credit_card,Hanoi,"21.533464,106.983423",37,F,2017-01-30,active,0.97,0,0,0,auto_approved,0.2235,2022
44489f11-8b3a-4510-a2ac-9a0d33d9be0f,U001639,2022-01-29 06:37:44,06:37:44,1371879.93,online_payment,M00473,USD,success,desktop,D002076,5.104.119.11,bank_transfer,Kuala Lumpur,"14.532121,104.15649",42,M,2015-09-06,active,0.59,0,0,0,auto_approved,0.3556,2022
355a8682-178e-4373-8435-89febd862d9c,U000810,2022-05-29 03:22:37,03:22:37,86551.44,purchase,M00144,VND,success,atm,D000614,54.173.184.192,bank_transfer,Ho Chi Minh City,"17.917254,105.61479",61,M,2014-03-17,active,0.55,0,0,0,auto_approved,0.2738,2022
7face42f-a4e6-4582-8670-43ca1106be2c,U000156,2022-10-21 20:31:42,20:31:42,934240.38,cash_withdrawal,M00187,USD,success,pos,D000027,108.114.232.45,credit_card,Da Nang,"13.34808,108.102951",44,F,2020-12-24,active,0.84,0,0,0,auto_approved,0.419,2022
da5288c4-3b11-49b1-b114-b74e06b83b7c,U000831,2022-05-19 09:31:36,09:31:36,165265.42,cash_withdrawal,M00224,USD,success,pos,D002461,24.161.233.131,credit_card,Hanoi,"8.267514,108.386355",41,F,2019-12-12,active,0.48,0,0,0,auto_approved,0.2701,2022
9c8b830b-91eb-4c17-8fcd-12ed8de05933,U001150,2022-11-15 01:49:52,01:49:52,1860042.35,cash_withdrawal,M00412,VND,success,atm,D000172,215.169.19.243,credit_card,Da Nang,"8.723927,106.786517",62,M,2018-07-02,active,0.85,0,0,0,auto_approved,0.3345,2022
e065dc4c-d415-4e4c-b35b-d56bba4744d6,U000938,2022-03-16 11:16:23,11:16:23,25003.02,online_payment,M00323,USD,success,atm,D001731,158.51.163.49,debit_card,Hanoi,"12.365597,107.138108",46,M,2014-04-16,active,0.72,0,0,0,auto_approved,0.4335,2022
8ae2ceb7-3b0e-4aca-a796-147e21d8054b,U001208,2022-10-28 14:01:39,14:01:39,644567.84,transfer,M00001,USD,success,desktop,D001304,37.19.6.245,bank_transfer,Singapore,"21.474341,108.007795",52,F,2021-05-27,active,0.95,0,0,0,auto_approved,0.1295,2022
0f30fe0a-3bea-40f7-bd74-27f2e5a0e81d,U001761,2022-11-28 14:24:57,14:24:57,2994434.61,purchase,M00332,USD,success,pos,D002122,27.176.171.3,credit_card,Hanoi,"12.280149,108.245137",60,M,2018-01-31,blocked,0.53,0,0,0,auto_approved,0.0572,2022
6a2c1411-b25a-4b74-a346-fbbea6960fe7,U000244,2022-12-16 05:20:36,05:20:36,1726031.55,transfer,M00420,VND,success,mobile,D002327,234.210.56.82,debit_card,Bangkok,"8.387643,108.166467",58,M,2015-07-10,active,0.62,0,1,0,auto_approved,0.654,2022
a2e9116c-7162-4709-aa1c-b5da55389b3c,U000040,2022-11-09 15:07:33,15:07:33,107528.42,online_payment,M00463,USD,success,desktop,D002251,48.227.131.187,mobile_wallet,Kuala Lumpur,"17.301371,105.431538",29,F,2020-10-17,active,0.69,0,0,0,auto_approved,0.4341,2022
10c29d51-e8fd-4634-a1cc-72cc535d550a,U000337,2022-04-24 19:11:21,19:11:21,223857.09,cash_withdrawal,M00322,USD,success,atm,D001044,250.63.69.116,debit_card,Bangkok,"20.180498,102.396033",26,F,2018-04-22,active,0.91,0,0,0,auto_approved,0.0566,2022
a7a40013-bd53-4f2d-8c8c-68f383207f4e,U000243,2022-10-16 17:46:54,17:46:54,108679.84,online_payment,M00089,USD,success,pos,D002105,143.94.152.78,mobile_wallet,Hanoi,"16.814153,102.963246",39,M,2022-02-16,active,0.71,2,1,0,auto_approved,0.5206,2022
0d6b3a83-dc8e-470e-8492-23437f4738c6,U001618,2022-07-24 13:34:47,13:34:47,2902765.95,transfer,M00422,USD,success,desktop,D002300,103.34.155.50,debit_card,Singapore,"8.143465,106.707339",45,M,2018-05-11,active,0.67,0,0,0,auto_approved,0.2475,2022
670c5cc4-313e-461d-821d-05ee025baf55,U000649,2022-12-10 14:49:50,14:49:50,389187.05,purchase,M00364,VND,success,pos,D002478,17.237.238.90,mobile_wallet,Singapore,"17.40072,106.75624",57,F,2021-12-16,active,0.57,0,0,0,auto_approved,0.069,2022
e74b11e5-486b-4893-8ae9-51b3dcb081f5,U001421,2022-04-19 16:12:44,16:12:44,1814424.59,cash_withdrawal,M00296,USD,failed,mobile,D001169,65.63.182.88,mobile_wallet,Kuala Lumpur,"14.274775,104.079996",30,F,2021-02-22,active,0.67,0,0,0,auto_approved,0.3142,2022
85683325-59ed-4fc5-ba33-b03ef348b179,U001647,2022-12-07 16:10:04,16:10:04,605047.39,bill_payment,M00428,USD,success,pos,D000368,84.12.235.27,credit_card,Da Nang,"20.506746,102.697545",52,M,2015-08-26,under_review,0.55,0,0,0,auto_approved,0.3937,2022
023105dd-cf5c-4173-bc19-7d3423487c3d,U000578,2022-11-18 05:20:48,05:20:48,828857.65,cash_withdrawal,M00289,VND,success,pos,D001475,109.236.70.218,credit_card,Kuala Lumpur,"11.318916,107.976705",52,F,2020-06-16,active,0.66,0,0,0,auto_approved,0.4075,2022
cd4a53b0-2a85-4d0b-aed1-9b4797d8d31d,U001995,2022-06-14 01:54:04,01:54:04,1118896.11,cash_withdrawal,M00382,VND,success,atm,D001859,250.154.4.156,mobile_wallet,Singapore,"20.759759,104.036547",30,F,2016-09-12,active,0.55,0,0,0,auto_approved,0.1258,2022
f45f197f-515e-4997-96fe-b172776d088f,U000308,2022-04-30 11:30:18,11:30:18,763755.73,purchase,M00045,USD,success,desktop,D001284,73.235.51.17,mobile_wallet,Kuala Lumpur,"11.688682,103.192819",43,M,2016-02-02,active,0.61,0,0,0,auto_approved,0.2128,2022
5a5dcd9e-48d0-4e0c-a378-1fb63e284a17,U001234,2022-06-19 15:41:06,15:41:06,95021.1,cash_withdrawal,M00087,VND,success,mobile,D002539,178.51.46.115,mobile_wallet,Hanoi,"13.21963,104.595944",69,F,2015-01-09,active,0.47,0,0,0,auto_approved,0.1294,2022
cdf4a163-7924-48bb-9f79-aa271f890dbd,U001632,2022-11-24 09:34:09,09:34:09,3122442.92,purchase,M00399,USD,success,desktop,D000850,30.234.162.177,credit_card,Kuala Lumpur,"15.875472,106.666843",32,F,2021-12-16,under_review,0.57,0,1,0,auto_approved,0.458,2022
8459128a-4a73-4d66-a9ba-70070f17f66c,U001313,2022-12-24 23:04:23,23:04:23,230794.85,purchase,M00209,VND,failed,mobile,D000012,151.10.233.205,debit_card,Singapore,"9.737207,107.305005",32,F,2020-09-10,active,0.6,0,0,0,auto_approved,0.0934,2022
ebf6c399-72ce-4b82-8198-5711b9dfbe9d,U000400,2022-02-05 09:09:49,09:09:49,267585.89,cash_withdrawal,M00469,USD,success,mobile,D002770,7.72.230.46,credit_card,Kuala Lumpur,"14.689435,105.303264",48,F,2016-03-22,active,0.52,0,1,1,pending_review,0.3144,2022
1e632b1a-0889-4a99-84ce-061f2fcee5b9,U000748,2022-04-22 04:47:56,04:47:56,88774.08,online_payment,M00453,USD,success,pos,D001038,4.185.240.104,bank_transfer,Kuala Lumpur,"8.335958,103.30972",58,F,2020-09-23,active,0.63,0,0,0,auto_approved,0.4008,2022
7d5bad86-04e2-4cd8-b49b-74fa8b1ad20d,U000295,2022-02-21 10:18:55,10:18:55,1080473.51,online_payment,M00221,VND,success,pos,D002318,205.195.63.40,debit_card,Hanoi,"20.718247,106.502111",59,F,2018-12-24,active,0.76,0,0,0,auto_approved,0.2134,2022
56541b36-9556-4efc-9211-3265c9761993,U000840,2022-02-02 19:15:41,19:15:41,354744.89,cash_withdrawal,M00058,USD,success,mobile,D000246,203.74.13.227,debit_card,Da Nang,"17.44724,103.601179",33,M,2014-01-07,active,0.65,0,0,0,auto_approved,0.1075,2022
cdfcb363-48c8-4c9c-94ac-d13e1f30e57e,U001051,2022-03-26 21:05:43,21:05:43,1340452.35,cash_withdrawal,M00320,USD,success,pos,D001270,175.120.74.70,debit_card,Hanoi,"12.355437,107.754203",43,F,2017-12-30,active,0.96,0,0,0,auto_approved,0.2102,2022
24686bef-5344-494d-b67d-45d8c13b8a48,U001737,2022-04-04 00:24:50,00:24:50,1220108.97,online_payment,M00388,USD,success,desktop,D000085,110.110.196.213,bank_transfer,Kuala Lumpur,"20.260567,106.824482",65,M,2015-08-11,active,0.51,0,0,0,auto_approved,0.3234,2022
9a27f36a-cc2e-400a-ba7d-34f2241767b2,U000678,2022-05-25 01:19:28,01:19:28,308277.78,purchase,M00336,USD,success,pos,D001161,164.237.108.161,mobile_wallet,Hanoi,"15.303778,102.512989",56,M,2015-02-25,active,0.6,1,0,0,auto_approved,0.5842,2022
a03ca28a-6358-45f8-9864-8c3e4b3cdff2,U000716,2022-04-22 05:17:44,05:17:44,1377863.19,online_payment,M00337,VND,success,pos,D000146,142.134.11.144,debit_card,Singapore,"13.17287,106.290833",29,F,2018-06-02,active,0.9,0,0,0,auto_approved,0.3748,2022
aac7ab00-6bc8-4ffc-8e1f-2a919106e6cb,U000274,2022-12-09 21:40:49,21:40:49,1039941.16,online_payment,M00193,VND,success,atm,D000900,222.61.163.173,debit_card,Singapore,"20.065002,104.465239",42,M,2016-10-19,active,0.45,0,0,0,auto_approved,0.0232,2022
8a6c20fe-48b0-4488-a387-14f34554bc6c,U001472,2022-03-23 19:00:55,19:00:55,24542.73,bill_payment,M00181,VND,success,pos,D002224,59.172.215.58,credit_card,Bangkok,"9.853611,108.383462",22,M,2017-09-25,active,0.89,0,0,0,auto_approved,0.1114,2022
e1f89bbc-b143-444c-9f9a-40910cbb62f3,U000039,2022-04-19 05:04:32,05:04:32,197501.29,cash_withdrawal,M00052,USD,success,atm,D001426,40.135.10.181,mobile_wallet,Hanoi,"8.734744,107.575495",18,M,2016-05-21,active,0.51,0,0,0,auto_approved,0.1272,2022
228120e2-9dac-43b1-9780-c4681ebe475f,U000838,2022-07-07 21:56:56,21:56:56,747836.4,purchase,M00452,VND,success,mobile,D000242,250.95.43.222,mobile_wallet,Bangkok,"13.271409,105.911509",53,M,2020-01-25,active,0.89,3,1,0,auto_approved,0.3352,2022
45e0b8dc-a73d-4ad1-b293-0542b29081df,U001260,2022-03-22 22:34:23,22:34:23,765941.77,online_payment,M00129,VND,success,desktop,D001093,116.9.90.89,credit_card,Ho Chi Minh City,"21.232686,106.181216",28,M,2016-08-09,active,0.5,0,0,0,auto_approved,0.1719,2022
5f7f34d1-9a07-4b2a-ba3c-e7f3f608c46e,U000709,2022-02-01 16:18:32,16:18:32,474398.46,online_payment,M00356,USD,success,desktop,D000736,42.93.254.23,debit_card,Da Nang,"9.127951,105.880734",25,F,2019-07-28,active,0.97,2,1,0,auto_approved,0.2099,2022
15129149-fa1b-4bde-afb9-4d76a6de598b,U000653,2022-10-16 09:02:36,09:02:36,142786.46,purchase,M00273,VND,success,desktop,D002574,125.110.49.62,mobile_wallet,Hanoi,"16.238938,106.241987",69,F,2020-05-04,active,0.71,0,1,0,auto_approved,0.3961,2022
6dee3741-6242-4fcd-a472-e7b20bc48a06,U000742,2022-04-03 20:24:08,20:24:08,137863.63,cash_withdrawal,M00450,VND,success,pos,D002238,201.226.147.244,debit_card,Ho Chi Minh City,"10.396026,107.222045",51,F,2014-05-11,blocked,0.96,0,0,0,auto_approved,0.4451,2022
c8fb4c82-1c3b-4164-a2a4-57a2608e39e2,U001484,2022-06-28 11:25:29,11:25:29,1706397.86,bill_payment,M00113,USD,success,mobile,D001874,222.110.164.81,credit_card,Bangkok,"8.576864,104.092087",29,F,2020-12-15,active,0.77,0,1,0,auto_approved,0.612,2022
909cd4cf-5be4-49f7-91bc-b56dbdb8eb43,U001799,2022-05-29 22:28:45,22:28:45,2103663.34,purchase,M00038,VND,success,mobile,D000428,102.33.67.136,bank_transfer,Da Nang,"9.812687,107.617352",60,F,2021-11-14,active,0.47,1,0,0,auto_approved,0.6355,2022
77362c9e-59ef-48fa-a6a5-9759f53635e3,U001514,2022-08-01 03:00:47,03:00:47,394237.07,bill_payment,M00240,USD,success,atm,D000782,177.108.34.152,mobile_wallet,Singapore,"19.036486,105.101671",48,F,2020-04-18,active,0.93,0,0,0,auto_approved,0.0244,2022
f06dc698-e78b-47ac-81e0-c2ed44ca2e46,U001107,2022-03-22 11:33:53,11:33:53,22006.28,purchase,M00113,USD,success,pos,D001808,144.207.242.91,debit_card,Ho Chi Minh City,"12.154105,103.7604",49,F,2015-03-05,active,0.78,0,0,0,auto_approved,0.4324,2022
fe554f7d-f86b-42dd-95be-a394c3fdf94e,U001651,2022-07-17 07:03:46,07:03:46,148150.13,purchase,M00320,USD,success,pos,D000826,142.119.188.186,bank_transfer,Singapore,"12.146173,102.914626",50,F,2020-09-11,active,0.96,0,1,0,auto_approved,0.3545,2022
6c1012f5-c83e-466d-92ae-54f932dc66f8,U000406,2022-03-16 18:16:57,18:16:57,239874.7,online_payment,M00430,VND,success,atm,D000202,90.212.199.158,credit_card,Ho Chi Minh City,"21.845718,107.700854",62,M,2021-09-12,active,0.83,0,0,0,auto_approved,0.0699,2022
fc113455-1b8e-4300-adae-9bd3c91ab994,U000895,2022-11-30 13:03:50,13:03:50,727233.08,bill_payment,M00182,USD,success,mobile,D002625,85.182.120.24,debit_card,Singapore,"12.945087,103.748932",22,M,2020-12-04,active,0.56,0,0,0,auto_approved,0.1046,2022
8cb2d64c-2329-4850-9107-260e33d1aef3,U001158,2022-02-01 01:57:32,01:57:32,643127.0,cash_withdrawal,M00494,VND,success,pos,D002450,12.221.227.119,credit_card,Kuala Lumpur,"13.847202,106.183392",50,F,2017-03-27,active,0.7,0,0,0,auto_approved,0.222,2022
fe288e72-bba8-4eb1-a1a3-4285b57849ef,U000426,2022-04-15 13:32:17,13:32:17,1008826.67,online_payment,M00064,VND,success,desktop,D002459,178.200.189.59,mobile_wallet,Hanoi,"10.726133,107.379174",62,F,2016-04-17,active,0.52,0,0,0,auto_approved,0.4022,2022
0065bce5-7fba-4429-9900-1f73e33a3703,U001062,2022-08-02 23:09:58,23:09:58,1198684.53,online_payment,M00313,VND,success,atm,D002433,92.95.149.111,mobile_wallet,Singapore,"19.088585,107.181226",52,F,2015-04-25,active,0.87,0,0,0,auto_approved,0.2015,2022
04bca3b9-29d4-4a80-8516-265710b22b0e,U000458,2022-06-06 08:56:49,08:56:49,423489.8,cash_withdrawal,M00255,VND,success,mobile,D001447,88.153.252.77,credit_card,Da Nang,"19.671159,103.432493",33,M,2016-04-12,active,0.93,0,0,0,auto_approved,0.1547,2022
bc395e10-98a0-4d53-8112-950ed6a7141f,U001228,2022-02-15 05:07:16,05:07:16,964686.14,transfer,M00044,USD,success,atm,D002916,5.158.71.226,bank_transfer,Da Nang,"10.811392,108.295",66,M,2014-01-16,active,0.45,1,0,0,auto_approved,0.2015,2022
0eabc8f2-0ebd-4521-accc-e791324590a4,U000158,2022-03-27 22:03:01,22:03:01,108898.53,cash_withdrawal,M00408,USD,success,mobile,D002535,186.168.135.65,mobile_wallet,Bangkok,"18.776413,105.79085",27,F,2015-08-28,active,0.66,0,1,0,auto_approved,0.4462,2022
d090d2ae-f301-4fb7-af29-c47aaa1a3196,U000650,2022-07-27 14:01:07,14:01:07,863860.19,purchase,M00191,USD,success,mobile,D001337,59.11.23.69,credit_card,Singapore,"16.988878,107.720562",35,M,2020-04-19,active,0.82,0,1,0,auto_approved,0.3649,2022
e6985488-2e67-466e-91b7-490fb0bca8a9,U001797,2022-10-09 04:33:37,04:33:37,670756.7,online_payment,M00311,VND,success,atm,D002291,245.143.68.120,bank_transfer,Bangkok,"13.933491,102.154486",26,M,2015-06-16,active,0.62,0,0,0,auto_approved,0.286,2022
c73a4f40-08b1-4a7b-b439-45bb990aad38,U000339,2022-03-28 18:15:45,18:15:45,2090043.15,transfer,M00408,USD,success,atm,D001356,110.117.151.226,mobile_wallet,Da Nang,"15.387219,108.406621",56,F,2020-03-15,active,0.68,0,0,0,auto_approved,0.1512,2022
a046f8f4-6eb2-4c6b-87ab-fbc1ccecbe65,U000301,2022-07-02 02:54:21,02:54:21,289096.82,cash_withdrawal,M00027,USD,success,atm,D001981,142.166.158.105,credit_card,Singapore,"19.496472,103.125942",68,M,2017-05-25,active,0.53,0,0,0,auto_approved,0.0865,2022
a0191a45-e6a2-487d-9348-51fdb37d3493,U001131,2022-09-07 14:15:01,14:15:01,45117.21,bill_payment,M00447,USD,success,atm,D000471,194.169.99.245,credit_card,Bangkok,"13.62592,103.254468",50,M,2018-01-22,active,0.65,0,0,0,auto_approved,0.2861,2022
13421138-6019-4a1f-9639-838844fc6f6f,U000094,2022-06-22 11:52:04,11:52:04,385520.49,online_payment,M00480,VND,success,atm,D002161,180.59.230.156,mobile_wallet,Hanoi,"12.692942,103.746249",18,F,2021-06-22,active,0.48,0,0,0,auto_approved,0.4291,2022
5c07fc92-b9ce-4d94-ba2d-d86276d8842b,U000497,2022-08-31 21:24:50,21:24:50,340011.08,cash_withdrawal,M00391,USD,success,atm,D002756,186.141.98.108,bank_transfer,Bangkok,"19.362409,104.85478",41,M,2015-10-11,active,0.98,0,0,0,auto_approved,0.0611,2022
997b586f-ee8b-4ddf-8f5c-34cdecd70e08,U001196,2022-01-08 03:00:21,03:00:21,75242.41,transfer,M00200,VND,success,mobile,D002024,133.217.189.88,debit_card,Hanoi,"20.737045,106.14759",21,M,2015-03-31,active,0.72,0,0,0,auto_approved,0.0847,2022
cedef050-b87d-47af-a481-b0ba6f01a436,U001379,2022-07-04 17:05:25,17:05:25,631518.25,bill_payment,M00006,VND,success,mobile,D002589,209.189.242.207,mobile_wallet,Singapore,"17.976561,107.441304",32,F,2021-06-17,active,0.96,0,0,0,auto_approved,0.0921,2022
5dd7fab9-4e8b-4a00-a6d0-0ed83fbd7915,U001319,2022-06-06 09:10:58,09:10:58,586695.82,cash_withdrawal,M00308,VND,success,atm,D000509,77.9.14.88,bank_transfer,Ho Chi Minh City,"12.562288,107.915694",57,M,2018-03-07,active,0.65,0,0,0,auto_approved,0.2505,2022
f100aa74-705d-4ca6-a7cf-380dd345894c,U001235,2022-01-07 05:35:05,05:35:05,340593.46,transfer,M00369,VND,success,pos,D001695,133.178.244.236,credit_card,Bangkok,"10.746419,105.116452",51,M,2014-12-26,active,0.56,0,0,0,auto_approved,0.3329,2022
a1e3fa0d-7aae-4b4d-9ad7-e768ad5a36e6,U001904,2022-11-12 19:41:04,19:41:04,1066736.94,bill_payment,M00094,VND,success,atm,D000765,182.117.198.114,credit_card,Ho Chi Minh City,"21.127457,106.342458",18,M,2015-11-09,active,0.53,0,0,0,auto_approved,0.0755,2022
024a0103-9dba-4b41-897f-7dccdb5843d2,U001286,2022-03-20 03:39:43,03:39:43,919980.45,purchase,M00157,USD,success,mobile,D000692,235.177.98.211,credit_card,Singapore,"20.077034,106.681355",30,F,2015-07-26,active,0.95,0,0,0,auto_approved,0.223,2022
657daa90-c087-42f2-ac06-0f54a86e1b4a,U001227,2022-08-14 18:04:05,18:04:05,20032.73,online_payment,M00059,VND,success,atm,D002578,74.19.214.129,bank_transfer,Hanoi,"15.675156,102.777247",25,M,2020-07-30,active,0.94,0,0,0,auto_approved,0.4172,2022
6baeea40-b416-4311-b767-c6c5dde1d678,U000597,2022-10-10 09:59:22,09:59:22,212907.93,purchase,M00293,USD,failed,desktop,D001389,131.157.157.229,debit_card,Kuala Lumpur,"15.56783,103.466094",26,F,2019-12-23,active,0.48,0,0,0,auto_approved,0.2226,2022
40a343aa-0caf-4202-8f9b-317c0064c2b7,U000474,2022-09-24 12:14:22,12:14:22,37444.79,cash_withdrawal,M00214,USD,pending,pos,D001889,185.180.190.37,bank_transfer,Kuala Lumpur,"20.311054,106.058067",38,F,2022-08-15,under_review,0.58,0,0,0,auto_approved,0.3818,2022
d40bdc2c-c822-4331-b050-41a378bd6d3b,U000293,2022-07-16 13:30:36,13:30:36,1053564.73,bill_payment,M00050,VND,pending,desktop,D002396,129.53.74.15,mobile_wallet,Bangkok,"16.141511,105.074283",39,F,2020-05-06,under_review,0.66,0,0,0,auto_approved,0.1085,2022
646d008f-1b1c-418b-9266-d1392d5e0012,U001811,2022-02-21 19:12:58,19:12:58,572949.83,purchase,M00012,VND,success,desktop,D002159,17.215.218.120,debit_card,Singapore,"13.959737,105.908154",67,F,2017-06-25,under_review,0.93,0,0,0,auto_approved,0.428,2022
3b998eda-ca93-4f59-8489-67bdc36c8806,U001753,2022-03-06 15:16:42,15:16:42,365338.03,cash_withdrawal,M00238,VND,success,atm,D002504,194.148.230.20,bank_transfer,Singapore,"21.819577,106.227296",33,M,2019-06-09,active,0.64,0,0,0,auto_approved,0.1438,2022
0c10cb0b-9f7b-45cd-8ed3-ad82d5f41e46,U000326,2022-05-28 12:53:02,12:53:02,110496.84,cash_withdrawal,M00013,VND,success,atm,D000340,96.24.127.165,mobile_wallet,Ho Chi Minh City,"18.635045,108.71728",66,F,2018-08-07,active,0.54,0,1,0,auto_approved,0.2114,2022
ebe62c95-b930-472a-8bd7-cda25ac26258,U001643,2022-10-19 00:57:52,00:57:52,1171319.57,purchase,M00482,VND,success,atm,D002666,11.6.107.86,bank_transfer,Hanoi,"16.624253,108.623848",62,M,2018-11-24,active,0.75,0,1,0,auto_approved,0.5408,2022
fdc400a7-e0db-471c-8712-54764a28c6c5,U001652,2022-03-20 13:39:21,13:39:21,280485.24,bill_payment,M00088,USD,success,mobile,D002993,73.254.133.152,mobile_wallet,Da Nang,"17.182048,108.911476",22,M,2015-04-21,active,0.6,0,0,0,auto_approved,0.0398,2022
f03a1d29-4cfd-47ad-9cbc-56fbc7ef5a50,U001028,2022-08-11 14:31:38,14:31:38,887915.2,online_payment,M00353,VND,success,desktop,D001860,237.30.236.213,debit_card,Bangkok,"10.927794,104.674185",43,M,2022-04-26,active,0.94,0,0,0,auto_approved,0.3642,2022
8ebae2cb-3536-4ab4-b97d-cdbba7c14b5c,U000171,2022-05-30 22:36:10,22:36:10,157301.77,purchase,M00296,USD,success,mobile,D001135,10.191.192.110,debit_card,Da Nang,"20.338263,103.015779",47,M,2015-08-14,active,0.8,0,0,0,auto_approved,0.3132,2022
2ae41bc7-c01d-4822-bfbd-3d7f0ebc5f47,U001128,2022-01-01 21:09:53,21:09:53,627683.81,bill_payment,M00134,USD,success,atm,D002766,38.19.181.161,debit_card,Bangkok,"12.55217,107.175728",27,F,2019-11-04,active,0.84,0,1,0,auto_approved,0.2855,2022
7d13f7c3-75f9-4802-a46c-368a15db1990,U001194,2022-06-01 16:32:56,16:32:56,674306.26,purchase,M00341,VND,success,desktop,D001361,218.144.85.11,bank_transfer,Ho Chi Minh City,"12.373862,108.01648",45,M,2016-07-29,active,0.55,0,0,0,auto_approved,0.0177,2022
db618c66-cf2f-4e08-933a-408ad55e88a7,U001080,2022-11-14 04:17:24,04:17:24,1134075.34,transfer,M00328,USD,success,pos,D000032,213.171.144.46,bank_transfer,Kuala Lumpur,"15.689974,104.084456",29,M,2015-03-29,active,0.7,0,0,0,auto_approved,0.362,2022
298763ec-0428-48fe-a938-ab9a6085d96d,U000914,2022-03-05 09:08:11,09:08:11,573847.47,transfer,M00410,USD,success,pos,D002423,93.82.113.222,credit_card,Hanoi,"18.125674,107.204069",26,M,2018-05-08,active,1.0,0,0,0,auto_approved,0.3961,2022
d12a8003-4df4-4d9b-9f50-0259d4bc2614,U000427,2022-11-06 08:02:34,08:02:34,269595.08,transfer,M00229,USD,success,desktop,D002188,34.245.218.129,debit_card,Da Nang,"11.85131,103.521932",29,M,2015-11-26,active,0.83,0,0,0,auto_approved,0.268,2022
61e4aeab-283b-421b-a47c-5671f6d65669,U000911,2022-02-01 08:47:30,08:47:30,663456.53,transfer,M00210,VND,success,mobile,D002091,194.94.170.164,mobile_wallet,Da Nang,"8.790934,106.760703",50,F,2015-11-22,active,0.61,0,0,0,auto_approved,0.3913,2022
9bb68344-2bad-4473-8023-83a6f2b54369,U001377,2022-05-18 17:05:47,17:05:47,2046277.71,transfer,M00179,VND,failed,desktop,D000055,203.35.124.153,debit_card,Singapore,"16.498607,102.76077",39,F,2016-05-08,active,0.66,0,0,0,auto_approved,0.2521,2022
90471afa-be96-4486-a114-dc5ab0da88ab,U001733,2022-03-28 03:28:38,03:28:38,176383.04,transfer,M00417,VND,success,pos,D001048,94.63.83.76,credit_card,Ho Chi Minh City,"9.904956,102.189333",21,F,2021-02-08,active,0.99,0,0,0,auto_approved,0.3953,2022
35dcec38-8d0a-4f5c-9343-20bae5cceb18,U000920,2022-09-07 15:05:16,15:05:16,596474.05,purchase,M00335,VND,success,atm,D000254,19.72.122.46,bank_transfer,Hanoi,"21.611648,108.182936",45,M,2015-12-08,active,0.86,0,0,0,auto_approved,0.2523,2022
85b9c818-f5da-4218-9948-d4c318986c59,U001586,2022-05-08 07:35:24,07:35:24,92128.72,transfer,M00303,USD,failed,atm,D000048,69.39.69.96,bank_transfer,Ho Chi Minh City,"18.817402,105.905111",39,F,2015-09-07,active,0.84,0,0,0,auto_approved,0.0946,2022
682a9832-81ae-40c8-87ab-4b5035869b39,U001791,2022-06-27 15:01:05,15:01:05,414030.66,bill_payment,M00230,VND,success,atm,D000245,223.0.26.249,debit_card,Da Nang,"21.525353,102.048387",31,F,2016-04-14,active,0.97,0,0,0,auto_approved,0.0673,2022
633fb4a3-f6de-4eb7-ac71-60dbadf8a8e1,U000142,2022-04-18 07:57:11,07:57:11,500956.22,bill_payment,M00138,USD,success,mobile,D000895,114.226.186.24,mobile_wallet,Singapore,"17.895829,108.421116",39,F,2016-07-31,active,0.77,0,0,0,auto_approved,0.1327,2022
afab54da-1383-4a71-b6fc-a2b05b40bd42,U000456,2022-02-10 19:44:54,19:44:54,233502.9,online_payment,M00302,VND,success,pos,D002408,247.93.40.132,debit_card,Ho Chi Minh City,"13.473077,108.657136",44,M,2017-06-14,active,0.85,0,0,0,auto_approved,0.1127,2022
d72b061d-5671-4db3-b7a5-9dd173603642,U001979,2022-06-17 23:29:22,23:29:22,1297937.74,online_payment,M00477,USD,success,atm,D002484,19.226.70.117,bank_transfer,Bangkok,"11.297809,102.136113",68,M,2015-05-16,active,0.74,0,1,0,auto_approved,0.3187,2022
3695c60f-a711-422b-8524-60fb17e39f68,U000309,2022-04-30 08:02:52,08:02:52,524826.17,cash_withdrawal,M00069,USD,success,pos,D002885,168.181.42.219,bank_transfer,Hanoi,"14.309957,107.751984",22,F,2015-11-25,active,0.79,0,0,0,auto_approved,0.2514,2022
f2685fd5-c3c0-47f9-994b-7e301d2778a0,U000493,2022-09-28 01:20:20,01:20:20,276073.58,bill_payment,M00299,VND,success,desktop,D001619,182.102.232.239,credit_card,Da Nang,"18.595482,107.232971",49,F,2018-03-05,active,0.77,1,0,0,auto_approved,0.5544,2022
099c9b1a-fb50-4e46-be63-3a56e9e1867d,U000405,2022-03-15 00:02:45,00:02:45,465673.41,bill_payment,M00363,USD,success,mobile,D001744,218.23.189.96,debit_card,Kuala Lumpur,"19.368929,106.32306",34,F,2021-04-02,active,0.9,0,1,0,auto_approved,0.3127,2022
6d5a3e56-5ab3-4e14-848c-2a6242d6ed56,U000814,2022-01-30 11:46:56,11:46:56,61424.25,online_payment,M00057,VND,success,pos,D002372,190.136.154.15,debit_card,Da Nang,"9.490658,103.871613",50,M,2019-11-20,active,0.95,0,0,0,auto_approved,0.2621,2022
47964fa5-1f0e-4118-bf39-c759d7b3f665,U001790,2022-04-18 10:54:17,10:54:17,188306.31,transfer,M00452,VND,success,atm,D001444,252.129.102.230,mobile_wallet,Da Nang,"12.908043,107.055133",70,F,2017-02-10,active,0.64,0,0,0,auto_approved,0.3061,2022
ebbf88ff-9e0e-4426-bbf1-d9e0fce723a9,U000711,2022-02-21 08:14:04,08:14:04,584914.07,bill_payment,M00038,VND,success,pos,D002083,236.110.224.30,credit_card,Hanoi,"10.725831,102.514566",42,M,2020-02-27,active,0.87,2,1,0,auto_approved,0.2294,2022
5b161b05-54a9-4c56-bca0-5c315055dfb9,U001542,2022-09-06 13:10:19,13:10:19,377151.31,purchase,M00140,VND,success,mobile,D002333,234.55.43.63,debit_card,Ho Chi Minh City,"20.543028,107.657391",32,F,2021-09-12,active,0.71,0,0,0,auto_approved,0.2061,2022
28fc8f9c-bcae-4db8-a7ad-24f454391fb3,U000249,2022-09-23 05:25:17,05:25:17,599145.2,cash_withdrawal,M00010,USD,success,atm,D000611,224.127.103.238,bank_transfer,Hanoi,"15.322319,107.848882",60,M,2017-08-23,active,0.74,0,0,0,auto_approved,0.43,2022
1289b943-073f-4974-8155-77475d82ef1f,U001927,2022-11-04 00:46:24,00:46:24,17072.3,cash_withdrawal,M00183,VND,success,mobile,D002477,51.64.180.99,mobile_wallet,Singapore,"21.258912,104.58612",36,M,2019-06-20,active,0.72,1,0,0,auto_approved,0.1978,2022
2063d721-43e7-438e-a25a-16f432e4e6f8,U001574,2022-03-06 07:43:19,07:43:19,6816.81,online_payment,M00183,USD,success,desktop,D001521,84.28.73.121,bank_transfer,Kuala Lumpur,"11.59923,106.351206",44,M,2021-03-17,active,0.99,1,0,0,auto_approved,0.4462,2022
b612593b-8536-4d71-ba45-1a46e5537d73,U000110,2022-01-14 13:10:42,13:10:42,703712.86,bill_payment,M00252,VND,success,atm,D000722,25.147.203.253,debit_card,Hanoi,"18.686777,105.934746",51,M,2021-10-31,under_review,0.85,0,0,0,auto_approved,0.1996,2022
bf3cd46c-9dfb-4ce5-a781-845d31c60d03,U000525,2022-06-27 05:41:50,05:41:50,68682.35,purchase,M00077,VND,pending,desktop,D000912,42.18.0.253,debit_card,Kuala Lumpur,"10.756865,104.292066",31,F,2020-05-02,active,0.86,0,0,0,auto_approved,0.1432,2022
459a029b-76d8-4dd0-9fc3-d23d6a042c37,U001036,2022-06-06 15:58:16,15:58:16,12166.43,bill_payment,M00096,VND,failed,mobile,D002305,10.168.195.85,bank_transfer,Ho Chi Minh City,"20.300712,105.220739",18,F,2021-01-05,active,0.87,1,0,0,auto_approved,0.4381,2022
9625d6c6-3ebd-4148-b045-c2f980fbd54f,U001780,2022-02-04 22:44:50,22:44:50,363436.75,online_payment,M00443,VND,success,pos,D002622,55.49.151.155,bank_transfer,Bangkok,"17.162515,105.034243",67,F,2017-01-07,active,0.63,0,0,0,auto_approved,0.2942,2022
59ff80ad-cac9-4a43-bfc1-b77523f97b7c,U001126,2022-11-25 23:05:50,23:05:50,979357.97,purchase,M00450,VND,success,atm,D001378,23.136.171.14,debit_card,Da Nang,"10.783125,107.109356",64,M,2019-04-08,active,0.62,0,0,0,auto_approved,0.3001,2022
2b2c4c8c-7e89-46c7-a0ef-1055bfb08d91,U000164,2022-04-08 07:35:32,07:35:32,1253328.42,cash_withdrawal,M00092,VND,success,desktop,D001947,247.168.213.155,mobile_wallet,Bangkok,"13.986491,105.313042",37,M,2016-07-20,active,0.97,0,0,0,auto_approved,0.3018,2022
c61eb46d-77d4-4a53-95bd-dc3bf3ceb26f,U001452,2022-07-10 14:32:59,14:32:59,44058.53,online_payment,M00361,USD,success,atm,D000253,111.169.85.204,bank_transfer,Bangkok,"8.264587,104.47319",66,M,2021-11-06,active,0.54,0,0,0,auto_approved,0.2156,2022
928ea2f7-115a-428e-a900-6e30b1ddb1f3,U001821,2022-11-03 07:03:09,07:03:09,327885.83,cash_withdrawal,M00053,USD,success,desktop,D001097,207.83.64.78,bank_transfer,Kuala Lumpur,"18.562953,102.950015",27,M,2020-04-09,active,0.47,0,0,0,auto_approved,0.2882,2022
6c4a2728-6275-4874-b77b-61223a150bac,U000439,2022-11-04 13:10:26,13:10:26,552975.06,bill_payment,M00112,USD,success,desktop,D001079,247.129.253.61,credit_card,Hanoi,"14.721266,102.838919",24,M,2021-01-13,active,0.47,0,0,0,auto_approved,0.1099,2022
0e243ecd-0a99-4b5c-960d-644cd097b61f,U001816,2022-07-04 18:46:02,18:46:02,378443.52,cash_withdrawal,M00410,VND,success,desktop,D001094,33.92.84.87,mobile_wallet,Singapore,"10.037273,102.208161",52,M,2014-06-04,active,0.9,0,1,0,auto_approved,0.5465,2022
050bc032-b5a2-4801-86c4-85f1a460a2b0,U001034,2022-02-09 02:31:05,02:31:05,553759.99,transfer,M00199,USD,success,pos,D002704,42.143.60.183,debit_card,Bangkok,"12.589245,102.26827",51,F,2020-12-24,active,0.93,0,0,0,auto_approved,0.1684,2022
edeb81d1-a347-4b93-8c17-ae5a673cd2c7,U001994,2022-05-03 03:13:17,03:13:17,531194.42,bill_payment,M00150,VND,success,mobile,D001270,208.173.132.22,credit_card,Hanoi,"14.505489,106.615548",46,M,2019-01-07,active,0.63,1,0,0,auto_approved,0.3862,2022
82480912-ab06-48c3-a580-c2b30f9806be,U000535,2022-09-05 00:26:20,00:26:20,4451352.37,online_payment,M00499,USD,success,mobile,D001743,165.131.151.105,bank_transfer,Da Nang,"15.961331,108.643217",40,M,2015-11-09,active,0.55,0,1,1,pending_review,0.5788,2022
bed9739a-83ac-4856-b166-b33efb834df5,U000622,2022-12-12 06:52:09,06:52:09,761773.13,bill_payment,M00281,VND,failed,pos,D002962,134.199.254.55,mobile_wallet,Singapore,"18.206861,108.342126",39,M,2021-04-28,active,0.83,0,0,0,auto_approved,0.3726,2022
38f661e5-57ba-490e-ae22-52957004142e,U001667,2022-08-28 22:23:53,22:23:53,28668.33,cash_withdrawal,M00192,USD,success,desktop,D002024,118.241.183.237,mobile_wallet,Kuala Lumpur,"17.370331,102.679292",59,F,2020-09-10,active,0.81,0,0,0,auto_approved,0.4235,2022
664f5e97-86c4-4e14-a8f3-f370821893b0,U001609,2022-10-31 01:10:06,01:10:06,227467.13,purchase,M00219,VND,success,desktop,D001871,173.12.104.232,debit_card,Bangkok,"11.244071,102.352394",37,M,2020-10-06,active,0.6,0,0,0,auto_approved,0.1674,2022
37b4a714-5b87-486f-949e-65bdc51afcbf,U000416,2022-11-03 01:24:07,01:24:07,2591375.03,online_payment,M00036,USD,success,mobile,D001316,9.28.113.122,debit_card,Hanoi,"13.463713,107.046879",21,F,2022-07-29,active,0.71,1,0,0,auto_approved,0.5559,2022
fd4f3f4a-79ac-4656-a821-2fa9ee9abfbc,U001541,2022-10-12 06:52:02,06:52:02,114784.47,purchase,M00456,VND,success,mobile,D002039,170.208.230.136,credit_card,Hanoi,"20.851621,106.885541",60,M,2021-04-14,active,0.59,1,0,0,auto_approved,0.5233,2022
0919eef7-1f3e-4a91-986e-99f5eeea1c2c,U001277,2022-05-31 04:20:25,04:20:25,615422.0,purchase,M00386,USD,failed,pos,D000366,239.48.132.67,credit_card,Kuala Lumpur,"17.197358,106.941829",29,F,2016-10-03,active,0.86,0,0,0,auto_approved,0.313,2022
668e98cb-48ee-4aa9-8c7d-4ad990aa089d,U000368,2022-08-29 10:37:21,10:37:21,693690.36,purchase,M00396,VND,success,atm,D002141,209.82.53.195,mobile_wallet,Ho Chi Minh City,"13.262076,107.633621",59,F,2017-06-22,active,0.69,0,0,0,auto_approved,0.3008,2022
b64845de-2947-422e-bf0c-6eef1c2b2032,U001211,2022-02-13 11:35:34,11:35:34,706426.87,purchase,M00430,USD,success,pos,D000205,76.62.197.235,debit_card,Kuala Lumpur,"16.599716,106.118221",37,M,2020-02-27,active,0.82,2,1,1,pending_review,0.7521,2022
14d8c6e4-0415-496e-9d9b-bf650cbdb79f,U000099,2022-05-25 04:38:21,04:38:21,1098965.09,bill_payment,M00305,USD,success,pos,D001345,204.229.227.177,debit_card,Da Nang,"19.271836,108.596885",44,M,2021-01-05,active,0.79,0,0,0,auto_approved,0.0602,2022
b7245faa-8d96-4723-ba1a-aceac5e360c7,U000513,2022-11-19 00:29:13,00:29:13,1883454.55,bill_payment,M00496,USD,success,atm,D001331,73.218.71.86,credit_card,Singapore,"20.716052,107.802868",46,M,2021-04-21,active,0.62,0,0,0,auto_approved,0.0875,2022
c3125086-b7cc-488d-98c9-778b5ac62b41,U001281,2022-03-21 18:31:52,18:31:52,5049560.66,cash_withdrawal,M00108,VND,success,atm,D001108,224.180.237.224,bank_transfer,Ho Chi Minh City,"14.696405,104.13932",51,F,2015-05-26,active,0.71,0,1,0,auto_approved,0.2462,2022
7411f52e-dc56-4402-a650-d8fab6ddf404,U001211,2022-05-01 11:57:31,11:57:31,520881.54,purchase,M00412,VND,success,mobile,D001621,252.145.36.252,bank_transfer,Ho Chi Minh City,"13.809773,102.907009",30,M,2019-05-12,active,0.64,0,0,0,auto_approved,0.1441,2022
65c5d03e-4628-4a65-836a-c09fa9c3fbd6,U001297,2022-06-04 03:27:55,03:27:55,185158.41,cash_withdrawal,M00380,USD,success,atm,D000891,105.207.155.123,bank_transfer,Hanoi,"11.477216,104.467525",18,F,2020-01-29,active,0.46,1,0,0,auto_approved,0.1052,2022
2be7008e-664e-4fd6-bfd2-82b2c95d7c95,U001817,2022-10-30 14:52:47,14:52:47,1614224.14,online_payment,M00236,VND,success,atm,D002672,103.244.153.249,mobile_wallet,Bangkok,"14.215481,106.840892",24,F,2020-01-18,active,0.5,0,0,0,auto_approved,0.4068,2022
2269e427-a944-4e36-8568-bfdc74ec640d,U001807,2022-07-01 15:16:03,15:16:03,932624.85,online_payment,M00062,USD,success,pos,D001303,129.169.31.156,mobile_wallet,Ho Chi Minh City,"13.240995,103.908726",42,F,2017-08-12,active,0.64,0,0,0,auto_approved,0.278,2022
9575de27-7ae9-498e-be59-d54f495d67d0,U000019,2022-09-22 12:10:49,12:10:49,1497882.33,online_payment,M00149,VND,pending,pos,D000364,70.124.125.203,debit_card,Singapore,"21.843253,103.880648",55,F,2017-08-22,active,0.8,0,0,0,auto_approved,0.1542,2022
896f74bf-24e6-4721-bbd6-284ee3c11955,U000436,2022-01-10 06:54:58,06:54:58,612122.4,bill_payment,M00494,USD,success,desktop,D001402,144.18.74.102,bank_transfer,Ho Chi Minh City,"8.262619,105.969044",37,F,2018-03-28,active,0.7,0,0,0,auto_approved,0.0327,2022
ae66da02-0d97-4693-89e9-00f98b28185d,U000394,2022-02-01 06:52:16,06:52:16,51441.57,online_payment,M00259,VND,success,pos,D000554,78.158.175.14,bank_transfer,Da Nang,"19.789607,107.685284",42,F,2016-03-31,blocked,0.51,0,0,0,auto_approved,0.0723,2022
fa393044-a534-4f14-8653-b4e0b10cc65b,U001389,2022-09-06 01:41:22,01:41:22,1292170.4,bill_payment,M00480,VND,success,mobile,D001402,238.169.104.166,mobile_wallet,Ho Chi Minh City,"20.218286,105.562192",30,F,2019-02-21,active,0.64,0,0,0,auto_approved,0.312,2022
eb4d0a51-1a66-427c-baa0-359562ac2f09,U000769,2022-10-15 02:06:01,02:06:01,1142177.58,bill_payment,M00179,USD,success,pos,D001145,152.172.98.44,bank_transfer,Hanoi,"11.352789,105.66543",49,M,2019-08-19,active,0.55,0,0,0,auto_approved,0.1851,2022
10a20bef-8e90-4120-a772-3b3f8826a145,U000293,2022-06-16 00:29:36,00:29:36,2528186.68,online_payment,M00499,VND,success,desktop,D000997,198.172.108.135,credit_card,Da Nang,"21.160103,108.814077",59,F,2022-03-27,active,0.95,0,0,0,auto_approved,0.4418,2022
95b47884-ebc0-483c-bfb6-597fded8cfe7,U001922,2022-08-05 14:35:53,14:35:53,1578102.78,bill_payment,M00443,USD,success,desktop,D001601,14.7.247.50,mobile_wallet,Da Nang,"21.927594,106.272571",49,F,2016-10-28,active,0.47,0,0,0,auto_approved,0.2089,2022
af3b5cfd-7551-4190-9f2f-87f158aab1ff,U001625,2022-04-04 18:02:27,18:02:27,213589.01,bill_payment,M00155,USD,success,mobile,D001727,122.67.62.218,bank_transfer,Bangkok,"16.734092,108.576642",65,F,2018-01-21,active,0.75,0,0,0,auto_approved,0.2186,2022
ba7a0fcb-3215-4379-9beb-2cf7ab56fa8d,U000753,2022-11-15 23:10:52,23:10:52,1047001.31,bill_payment,M00006,VND,success,desktop,D000961,146.34.221.150,debit_card,Ho Chi Minh City,"16.047747,108.7728",45,M,2018-07-09,active,0.67,0,0,0,auto_approved,0.3649,2022
10ee7513-0cc2-414c-a466-730a2c1460a1,U000307,2022-07-28 11:43:47,11:43:47,679916.99,bill_payment,M00478,USD,success,pos,D001185,10.131.233.47,bank_transfer,Singapore,"15.585246,108.059299",52,F,2021-05-09,active,0.56,0,0,0,auto_approved,0.1971,2022
f9bf6fd5-c0c8-4685-bc09-e4b0806e8b45,U001986,2022-05-08 11:19:18,11:19:18,168678.6,bill_payment,M00281,VND,success,mobile,D000836,203.176.164.153,bank_transfer,Singapore,"14.418143,102.804062",58,F,2017-11-14,active,0.97,0,1,0,auto_approved,0.576,2022
41f31241-5410-4295-844f-6637f5e11f37,U001998,2022-02-01 18:08:42,18:08:42,1032778.62,transfer,M00484,USD,success,pos,D002669,43.223.115.243,mobile_wallet,Da Nang,"17.280281,104.639791",46,F,2021-05-02,blocked,0.91,1,0,0,auto_approved,0.2842,2022
ffaf10b7-0ee0-4216-a9b7-215545fb7e7e,U001144,2022-04-03 21:42:43,21:42:43,1188887.07,purchase,M00432,VND,success,mobile,D000426,233.166.232.137,bank_transfer,Ho Chi Minh City,"14.068424,104.395354",54,M,2016-05-19,active,0.92,0,0,0,auto_approved,0.3827,2022
c236f788-8613-4f95-afbe-24c3ccc6906f,U000120,2022-05-18 19:07:48,19:07:48,380658.72,purchase,M00461,VND,success,atm,D002547,232.128.109.238,debit_card,Singapore,"21.399589,106.976055",52,M,2019-02-08,active,0.79,0,0,0,auto_approved,0.2505,2022
8cdef8e5-94c5-4c22-9292-0b0fb111ef85,U000628,2022-03-15 17:07:29,17:07:29,509157.2,online_payment,M00451,USD,success,desktop,D000720,46.7.210.235,bank_transfer,Singapore,"10.199228,103.496696",23,M,2016-10-12,active,0.73,1,0,0,auto_approved,0.4894,2022
1b879dc5-e7ef-4e75-bfa4-5ed8642cb10d,U001090,2022-03-20 09:57:31,09:57:31,50941.41,cash_withdrawal,M00442,VND,success,atm,D000281,100.40.160.111,mobile_wallet,Bangkok,"15.033907,108.862414",46,M,2016-05-11,active,0.81,0,0,0,auto_approved,0.191,2022
a3fe7e58-fa25-4a48-b7cb-1f3d315bb9b9,U001683,2022-04-08 11:49:28,11:49:28,1831460.01,transfer,M00021,VND,success,pos,D000912,31.35.126.105,debit_card,Kuala Lumpur,"19.635473,104.717313",38,M,2019-07-15,active,0.73,1,0,0,auto_approved,0.5673,2022
ab8f48c8-4b1a-4609-8a71-72fe8ae583eb,U000170,2022-03-07 16:40:37,16:40:37,178597.42,transfer,M00275,USD,success,desktop,D001857,172.214.158.9,debit_card,Singapore,"10.565801,104.709828",29,M,2018-12-07,active,0.76,0,0,0,auto_approved,0.1683,2022
fd3b5837-2fbc-4b55-9357-2065f260333b,U000028,2022-10-22 19:51:29,19:51:29,276218.7,bill_payment,M00343,VND,success,mobile,D000849,14.64.8.214,mobile_wallet,Singapore,"10.100729,107.20508",44,F,2015-06-11,active,0.68,0,0,0,auto_approved,0.2682,2022
31d7c07b-bbbf-4403-b17d-76c798e4175a,U000775,2022-12-02 23:00:20,23:00:20,676044.11,online_payment,M00309,USD,success,mobile,D001993,85.209.138.53,debit_card,Singapore,"15.430181,105.905134",25,M,2022-05-04,active,0.74,0,0,0,auto_approved,0.1048,2022
8631d87f-e803-4547-855c-a8e746f0ac94,U001855,2022-06-18 14:03:48,14:03:48,30426.66,transfer,M00003,VND,success,mobile,D002682,152.54.54.170,mobile_wallet,Hanoi,"9.564595,106.299668",69,M,2020-07-14,active,0.56,0,0,0,auto_approved,0.2625,2022
f644e2a3-f6a3-4e4c-8548-2f272bfb608a,U001851,2022-06-05 04:51:26,04:51:26,394722.74,bill_payment,M00229,VND,success,mobile,D002300,239.199.178.63,mobile_wallet,Kuala Lumpur,"18.22415,106.925309",27,F,2015-11-04,active,0.83,0,0,0,auto_approved,0.1793,2022
b627c25b-cf46-455f-9e3a-e7fea73048e4,U000572,2022-10-21 00:37:17,00:37:17,265730.13,cash_withdrawal,M00427,USD,success,pos,D002775,104.229.214.216,bank_transfer,Bangkok,"21.93938,104.550737",55,M,2018-06-12,blocked,0.48,1,0,0,auto_approved,0.2998,2022
b847679f-0f5e-43de-b0f2-446ea77880bf,U001267,2022-04-06 07:42:12,07:42:12,103582.58,bill_payment,M00142,USD,success,desktop,D001054,166.227.34.183,mobile_wallet,Singapore,"11.072737,102.864377",36,M,2020-12-14,active,0.56,0,1,0,auto_approved,0.555,2022
72615a32-4e7b-47a4-a8dd-96f1989a9167,U001144,2022-01-14 07:17:46,07:17:46,762809.41,bill_payment,M00353,VND,success,mobile,D002308,98.254.79.35,bank_transfer,Ho Chi Minh City,"10.420094,105.346637",52,M,2021-08-05,active,0.95,0,0,0,auto_approved,0.1285,2022
838bcd18-8717-4e46-8010-b8fb5f4befa9,U001753,2022-01-20 19:51:21,19:51:21,1163357.2,transfer,M00319,VND,success,pos,D000558,66.155.251.165,mobile_wallet,Da Nang,"18.466169,104.423543",43,M,2020-08-31,active,0.56,2,1,1,pending_review,0.573,2022
54d829e5-4019-4529-879d-6bcaa6565090,U000958,2022-04-20 11:25:12,11:25:12,875205.15,transfer,M00022,USD,success,mobile,D001938,141.93.181.130,mobile_wallet,Bangkok,"13.128094,103.162575",53,F,2016-07-09,active,0.91,0,1,0,auto_approved,0.305,2022
165b0fad-df34-4fcb-be20-90991f7d2e0b,U000964,2022-02-24 11:44:31,11:44:31,69482.48,purchase,M00449,VND,success,atm,D001902,98.18.79.238,debit_card,Ho Chi Minh City,"17.470713,103.135589",50,F,2019-12-18,active,0.77,0,0,0,auto_approved,0.267,2022
3dd6315c-d708-4eff-a3ba-ab11c2045907,U001597,2022-02-28 01:27:07,01:27:07,606431.23,transfer,M00032,USD,failed,desktop,D001597,191.25.90.97,debit_card,Da Nang,"14.458193,103.789089",56,M,2017-10-18,active,0.95,0,0,0,auto_approved,0.0609,2022
9beb0111-50c5-4b6b-bdcc-5eab1b89c014,U000797,2022-09-27 18:35:21,18:35:21,253739.85,transfer,M00130,USD,success,pos,D000471,101.173.196.117,bank_transfer,Ho Chi Minh City,"17.262788,104.368496",25,F,2017-03-22,active,0.73,2,1,0,auto_approved,0.6023,2022
b1919bd1-9596-40dd-bfc8-5ce4923d33b0,U000213,2022-12-12 12:02:09,12:02:09,2156890.32,transfer,M00019,USD,success,atm,D002040,29.200.144.112,mobile_wallet,Da Nang,"9.612649,104.259558",28,M,2019-06-06,active,0.52,0,0,0,auto_approved,0.1235,2022
3c847818-5e85-4f1e-a58c-b62fc02ba806,U001503,2022-04-19 06:16:18,06:16:18,714947.45,purchase,M00493,VND,success,pos,D002309,188.88.134.140,credit_card,Bangkok,"9.184714,103.003364",55,F,2018-08-13,active,0.54,0,0,0,auto_approved,0.4083,2022
e0811139-b96d-4166-8c88-047b39444b08,U001543,2022-01-29 08:38:21,08:38:21,198792.96,transfer,M00226,USD,success,atm,D001711,89.206.89.23,bank_transfer,Kuala Lumpur,"14.844624,105.827986",39,F,2015-05-16,active,0.48,0,0,0,auto_approved,0.1197,2022
ef1866b8-2874-4dc2-8304-107075067082,U001917,2022-04-02 16:13:39,16:13:39,460041.02,cash_withdrawal,M00053,USD,success,pos,D002263,236.170.37.69,bank_transfer,Hanoi,"19.539235,103.920647",53,F,2016-04-29,active,0.86,0,1,0,auto_approved,0.2891,2022
d9565b30-2593-4315-a57e-27e1202cd950,U000841,2022-10-24 09:51:58,09:51:58,666288.33,online_payment,M00145,VND,success,atm,D000021,132.135.80.30,debit_card,Hanoi,"19.100749,105.584283",30,F,2019-10-16,active,0.83,0,0,0,auto_approved,0.2413,2022
b311544c-9e35-4064-acba-e2430e69959e,U000772,2022-12-24 12:21:40,12:21:40,2294271.67,purchase,M00003,USD,success,pos,D002734,153.70.103.128,mobile_wallet,Bangkok,"10.830315,104.085915",18,F,2015-07-02,active,0.56,0,0,0,auto_approved,0.2341,2022
529dea67-34ee-43e9-883f-6d369be95cad,U001677,2022-03-31 04:21:23,04:21:23,1301201.64,transfer,M00018,VND,success,atm,D001146,100.8.69.121,mobile_wallet,Bangkok,"16.368886,102.860184",54,M,2015-06-13,active,0.5,0,0,0,auto_approved,0.2425,2022
900c4135-c6cf-4e47-9ccd-8784d9435f72,U000561,2022-06-22 06:36:31,06:36:31,57305.2,transfer,M00154,USD,success,atm,D000443,182.227.13.88,debit_card,Ho Chi Minh City,"10.884923,104.757909",44,F,2015-10-20,active,0.97,0,0,0,auto_approved,0.2207,2022
d6cbec1d-2973-4554-8a10-190443acfe02,U001111,2022-04-01 04:59:06,04:59:06,1385167.52,bill_payment,M00133,VND,success,pos,D002356,85.112.140.45,credit_card,Ho Chi Minh City,"8.914115,105.833532",18,M,2017-08-17,active,0.98,0,0,0,auto_approved,0.1895,2022
77f03e4b-81f0-4f1f-9177-2ff75f2ad29e,U001458,2022-11-16 08:45:58,08:45:58,268976.58,bill_payment,M00081,VND,success,pos,D000663,57.41.230.225,credit_card,Singapore,"14.033504,102.153471",64,F,2020-03-29,active,0.56,3,1,0,auto_approved,0.3742,2022
3cc981e0-ddb3-4518-904d-15faf1a36aa3,U001356,2022-07-09 13:56:32,13:56:32,378575.33,transfer,M00030,USD,success,pos,D002773,112.253.132.204,debit_card,Da Nang,"20.006943,102.670786",54,M,2018-07-07,active,0.96,0,0,0,auto_approved,0.137,2022
a83f5fa4-87a6-4dac-a614-ac63e685679b,U000667,2022-12-17 15:04:51,15:04:51,305412.5,cash_withdrawal,M00467,USD,success,desktop,D002196,100.143.98.111,debit_card,Kuala Lumpur,"19.630999,104.839396",27,M,2019-02-11,active,0.71,0,0,0,auto_approved,0.2931,2022
918219d7-d3d1-4606-b955-127cc16ac622,U001991,2022-09-11 08:37:25,08:37:25,1002118.23,purchase,M00099,VND,success,desktop,D001901,196.135.112.125,mobile_wallet,Hanoi,"11.698588,103.416459",50,M,2015-05-22,active,0.8,0,0,0,auto_approved,0.083,2022
5e790ca9-b47f-491a-bfcd-351b6dfe0d09,U001567,2022-05-29 22:58:46,22:58:46,109889.67,cash_withdrawal,M00266,VND,success,mobile,D000360,49.116.178.194,debit_card,Hanoi,"16.251029,106.304602",53,M,2016-09-28,active,0.84,0,0,0,auto_approved,0.0596,2022
ceca9724-15c8-4ce8-b285-e17e93d09111,U001138,2022-07-15 09:53:02,09:53:02,1612706.95,cash_withdrawal,M00032,VND,success,mobile,D002483,85.182.80.205,bank_transfer,Kuala Lumpur,"18.702915,104.765447",45,M,2022-05-22,active,0.84,0,0,0,auto_approved,0.0908,2022
2c5022d5-51e0-411b-85e5-82fd0e670626,U001884,2022-03-22 21:10:03,21:10:03,717110.73,cash_withdrawal,M00138,VND,success,pos,D002222,209.121.23.90,debit_card,Kuala Lumpur,"14.054534,107.847354",61,F,2021-06-18,active,0.98,0,0,0,auto_approved,0.1576,2022
69944853-162a-4361-bff0-34a31b491d33,U001100,2022-09-23 04:16:38,04:16:38,2489201.38,transfer,M00427,VND,success,atm,D001409,126.26.91.40,credit_card,Ho Chi Minh City,"9.320019,104.009489",49,M,2022-02-08,active,0.79,0,0,0,auto_approved,0.2442,2022
7536e34d-0cba-4629-851b-f83aeb432808,U000643,2022-03-02 07:15:37,07:15:37,357382.3,cash_withdrawal,M00314,USD,success,mobile,D001833,31.151.168.170,credit_card,Hanoi,"12.473791,104.476055",28,F,2020-12-20,active,0.73,0,0,0,auto_approved,0.2666,2022
4b1aa4b3-e6d7-499d-a843-21e1bc84e597,U000009,2022-07-07 03:05:02,03:05:02,314324.05,transfer,M00079,USD,success,atm,D000141,93.171.245.247,bank_transfer,Singapore,"14.859318,104.86535",32,M,2020-11-30,active,0.91,0,0,0,auto_approved,0.2811,2022
178fbd6f-fda7-4a67-9069-3b8f556e1b18,U000436,2022-05-20 11:07:16,11:07:16,720396.01,bill_payment,M00405,VND,success,desktop,D000629,37.248.234.29,mobile_wallet,Singapore,"9.8878,102.65277",50,F,2021-07-29,active,0.65,0,0,0,auto_approved,0.0679,2022
ff274444-0f29-4b04-837d-2a91989f6cd3,U000646,2022-06-10 17:33:00,17:33:00,43145.16,cash_withdrawal,M00376,VND,success,mobile,D002193,124.160.223.236,debit_card,Bangkok,"13.253062,107.936248",51,F,2014-11-27,active,0.62,0,0,0,auto_approved,0.1574,2022
c4e61dc0-d876-4fe1-b5be-7b477a9ea91e,U000749,2022-11-01 05:48:27,05:48:27,511690.45,purchase,M00260,USD,success,desktop,D001237,135.32.190.233,debit_card,Hanoi,"14.624617,107.45346",36,F,2020-04-28,active,0.55,0,0,0,auto_approved,0.4233,2022
b9726eaf-37b9-4f7a-920f-d001b5fa7bb6,U001504,2022-01-09 02:33:19,02:33:19,90814.81,online_payment,M00325,VND,success,mobile,D002613,133.207.235.191,credit_card,Ho Chi Minh City,"9.099715,106.905741",39,M,2015-08-03,active,0.9,0,0,0,auto_approved,0.1865,2022
4b5906de-0098-4943-bc4e-c7783429726f,U001058,2022-11-23 09:31:36,09:31:36,136690.38,cash_withdrawal,M00087,VND,failed,desktop,D001052,177.77.161.47,mobile_wallet,Kuala Lumpur,"17.884996,106.28803",56,M,2017-01-27,active,0.47,0,0,0,auto_approved,0.1474,2022
b1791aa3-d35d-4466-ac02-9443b2aa6aff,U001378,2022-05-01 08:59:52,08:59:52,58896.45,online_payment,M00190,USD,success,desktop,D000655,156.145.40.208,mobile_wallet,Singapore,"18.590453,108.037133",37,F,2018-05-15,active,0.92,0,0,0,auto_approved,0.3211,2022
b2ec58c1-e0f4-4e6d-837d-e829f628b736,U000369,2022-06-27 19:26:27,19:26:27,159299.1,online_payment,M00028,VND,failed,pos,D001634,194.31.240.203,bank_transfer,Hanoi,"11.095687,108.313413",43,M,2016-01-21,active,0.64,0,0,0,auto_approved,0.3359,2022
561b2887-1bb5-4cc5-8dfa-c3c38ee4a8df,U001140,2022-05-02 07:28:23,07:28:23,968966.58,purchase,M00192,VND,success,pos,D001183,176.59.63.57,credit_card,Ho Chi Minh City,"18.972738,102.874592",48,M,2017-06-09,active,0.87,0,0,0,auto_approved,0.1992,2022
025a56b8-f0c4-46a4-ab71-cb8996703196,U001735,2022-12-19 02:43:40,02:43:40,645827.64,cash_withdrawal,M00161,VND,success,atm,D001967,174.92.34.217,bank_transfer,Kuala Lumpur,"20.99587,104.318078",39,M,2017-06-02,active,0.91,0,0,0,auto_approved,0.3803,2022
4b98dccc-4b2c-4c4e-9ff9-3e6d7c06044c,U001313,2022-01-18 10:04:52,10:04:52,696335.28,purchase,M00101,USD,success,desktop,D000209,227.153.74.229,bank_transfer,Ho Chi Minh City,"16.238693,102.329957",40,F,2017-12-14,active,0.57,0,0,0,auto_approved,0.043,2022
041a70d2-858c-45f7-8f3f-c22c522af6d8,U000959,2022-11-13 19:12:12,19:12:12,1104879.89,online_payment,M00290,USD,success,mobile,D000355,234.71.225.252,debit_card,Kuala Lumpur,"18.733497,105.543354",35,F,2018-05-05,active,0.98,0,1,0,auto_approved,0.5952,2022
12fdb3d9-d9e7-444a-81a7-ca2048cb142c,U000823,2022-02-02 20:30:31,20:30:31,61149.38,bill_payment,M00462,USD,success,pos,D002955,87.93.235.40,bank_transfer,Singapore,"16.13977,107.492261",34,M,2020-10-10,active,0.77,0,0,0,auto_approved,0.3387,2022
dbeaf1f3-5d7d-4953-b99b-4b3e86c6a2f8,U000850,2022-03-29 08:06:41,08:06:41,206460.43,cash_withdrawal,M00190,VND,success,desktop,D001511,39.32.141.140,credit_card,Kuala Lumpur,"14.870734,106.265272",58,F,2017-06-10,active,0.47,1,0,0,auto_approved,0.3594,2022
2f86b3c1-4f87-4388-ab8c-c4c93ed4b339,U001297,2022-07-20 06:41:29,06:41:29,1551827.06,cash_withdrawal,M00070,VND,success,pos,D002165,249.142.94.122,mobile_wallet,Hanoi,"17.904424,107.399262",49,M,2016-02-16,active,0.62,0,0,0,auto_approved,0.3119,2022
a3e8830a-372c-4756-96e8-70a348e7b6cc,U001990,2022-04-15 21:19:03,21:19:03,505891.16,cash_withdrawal,M00386,VND,success,atm,D001210,129.231.109.91,credit_card,Da Nang,"17.021901,106.849773",18,F,2014-07-23,active,0.68,0,0,0,auto_approved,0.0226,2022
8f766691-a6b8-45f9-8c24-9570ad22aaca,U000218,2022-02-21 09:53:23,09:53:23,1046466.61,cash_withdrawal,M00189,USD,success,pos,D001319,10.219.102.125,mobile_wallet,Ho Chi Minh City,"11.289818,106.173391",39,F,2014-04-10,active,0.9,0,0,0,auto_approved,0.4314,2022
7d6e9ad6-7741-4066-a6ea-bda8f8706a2d,U000883,2022-04-02 19:01:07,19:01:07,2209540.41,cash_withdrawal,M00078,USD,success,pos,D002225,95.18.4.127,bank_transfer,Kuala Lumpur,"21.212988,108.300306",57,F,2020-04-22,active,0.69,0,0,0,auto_approved,0.3719,2022
88a84f11-d0ca-42e2-a539-c3e036f86b72,U001521,2022-06-10 05:57:01,05:57:01,1997118.41,purchase,M00106,USD,success,desktop,D000748,8.143.4.121,credit_card,Ho Chi Minh City,"15.980754,104.75264",45,F,2018-03-17,active,0.87,0,0,0,auto_approved,0.41,2022
96894966-44f9-4388-b190-699ef7c26b4e,U001464,2022-02-08 14:48:36,14:48:36,723118.77,purchase,M00009,USD,success,atm,D000405,44.189.21.219,credit_card,Singapore,"10.427678,106.500201",43,M,2019-06-26,active,0.46,0,0,0,auto_approved,0.2257,2022
fb7d39e2-be4f-4317-a47d-631e594d28b3,U001794,2022-04-04 13:01:05,13:01:05,223167.99,cash_withdrawal,M00113,VND,success,pos,D002937,182.1.8.175,mobile_wallet,Ho Chi Minh City,"8.372587,105.464542",18,F,2018-02-23,active,0.55,0,0,0,auto_approved,0.1164,2022
b1c32ca2-f6d6-403c-a2c7-66e7bd0f5746,U000748,2022-02-07 13:48:02,13:48:02,68786.7,transfer,M00270,USD,success,desktop,D002792,37.150.23.245,mobile_wallet,Ho Chi Minh City,"15.751314,108.231907",25,M,2018-10-24,active,0.57,0,0,0,auto_approved,0.3092,2022
9fefd2bd-1f63-4c64-960e-f41de20db60c,U001057,2022-12-02 18:22:45,18:22:45,141695.54,cash_withdrawal,M00360,VND,failed,desktop,D001212,118.10.187.160,debit_card,Hanoi,"18.782895,108.793709",42,M,2015-11-30,active,0.89,0,0,0,auto_approved,0.3329,2022
91adc73d-c577-4b1b-917f-a1deb7783f7d,U000291,2022-09-17 05:32:59,05:32:59,343499.2,transfer,M00415,VND,failed,pos,D001745,144.118.154.250,mobile_wallet,Bangkok,"15.894592,102.814112",18,M,2020-02-12,active,0.5,0,0,0,auto_approved,0.1074,2022
995736e4-e8eb-4084-a3c5-d37fe2d14afe,U001958,2022-04-07 13:08:33,13:08:33,365417.55,bill_payment,M00389,USD,success,pos,D000912,166.119.112.69,mobile_wallet,Singapore,"9.211017,108.715453",51,M,2014-01-22,active,0.99,0,0,0,auto_approved,0.3986,2022
b485e889-e47e-4a4a-bf06-78e51ccefc31,U001598,2022-06-17 11:05:19,11:05:19,306159.41,bill_payment,M00250,USD,success,atm,D000459,173.217.235.205,mobile_wallet,Singapore,"11.171673,103.649996",52,M,2014-08-01,active,0.55,0,0,0,auto_approved,0.0763,2022
94056a9e-773b-4fa0-8502-117ed3d8efa9,U001495,2022-05-01 15:53:38,15:53:38,289378.54,cash_withdrawal,M00338,VND,success,mobile,D000354,62.21.255.216,credit_card,Singapore,"11.06332,106.760509",65,F,2014-07-29,active,0.73,0,0,0,auto_approved,0.1719,2022
05d0ef52-46af-4667-a05d-08057bac75ae,U001590,2022-04-25 12:54:04,12:54:04,1683657.27,transfer,M00183,VND,success,atm,D001087,187.144.225.131,debit_card,Da Nang,"12.07565,102.67455",29,F,2017-12-22,active,0.62,2,1,0,auto_approved,0.332,2022
e69e1c25-8d33-4f7d-a726-fabeff9df3aa,U000423,2022-03-18 02:50:51,02:50:51,1857208.95,purchase,M00227,USD,success,desktop,D000306,239.84.108.83,debit_card,Hanoi,"8.736239,103.438955",23,F,2017-04-02,active,0.74,0,0,0,auto_approved,0.3375,2022
aab52da9-8943-4fb8-8110-a4eebec24cfd,U000373,2022-11-21 20:25:28,20:25:28,720853.99,online_payment,M00099,VND,success,atm,D001965,110.231.218.157,bank_transfer,Singapore,"19.882587,103.249256",69,M,2022-01-08,active,0.8,1,0,0,auto_approved,0.2513,2022
61c417a4-1189-415e-80cf-2ebad44f1658,U000977,2022-04-10 09:07:06,09:07:06,364845.54,purchase,M00490,USD,success,pos,D001839,69.137.210.142,credit_card,Bangkok,"11.216627,107.384906",45,M,2017-07-03,active,0.98,0,0,0,auto_approved,0.3351,2022
8635ef3d-2b5b-4842-a256-b22b83c4e45c,U000188,2022-03-13 22:13:22,22:13:22,2679788.12,cash_withdrawal,M00102,VND,success,atm,D001816,45.65.26.171,debit_card,Kuala Lumpur,"17.822618,105.839095",41,F,2020-03-15,active,0.75,0,0,0,auto_approved,0.065,2022
b925f8de-4871-4ff8-bc17-53850314b2b6,U000500,2022-07-10 13:51:38,13:51:38,1517114.31,transfer,M00494,VND,failed,pos,D001139,125.126.159.215,bank_transfer,Da Nang,"9.0694,108.385297",25,M,2016-09-22,under_review,0.57,0,1,0,auto_approved,0.4778,2022
571872a8-2a3b-4a0f-ac88-a2447a0873bd,U001178,2022-05-21 03:43:05,03:43:05,315132.82,cash_withdrawal,M00159,VND,success,atm,D001626,245.230.157.33,debit_card,Kuala Lumpur,"9.645408,106.792633",63,M,2018-06-04,under_review,0.89,1,0,0,auto_approved,0.3944,2022
dc429574-4761-4821-952b-d2d9eaf9c436,U001162,2022-11-17 02:47:44,02:47:44,19263.14,bill_payment,M00490,USD,success,atm,D000228,85.64.91.201,debit_card,Hanoi,"13.354595,106.727727",49,F,2014-10-10,active,0.8,0,0,0,auto_approved,0.2823,2022
0f4efe82-df23-453b-9a27-95e0202716fd,U001201,2022-04-22 06:52:55,06:52:55,153927.31,purchase,M00461,VND,success,desktop,D000769,28.91.186.52,credit_card,Singapore,"11.228987,105.532435",61,F,2015-09-25,active,0.55,1,0,0,auto_approved,0.5119,2022
df62dc42-ec2a-4f44-96fa-f8eb78885943,U000830,2022-07-05 19:08:38,19:08:38,18280.64,online_payment,M00462,VND,success,atm,D000520,223.73.68.20,mobile_wallet,Hanoi,"12.099757,107.82073",67,M,2016-02-13,active,0.92,0,0,0,auto_approved,0.0463,2022
26e6a386-e691-4c53-9993-547b6c3f85f3,U000940,2022-10-02 06:38:37,06:38:37,131496.88,transfer,M00125,VND,success,desktop,D001981,123.89.107.144,credit_card,Hanoi,"17.34092,103.642126",62,M,2014-09-08,active,0.46,0,0,0,auto_approved,0.2058,2022
7e646888-2af9-4586-b5b9-50f9ad087542,U001947,2022-03-02 01:49:09,01:49:09,824389.74,cash_withdrawal,M00029,USD,success,pos,D002785,101.131.171.26,bank_transfer,Singapore,"9.187131,103.802022",25,M,2020-11-25,active,0.54,0,0,0,auto_approved,0.1745,2022
03dae8d4-b7fe-45db-895a-2b4058a2f3ec,U001500,2022-12-19 13:07:08,13:07:08,653823.81,transfer,M00193,USD,failed,desktop,D000956,142.185.20.253,mobile_wallet,Singapore,"15.795687,102.377283",24,M,2017-12-13,active,0.91,0,0,0,auto_approved,0.131,2022
c647cda7-2e1a-452a-a56d-8346af789c0a,U001727,2022-10-29 12:26:59,12:26:59,371369.46,online_payment,M00350,USD,success,atm,D001611,233.62.255.61,bank_transfer,Ho Chi Minh City,"9.893521,102.276234",45,M,2017-07-25,under_review,0.75,0,0,0,auto_approved,0.0545,2022
08394861-568a-4592-b3e1-983bbee1d8fa,U000438,2022-12-04 01:46:47,01:46:47,299985.95,purchase,M00376,VND,success,mobile,D002163,23.21.79.255,credit_card,Ho Chi Minh City,"20.757032,102.555227",67,F,2021-12-23,active,0.64,0,0,0,auto_approved,0.2666,2022
b2d14fa8-db2d-4781-90ed-c9973b451a74,U001541,2022-10-25 08:04:34,08:04:34,627152.12,online_payment,M00165,USD,success,desktop,D001465,142.163.230.174,credit_card,Hanoi,"10.035796,105.547196",21,F,2018-01-06,active,0.62,0,0,0,auto_approved,0.4106,2022
0d033d6c-61c2-4b95-8866-3f622ad01823,U000556,2022-11-14 09:39:25,09:39:25,593598.98,online_payment,M00263,VND,success,atm,D000041,7.204.111.151,bank_transfer,Ho Chi Minh City,"11.745835,108.094889",32,M,2014-10-22,active,0.69,3,1,0,auto_approved,0.4927,2022
2fa4a0be-274b-49fd-a7c9-1c01b6cd63b6,U001250,2022-08-09 01:40:54,01:40:54,674836.39,transfer,M00287,USD,success,desktop,D001146,148.163.176.225,credit_card,Bangkok,"15.387253,106.996326",47,M,2014-12-22,active,0.98,0,0,0,auto_approved,0.2228,2022
ce885a9a-2a0e-4ebe-9f0c-ee805e6c8b0b,U001316,2022-07-16 12:40:25,12:40:25,18819.2,online_payment,M00152,VND,success,pos,D002856,245.97.210.7,mobile_wallet,Da Nang,"11.487354,104.966374",35,F,2014-05-03,active,0.71,0,0,0,auto_approved,0.4204,2022
b99603f3-1dc8-4a8a-a3e8-a1940b46b616,U001044,2022-12-10 01:11:57,01:11:57,356419.81,cash_withdrawal,M00323,USD,success,atm,D000436,73.219.244.89,mobile_wallet,Kuala Lumpur,"21.599915,103.879685",23,F,2021-09-08,active,0.52,0,0,0,auto_approved,0.1183,2022
7b6e681a-cfb4-47a4-af18-736b83918073,U001798,2022-06-01 04:02:55,04:02:55,167329.28,online_payment,M00420,VND,success,pos,D001128,169.137.50.64,bank_transfer,Ho Chi Minh City,"20.169649,106.929633",28,F,2019-08-09,active,0.49,1,0,0,auto_approved,0.2759,2022
9a15d08b-a8c0-458e-9891-088223424d4e,U000147,2022-02-07 15:53:37,15:53:37,214729.71,cash_withdrawal,M00398,VND,success,mobile,D000409,255.64.249.230,mobile_wallet,Kuala Lumpur,"8.471672,108.270961",66,M,2015-07-14,active,0.56,0,0,0,auto_approved,0.223,2022
94a962b0-bc2b-476c-ade0-66da93026dd2,U000989,2022-05-28 03:40:49,03:40:49,52871.76,transfer,M00177,USD,success,atm,D002149,17.131.31.55,bank_transfer,Bangkok,"19.650195,104.274533",37,M,2020-02-01,active,0.99,0,1,0,auto_approved,0.3797,2022
3bcc3472-290a-42ae-98c1-7f0e0ab5e024,U001177,2022-04-28 06:49:24,06:49:24,258035.4,cash_withdrawal,M00254,VND,success,mobile,D001190,160.119.208.171,debit_card,Bangkok,"11.22939,107.785765",55,F,2014-08-22,active,0.82,0,0,0,auto_approved,0.0596,2022
67d63296-9d09-40f7-8b77-909094024c29,U001020,2022-10-13 01:55:29,01:55:29,49284.71,online_payment,M00402,VND,success,atm,D001414,140.48.56.133,credit_card,Kuala Lumpur,"14.799628,104.017145",28,M,2018-09-16,active,0.97,0,0,0,auto_approved,0.3699,2022
fbd600e6-98b5-4148-ac2b-f85fdd2ca4b7,U000011,2022-11-28 12:58:10,12:58:10,392416.98,online_payment,M00378,VND,success,desktop,D001328,12.116.26.216,debit_card,Kuala Lumpur,"11.478079,105.540848",23,M,2017-11-06,active,0.73,0,0,0,auto_approved,0.4431,2022
f99a7862-ca0f-4226-a741-1ae8e3d3efd9,U000152,2022-02-24 22:14:52,22:14:52,3543.51,transfer,M00401,VND,success,desktop,D000088,59.113.13.193,debit_card,Hanoi,"13.734469,108.988004",33,M,2018-06-18,active,0.59,0,0,0,auto_approved,0.2131,2022
2916a728-c1b6-43f0-8baf-b8ceaafef83a,U000350,2022-05-13 08:10:51,08:10:51,33547.19,cash_withdrawal,M00021,VND,success,atm,D002023,140.22.191.108,mobile_wallet,Bangkok,"12.788401,107.137428",26,M,2015-08-11,blocked,0.85,0,0,0,auto_approved,0.1329,2022
14a17fb7-ace2-48e6-b53c-484ae513b4d6,U001364,2022-03-15 09:08:59,09:08:59,228973.32,purchase,M00138,VND,pending,pos,D000982,2.70.205.192,bank_transfer,Kuala Lumpur,"13.955295,103.757697",55,F,2016-07-31,active,0.69,0,0,0,auto_approved,0.3752,2022
5dd49d91-f60e-4c62-a05d-829a50a499aa,U001607,2022-09-13 12:02:27,12:02:27,2774298.16,purchase,M00405,USD,success,mobile,D002006,2.1.35.184,credit_card,Singapore,"8.24087,105.525148",26,M,2014-10-22,active,0.48,1,0,0,auto_approved,0.365,2022
bcb0dc5e-6401-4ce9-aa94-e6c2b4ee04b4,U001898,2022-07-07 22:38:59,22:38:59,165134.81,online_payment,M00484,USD,success,desktop,D001710,229.97.151.192,credit_card,Bangkok,"19.497986,108.873661",63,F,2022-03-03,active,0.53,0,0,0,auto_approved,0.1322,2022
1110a4a3-e325-4f6f-8c31-660f78e64513,U001437,2022-07-19 08:50:11,08:50:11,1832485.26,bill_payment,M00270,VND,success,atm,D000612,60.126.161.151,debit_card,Ho Chi Minh City,"17.145613,106.602692",45,M,2018-02-05,active,0.69,0,0,0,auto_approved,0.3831,2022
06981f8b-4f1a-4f52-b8aa-32ef128c207a,U001677,2022-05-24 06:18:46,06:18:46,2018528.84,purchase,M00034,VND,failed,mobile,D002898,246.216.30.9,debit_card,Ho Chi Minh City,"15.198532,103.602364",24,M,2020-07-25,active,0.84,0,0,0,auto_approved,0.0492,2022
b2121b72-5de3-4939-813c-3fc91697bf19,U001519,2022-01-21 18:19:21,18:19:21,659607.59,online_payment,M00344,VND,success,pos,D002593,204.130.131.196,debit_card,Kuala Lumpur,"16.705556,108.034032",33,M,2020-07-07,active,0.92,0,0,0,auto_approved,0.0242,2022
d5d904c7-0626-483a-bc2b-6a6634b10e97,U000987,2022-08-07 05:50:16,05:50:16,102376.16,online_payment,M00197,USD,success,pos,D001081,35.236.148.65,mobile_wallet,Kuala Lumpur,"19.726835,106.41861",66,F,2022-04-25,active,0.99,0,0,0,auto_approved,0.1209,2022
76e15791-54f7-4eab-bac6-ba8531ad8574,U001851,2022-12-16 23:37:42,23:37:42,87342.97,transfer,M00164,VND,success,atm,D002467,236.1.10.60,debit_card,Bangkok,"20.546868,107.116073",68,F,2020-07-07,active,0.58,0,0,0,auto_approved,0.1262,2022
a26e9d28-6fee-430f-b1ef-bb65f812651c,U001513,2022-11-19 08:58:40,08:58:40,733672.8,cash_withdrawal,M00091,USD,success,desktop,D000448,182.29.238.248,debit_card,Ho Chi Minh City,"17.41822,102.412286",56,F,2016-04-29,active,0.85,0,0,0,auto_approved,0.1013,2022
c5a11578-03ea-4b28-8332-4b4c4973523c,U000040,2022-03-30 04:20:23,04:20:23,1291290.09,cash_withdrawal,M00437,VND,success,mobile,D002463,165.142.64.151,debit_card,Da Nang,"10.614552,105.741649",63,M,2018-11-11,active,0.47,0,0,0,auto_approved,0.2621,2022
5948e3d7-5e78-46c8-ab9f-31996ace12a0,U000789,2022-06-29 02:31:35,02:31:35,368814.52,transfer,M00171,VND,success,atm,D001411,218.191.223.14,debit_card,Kuala Lumpur,"11.814809,107.541767",44,F,2019-10-09,active,0.69,1,0,0,auto_approved,0.0856,2022
833b0ce9-b4ff-4920-a213-527bb9b65d93,U001872,2022-10-06 23:47:12,23:47:12,282810.96,cash_withdrawal,M00179,VND,success,atm,D000318,219.67.52.36,debit_card,Bangkok,"17.461785,105.525113",57,F,2022-01-26,active,0.53,0,0,0,auto_approved,0.3334,2022
206a48db-4809-4368-8f7d-fe1807d1d388,U001596,2022-01-28 04:26:43,04:26:43,122846.58,purchase,M00445,USD,success,atm,D000934,211.74.190.205,mobile_wallet,Kuala Lumpur,"21.798342,102.282845",49,F,2016-11-30,active,0.71,1,0,0,auto_approved,0.2958,2022
4afb57c0-3a01-41fb-bc6d-d26fe7880282,U000461,2022-03-26 02:08:43,02:08:43,156981.08,purchase,M00166,USD,pending,pos,D000958,41.168.188.209,mobile_wallet,Ho Chi Minh City,"18.110794,105.960344",55,F,2017-07-21,active,0.99,0,0,0,auto_approved,0.2172,2022
f55eb482-8659-469c-9769-f7d78bc8a142,U000034,2022-04-07 08:26:40,08:26:40,519440.27,purchase,M00456,VND,success,desktop,D001453,68.165.102.104,debit_card,Kuala Lumpur,"21.977404,106.321959",29,M,2020-08-31,active,0.75,0,0,0,auto_approved,0.3653,2022
e27cc16a-e945-43b6-92f0-2b95282e68ee,U001381,2022-02-24 06:15:48,06:15:48,1664203.43,transfer,M00427,VND,success,pos,D002798,23.205.145.7,credit_card,Da Nang,"21.462227,104.348306",20,F,2015-03-11,active,0.73,1,0,0,auto_approved,0.3486,2022
80f15455-82e7-41bd-87c3-bd30e1e03cdf,U000182,2022-07-23 11:47:17,11:47:17,338876.6,online_payment,M00272,USD,success,desktop,D000895,126.68.57.47,credit_card,Singapore,"17.28465,106.47323",56,M,2018-07-28,active,0.76,0,0,0,auto_approved,0.3453,2022
670f3a72-fb5c-4a83-830b-de661e98a246,U001795,2022-12-28 02:58:01,02:58:01,704389.11,online_payment,M00289,USD,success,atm,D000802,219.206.192.181,mobile_wallet,Hanoi,"17.07028,108.960029",19,M,2020-06-08,active,0.8,0,0,0,auto_approved,0.2174,2022
237669a4-3100-4a5c-89d0-0ee3b238dd58,U000095,2022-08-26 13:42:20,13:42:20,320465.83,bill_payment,M00135,VND,success,atm,D001599,193.123.250.125,bank_transfer,Ho Chi Minh City,"16.16163,102.522056",51,F,2018-08-13,active,0.66,0,0,0,auto_approved,0.0897,2022
5d3d48d2-6921-4c73-a507-762324c95212,U000107,2022-04-02 16:45:22,16:45:22,1075485.9,transfer,M00133,VND,success,pos,D002686,24.205.197.168,bank_transfer,Kuala Lumpur,"8.493675,104.806325",63,F,2020-04-02,active,0.85,0,1,0,auto_approved,0.4869,2022
ec7308ab-0ed7-4800-af35-9d6d24ffac48,U000702,2022-11-05 14:47:13,14:47:13,313741.42,transfer,M00143,USD,success,desktop,D000386,145.138.150.149,debit_card,Kuala Lumpur,"14.769786,103.862509",35,F,2016-06-28,active,0.95,1,1,0,auto_approved,0.406,2022
ea87a6f6-c135-4d90-881e-dfbea28dddda,U000554,2022-12-05 20:37:58,20:37:58,1721997.62,purchase,M00498,USD,success,mobile,D001657,202.234.196.91,credit_card,Bangkok,"8.719389,103.604008",18,F,2021-12-31,active,0.88,0,0,0,auto_approved,0.3487,2022
3939716c-c482-43bf-9a97-c20d766751f8,U000649,2022-07-31 16:28:37,16:28:37,111891.83,cash_withdrawal,M00285,VND,success,pos,D001814,206.238.249.152,debit_card,Da Nang,"20.91389,105.371974",54,F,2014-09-08,active,0.48,0,0,0,auto_approved,0.1988,2022
0ba5affc-dea7-44dc-936d-a31c4cb0de48,U001492,2022-07-23 01:21:55,01:21:55,1290566.63,bill_payment,M00062,USD,success,atm,D002432,12.10.49.161,bank_transfer,Kuala Lumpur,"16.141574,106.268798",46,F,2015-11-29,active,0.9,0,0,0,auto_approved,0.3071,2022
a0e9ad96-dabb-4a0a-a69c-6650aba86920,U000794,2022-12-19 13:32:18,13:32:18,87113.93,transfer,M00130,VND,success,atm,D000405,228.48.2.7,bank_transfer,Ho Chi Minh City,"18.934735,104.920854",24,F,2022-08-04,active,0.71,0,0,0,auto_approved,0.4146,2022
016c0f33-be1a-4e73-9947-7b4a34ebedc0,U001208,2022-12-29 20:30:44,20:30:44,317262.77,cash_withdrawal,M00409,VND,success,desktop,D002096,26.114.251.18,bank_transfer,Singapore,"9.981494,105.844239",57,M,2018-12-02,active,0.76,0,0,0,auto_approved,0.3276,2022
aee1f164-5a79-4ae8-9597-264e7a259dde,U000047,2022-09-14 01:22:54,01:22:54,1885421.33,online_payment,M00131,VND,failed,desktop,D000226,225.11.38.16,mobile_wallet,Singapore,"8.216585,103.547554",46,F,2022-05-07,active,0.68,0,0,0,auto_approved,0.2336,2022
345e666e-ada7-4633-9251-def4340a8e24,U000346,2022-04-24 11:26:15,11:26:15,2840717.57,transfer,M00405,USD,success,desktop,D000959,20.188.248.160,mobile_wallet,Da Nang,"8.512525,103.073119",55,F,2016-07-24,active,0.63,0,0,0,auto_approved,0.3378,2022
e6f8d90d-70ab-4d63-95e1-148a07176447,U000849,2022-10-17 11:20:29,11:20:29,488643.5,transfer,M00196,VND,success,atm,D002976,53.227.61.6,mobile_wallet,Hanoi,"10.365192,102.100992",24,F,2014-10-09,active,0.94,0,0,0,auto_approved,0.1807,2022
591fe897-1938-4c1c-9db2-3897a8bbb575,U001618,2022-02-19 04:46:42,04:46:42,1854078.71,purchase,M00456,VND,success,atm,D001538,23.34.214.195,credit_card,Singapore,"13.392834,102.880044",65,F,2017-11-03,active,0.89,2,1,0,auto_approved,0.428,2022
9aef2489-9a57-4387-84ba-c31c8928d688,U000271,2022-09-28 13:27:41,13:27:41,211676.16,bill_payment,M00044,USD,success,pos,D000605,88.187.174.207,bank_transfer,Da Nang,"14.482174,104.97134",31,M,2021-10-20,active,0.68,0,0,0,auto_approved,0.4294,2022
4cdd1979-2f5a-4dc4-8db8-067cbca75344,U000924,2022-09-15 09:32:50,09:32:50,82802.12,purchase,M00324,USD,success,atm,D000822,111.98.19.78,debit_card,Ho Chi Minh City,"14.302704,105.638889",58,F,2022-05-04,active,0.73,0,0,0,auto_approved,0.2012,2022
47dbe79e-6f62-433b-8b32-2da7cde1ce40,U001092,2022-11-15 22:50:06,22:50:06,23897.86,bill_payment,M00378,USD,success,desktop,D001435,91.10.87.53,debit_card,Da Nang,"19.317826,107.162577",62,M,2021-05-22,active,0.52,1,0,0,auto_approved,0.4268,2022
e921d163-4912-42f9-bfe7-bb2b4b7d2c49,U000878,2022-03-26 07:26:53,07:26:53,164710.26,bill_payment,M00471,USD,success,pos,D002339,3.20.55.196,mobile_wallet,Da Nang,"18.442568,106.630159",18,F,2017-09-20,active,0.84,0,0,0,auto_approved,0.1531,2022
9026f69a-08e6-4b66-803e-b01b190fb85f,U000799,2022-04-29 04:23:55,04:23:55,192822.24,transfer,M00167,VND,success,desktop,D002968,153.160.17.231,debit_card,Hanoi,"14.567028,103.927637",32,F,2016-03-04,active,0.62,0,0,0,auto_approved,0.4212,2022
d1f50b6e-f3df-4ad9-9700-8a55091b3fac,U001684,2022-01-23 17:08:08,17:08:08,825354.44,transfer,M00173,VND,success,mobile,D002318,52.58.179.88,mobile_wallet,Hanoi,"16.233441,103.74844",67,F,2019-04-14,active,0.69,0,0,0,auto_approved,0.448,2022
5cdb6a97-fa13-4356-a99b-466625bf7f26,U000453,2022-07-13 23:26:42,23:26:42,89301.11,online_payment,M00067,USD,success,pos,D000119,38.135.130.205,mobile_wallet,Bangkok,"19.08129,107.351847",37,F,2016-06-12,active,0.85,0,0,0,auto_approved,0.1637,2022
55e77c71-7ab2-4b3b-8d6b-5de5143eceda,U000469,2022-08-30 03:22:46,03:22:46,920429.93,purchase,M00339,VND,success,desktop,D002029,154.67.87.100,mobile_wallet,Kuala Lumpur,"9.513376,103.842707",53,M,2014-06-14,active,0.56,2,1,0,auto_approved,0.5527,2022
52040e56-b687-48f3-8f7f-40a289fb47b5,U000517,2022-03-14 18:31:41,18:31:41,461517.1,online_payment,M00102,VND,success,atm,D000939,152.184.223.112,credit_card,Ho Chi Minh City,"16.397367,108.3602",64,F,2018-09-13,active,0.71,0,0,0,auto_approved,0.3365,2022
81e41dd2-37d4-47f4-9976-a6a2581b4c32,U000239,2022-08-16 11:27:48,11:27:48,689861.43,bill_payment,M00006,USD,success,pos,D000043,120.97.77.87,mobile_wallet,Kuala Lumpur,"12.772489,103.004931",49,M,2018-03-07,active,0.46,0,0,0,auto_approved,0.08,2022
55e16641-375f-4129-8ad5-d39ba474d387,U001454,2022-03-03 05:33:07,05:33:07,3140685.99,bill_payment,M00202,VND,success,atm,D002842,14.172.65.192,bank_transfer,Hanoi,"13.595502,106.585781",29,F,2021-04-21,active,0.98,0,1,0,auto_approved,0.3,2022
25e141d1-236c-4bba-bf58-3c883754c55b,U000577,2022-08-11 23:16:32,23:16:32,628312.16,online_payment,M00490,VND,success,mobile,D000935,79.52.120.94,bank_transfer,Kuala Lumpur,"15.5987,103.712641",35,M,2019-06-06,active,0.96,0,0,0,auto_approved,0.0181,2022
45dd24ee-5e3f-4006-9a7f-95d177d5180f,U000118,2022-07-24 15:08:44,15:08:44,432324.09,cash_withdrawal,M00069,USD,success,atm,D001798,128.106.70.31,credit_card,Kuala Lumpur,"13.012453,107.21632",40,M,2016-04-03,active,0.64,0,0,0,auto_approved,0.0765,2022
3ee2300d-8f07-4c7e-8022-b910e5d9d52f,U000756,2022-10-03 05:30:47,05:30:47,943836.42,purchase,M00151,VND,success,atm,D002860,165.78.217.162,mobile_wallet,Hanoi,"17.578921,106.510145",23,M,2016-05-31,active,0.96,1,0,0,auto_approved,0.4306,2022
7209e128-3918-4070-9672-943f2322e61e,U001231,2022-07-23 18:51:04,18:51:04,562520.2,online_payment,M00345,USD,success,mobile,D001210,187.125.193.48,bank_transfer,Singapore,"12.320901,106.807334",47,F,2020-07-03,active,0.85,2,1,0,auto_approved,0.229,2022
9f5f0a56-337d-403b-95c8-ac0a7d505ba6,U000266,2022-09-23 20:06:46,20:06:46,476786.86,bill_payment,M00287,VND,success,pos,D000756,78.83.63.139,bank_transfer,Bangkok,"19.296035,106.117305",27,F,2015-06-19,active,0.88,1,0,0,auto_approved,0.2632,2022
9acfaa23-ee61-4bf6-a4d4-e1772ad2fe81,U000164,2022-05-31 07:01:36,07:01:36,200881.68,transfer,M00139,USD,success,desktop,D002270,255.156.132.239,credit_card,Da Nang,"20.174054,103.995266",21,F,2019-01-12,active,0.77,0,0,0,auto_approved,0.3772,2022
e8ec9d12-a6a4-4f91-88a5-55fff7f9ee86,U000290,2022-01-08 01:40:25,01:40:25,159934.19,bill_payment,M00059,USD,success,mobile,D001218,211.178.186.9,debit_card,Kuala Lumpur,"20.899691,105.658687",31,M,2021-07-13,under_review,0.82,0,0,0,auto_approved,0.4362,2022
1111cc8f-1e74-4101-90fd-4212aaaac5b5,U000271,2022-01-24 21:42:27,21:42:27,240527.25,bill_payment,M00057,USD,success,desktop,D001095,17.121.173.183,bank_transfer,Ho Chi Minh City,"10.44674,105.559662",28,F,2021-10-04,active,0.93,0,0,0,auto_approved,0.0441,2022
1208f92e-ac29-4037-b2b9-b5af04970053,U000777,2022-08-03 09:45:08,09:45:08,1163760.41,cash_withdrawal,M00419,USD,success,pos,D000461,36.169.44.223,credit_card,Da Nang,"21.992471,105.784058",52,M,2014-08-24,under_review,0.72,0,0,0,auto_approved,0.2997,2022
868fdaa6-45d0-489e-a37f-c133cbd2c469,U001550,2022-07-11 17:19:14,17:19:14,772294.81,online_payment,M00462,VND,pending,desktop,D000235,122.132.14.132,bank_transfer,Singapore,"8.299325,106.045874",53,M,2020-09-24,active,0.5,0,0,0,auto_approved,0.1341,2022
42196740-045b-41da-b09b-3d699da51fc9,U000424,2022-09-04 23:17:13,23:17:13,236035.63,online_payment,M00173,USD,success,atm,D001225,129.184.137.26,debit_card,Kuala Lumpur,"14.114679,108.186859",24,F,2016-11-20,active,0.78,0,0,0,auto_approved,0.1854,2022
c147a57e-02da-4b9b-b881-1956b504c390,U000209,2022-08-16 08:06:14,08:06:14,790786.76,purchase,M00356,VND,success,desktop,D000831,149.181.17.49,mobile_wallet,Hanoi,"10.69005,106.453308",47,F,2014-11-23,active,0.79,0,0,0,auto_approved,0.0257,2022
6a047b53-70a8-42f0-a93c-6c6a6e2427e9,U001477,2022-08-16 09:49:55,09:49:55,395823.29,cash_withdrawal,M00464,USD,success,atm,D001733,30.6.225.200,mobile_wallet,Singapore,"11.199938,104.961399",33,F,2019-09-19,active,0.58,1,0,0,auto_approved,0.1535,2022
df27d133-8697-40fb-b79c-5c0a2a5fbc11,U001765,2022-12-23 21:51:44,21:51:44,578320.96,purchase,M00343,VND,pending,mobile,D001617,155.217.232.81,debit_card,Da Nang,"11.09385,108.440276",42,M,2021-02-11,active,0.96,0,0,0,auto_approved,0.3111,2022
e8792ecd-01ee-420f-8a23-e0b91784350d,U001475,2022-11-29 08:38:48,08:38:48,450462.56,purchase,M00458,USD,success,mobile,D001570,129.71.13.85,credit_card,Bangkok,"21.008918,102.232887",22,M,2015-12-03,active,0.76,1,0,0,auto_approved,0.1647,2022
c414edfd-9e93-46ef-9b39-126371e18848,U001396,2022-12-22 16:19:23,16:19:23,2025164.43,online_payment,M00500,USD,success,pos,D002347,162.43.239.69,bank_transfer,Kuala Lumpur,"8.745239,106.432644",57,M,2015-02-22,active,0.54,0,0,0,auto_approved,0.4328,2022
85b6ba57-3157-45a4-ae4e-611a4456d032,U001330,2022-12-28 09:56:30,09:56:30,245008.93,cash_withdrawal,M00220,VND,success,pos,D002377,211.214.175.108,debit_card,Kuala Lumpur,"15.162053,108.331251",20,M,2015-10-28,active,0.45,0,0,0,auto_approved,0.2824,2022
5fe29792-ca6a-4947-b927-9379adfeab7a,U001398,2022-02-18 05:13:52,05:13:52,14740.4,transfer,M00249,VND,success,atm,D001236,88.179.7.83,debit_card,Bangkok,"13.117483,104.650299",23,F,2017-09-02,active,0.9,0,0,0,auto_approved,0.0665,2022
94f75b64-49ff-4392-b55a-485f51760837,U001636,2022-02-23 11:09:28,11:09:28,127202.12,bill_payment,M00340,VND,success,atm,D002127,197.151.192.131,credit_card,Ho Chi Minh City,"8.726177,105.473232",42,M,2016-03-03,active,0.66,0,0,0,auto_approved,0.1667,2022
587054d4-409e-4166-b65c-66ea92badac7,U001490,2022-10-01 19:57:48,19:57:48,2201138.58,cash_withdrawal,M00420,VND,success,desktop,D001946,132.171.185.5,bank_transfer,Ho Chi Minh City,"21.097063,106.553475",27,F,2015-08-23,active,0.79,0,0,0,auto_approved,0.1942,2022
b50a1607-b54b-4b11-9dc7-8d6ed8652f40,U001484,2022-02-06 09:59:38,09:59:38,155117.57,cash_withdrawal,M00458,USD,success,pos,D002870,192.98.39.90,debit_card,Singapore,"20.096256,108.483958",21,M,2016-09-28,active,0.77,0,0,0,auto_approved,0.2206,2022
02642b3c-82a1-4e0e-a772-12c722fe5fbc,U001121,2022-05-12 15:04:22,15:04:22,1109648.03,purchase,M00440,USD,success,desktop,D001373,37.19.197.191,debit_card,Bangkok,"9.33603,105.242813",67,M,2017-06-28,active,0.61,0,0,0,auto_approved,0.0953,2022
0c086e5c-bad3-4dd6-b151-5a2dfb10ea60,U000750,2022-08-29 16:06:03,16:06:03,561932.02,purchase,M00422,USD,success,pos,D000115,76.239.60.83,bank_transfer,Bangkok,"15.593303,107.636479",35,M,2018-01-12,active,0.64,0,0,0,auto_approved,0.4355,2022
a4f4bb86-6439-4ced-9b5b-17c3cf0ab3f8,U000057,2022-04-30 00:06:30,00:06:30,2212835.86,purchase,M00197,VND,success,atm,D002119,116.90.211.31,mobile_wallet,Kuala Lumpur,"17.013635,102.454083",41,M,2021-06-26,active,0.57,0,0,0,auto_approved,0.2918,2022
59e26e7d-b680-4e37-98e7-f4a65a528970,U001090,2022-10-08 21:33:41,21:33:41,1067146.71,purchase,M00286,USD,success,mobile,D001386,171.58.60.172,mobile_wallet,Singapore,"9.86044,104.014181",61,F,2021-10-16,active,0.86,0,0,0,auto_approved,0.2043,2022
6044ec99-2ed4-429a-bded-1a33c59b2792,U001663,2022-06-25 19:33:04,19:33:04,53307.78,cash_withdrawal,M00109,USD,success,mobile,D000858,2.178.169.43,mobile_wallet,Bangkok,"16.38958,102.261601",30,M,2017-12-27,active,0.73,0,0,0,auto_approved,0.2313,2022
acd5c19b-29da-4a31-b765-4afd17abcf53,U001114,2022-03-16 12:35:02,12:35:02,1048.68,transfer,M00463,VND,success,atm,D001436,37.139.143.18,credit_card,Hanoi,"19.820449,106.561605",52,F,2016-05-03,under_review,0.79,0,0,0,auto_approved,0.043,2022
d9b719b1-34eb-44e6-9c40-be0feb672b74,U000524,2022-08-31 05:10:58,05:10:58,686343.54,cash_withdrawal,M00198,USD,success,atm,D000461,174.147.108.24,credit_card,Hanoi,"18.713033,105.561146",35,F,2015-03-09,active,0.66,1,0,0,auto_approved,0.4223,2022
6b1cef8c-aaab-431b-9e28-5e740b92ed27,U001122,2022-12-27 18:16:56,18:16:56,99544.76,transfer,M00299,VND,success,atm,D000204,212.142.56.250,credit_card,Bangkok,"10.783962,106.765003",30,F,2022-07-10,active,0.57,0,0,0,auto_approved,0.2839,2022
51eb21c1-ac08-4dc3-9b1a-71613a48571c,U001888,2022-04-01 08:45:56,08:45:56,139270.09,cash_withdrawal,M00406,USD,success,desktop,D000062,143.175.247.143,debit_card,Bangkok,"15.289167,104.497207",20,F,2015-08-05,active,0.84,0,1,0,auto_approved,0.6024,2022
2a364d74-6641-4452-a9aa-e20a98fcbe86,U001618,2022-05-31 05:15:55,05:15:55,38882.35,bill_payment,M00431,VND,success,mobile,D002838,72.130.80.198,credit_card,Kuala Lumpur,"10.722421,102.821707",44,M,2016-02-12,active,0.73,1,0,0,auto_approved,0.3707,2022
4978d2f6-6c88-4c86-aa09-ae8c6dfe1556,U001189,2022-05-13 16:10:18,16:10:18,129460.88,transfer,M00141,VND,success,pos,D000839,37.246.0.36,credit_card,Hanoi,"12.022153,108.91096",62,F,2017-03-07,active,0.91,0,0,0,auto_approved,0.2519,2022
699ba270-4599-4ad6-9f1e-ad42cf488b8a,U001481,2022-08-10 13:17:13,13:17:13,1357255.35,bill_payment,M00430,USD,success,pos,D000011,246.183.26.74,bank_transfer,Singapore,"19.303824,104.285708",35,M,2015-05-27,active,0.46,0,0,0,auto_approved,0.3169,2022
1ec667f7-685d-4a1e-b6b0-f9947e6b67e3,U001897,2022-08-15 23:05:06,23:05:06,238907.41,bill_payment,M00272,USD,success,desktop,D001804,241.196.81.220,mobile_wallet,Da Nang,"19.677727,108.198324",35,F,2021-11-20,active,0.91,0,0,0,auto_approved,0.2647,2022
f2417cd1-b6e2-4da3-8c30-262137438da5,U000999,2022-06-25 22:58:22,22:58:22,404105.08,transfer,M00406,USD,success,mobile,D000910,193.222.36.3,bank_transfer,Kuala Lumpur,"17.940404,102.442241",24,F,2015-11-07,active,0.53,0,0,0,auto_approved,0.0402,2022
f157249b-e8b9-4a3e-93c9-9a0d69b9d979,U001327,2022-10-27 16:24:53,16:24:53,120474.96,bill_payment,M00033,USD,success,mobile,D000817,106.42.88.70,debit_card,Ho Chi Minh City,"12.633715,105.184353",56,F,2015-07-21,active,0.74,1,0,0,auto_approved,0.2573,2022
665a47b3-5d8c-408f-94b4-8e18856393b3,U001050,2022-02-20 21:30:11,21:30:11,435358.17,purchase,M00112,VND,success,pos,D002958,198.120.252.235,credit_card,Singapore,"18.916785,104.832539",26,F,2016-07-04,active,0.91,0,0,0,auto_approved,0.0339,2022
51a8f501-f3d1-4832-8b8a-ddbe0c55cfd3,U001134,2022-10-28 23:42:22,23:42:22,589806.06,cash_withdrawal,M00081,USD,success,mobile,D002024,44.213.184.75,bank_transfer,Bangkok,"12.950151,108.376452",26,M,2014-10-25,active,0.99,0,0,0,auto_approved,0.1532,2022
ed9d61b6-d431-44ff-ab26-a18872926dff,U000756,2022-12-18 09:41:44,09:41:44,805877.01,purchase,M00391,VND,failed,pos,D000111,133.161.186.130,mobile_wallet,Singapore,"14.524345,102.739269",26,M,2021-06-24,active,0.8,0,0,0,auto_approved,0.0342,2022
0708ea7a-3203-4cb0-938b-183c1cce2a51,U001428,2022-07-23 13:19:18,13:19:18,1219841.57,online_payment,M00488,USD,success,atm,D000027,165.97.188.19,bank_transfer,Ho Chi Minh City,"19.886712,103.082658",56,M,2021-10-28,active,0.98,0,0,0,auto_approved,0.1039,2022
85425dfb-0047-4aea-9072-a7ae10ea822a,U001136,2022-02-06 10:10:24,10:10:24,90531.99,purchase,M00139,USD,success,pos,D001371,9.224.127.194,debit_card,Hanoi,"13.768171,105.117591",25,M,2021-03-04,under_review,0.96,0,0,0,auto_approved,0.3675,2022
cb0d4d92-c2f3-49fd-b068-90cab9fc4149,U001108,2022-04-04 16:20:14,16:20:14,490452.16,cash_withdrawal,M00138,VND,success,desktop,D001183,25.107.109.81,bank_transfer,Bangkok,"15.01452,105.689929",43,M,2019-04-07,active,0.63,0,0,0,auto_approved,0.0202,2022
905f6a80-490f-46fb-8ebd-44377908e121,U000761,2022-11-16 22:41:15,22:41:15,858923.32,transfer,M00409,USD,success,desktop,D000420,157.129.97.86,mobile_wallet,Singapore,"14.114925,105.793169",48,F,2021-10-20,active,0.67,0,0,0,auto_approved,0.1562,2022
31848829-9765-48db-9c7c-03b4a6bdf160,U000099,2022-01-27 22:30:28,22:30:28,1019100.0,purchase,M00300,USD,pending,mobile,D002265,175.38.183.150,debit_card,Hanoi,"9.578557,103.682591",43,F,2016-09-26,active,0.9,2,1,0,auto_approved,0.4022,2022
2e7b495d-b9e1-48ed-8909-572a1c05d4f5,U000630,2022-08-16 16:13:48,16:13:48,84596.69,transfer,M00354,USD,success,atm,D001594,123.241.227.5,bank_transfer,Hanoi,"12.454545,105.35695",36,M,2017-06-02,active,0.86,0,1,1,pending_review,0.3586,2022
ddb416e7-d02a-4152-af82-86a1bb54da26,U000632,2022-06-23 05:59:50,05:59:50,140476.36,purchase,M00425,USD,success,mobile,D001100,15.230.252.141,debit_card,Da Nang,"16.224823,103.260095",47,F,2014-09-20,active,0.63,0,0,0,auto_approved,0.3832,2022
8e60937a-530a-45f5-a7b5-ee278abbfb4d,U000113,2022-11-03 10:37:48,10:37:48,936877.09,bill_payment,M00442,USD,success,atm,D001710,136.5.187.115,bank_transfer,Bangkok,"10.166941,105.408968",36,F,2014-11-06,active,0.61,0,0,0,auto_approved,0.3116,2022
de424262-f924-4337-8e04-d3eba32ef168,U001897,2022-12-04 08:53:08,08:53:08,1172517.76,bill_payment,M00478,USD,failed,atm,D001101,148.8.191.29,credit_card,Kuala Lumpur,"16.046796,102.213971",65,M,2019-12-01,active,0.85,0,0,0,auto_approved,0.3176,2022
2d443fb5-78b3-4d3b-a5c5-41c0f5380534,U000438,2022-05-11 19:41:20,19:41:20,362512.04,bill_payment,M00284,USD,success,desktop,D002521,219.234.108.83,mobile_wallet,Singapore,"20.23322,103.386326",58,M,2016-10-01,active,0.48,1,0,0,auto_approved,0.2298,2022
e414734e-8aff-4a9e-85d1-3a6d682da1db,U001507,2022-01-01 16:30:55,16:30:55,403710.39,online_payment,M00454,USD,success,atm,D001634,6.30.149.233,debit_card,Da Nang,"20.969209,108.654666",38,F,2014-03-10,active,0.55,0,0,0,auto_approved,0.2165,2022
7e6c5ae6-1820-43af-b484-27d58767a331,U000705,2022-07-28 20:51:27,20:51:27,1205137.66,bill_payment,M00121,USD,success,pos,D001982,214.44.216.109,credit_card,Da Nang,"16.457958,102.46681",35,F,2022-04-12,active,0.69,0,0,0,auto_approved,0.1495,2022
135b9008-15f1-4834-983c-701e010521d0,U000197,2022-02-11 03:22:23,03:22:23,101939.43,transfer,M00204,VND,success,pos,D001300,68.254.107.99,mobile_wallet,Hanoi,"9.958292,108.028069",50,M,2014-05-23,active,0.55,0,0,0,auto_approved,0.114,2022
e0e070d5-16f2-40de-9934-d298431d721b,U001657,2022-12-29 01:45:09,01:45:09,352360.59,transfer,M00265,VND,success,mobile,D001200,117.190.99.168,credit_card,Kuala Lumpur,"15.578779,102.478898",68,M,2017-11-07,active,0.99,0,0,0,auto_approved,0.2081,2022
a978e478-d8bc-4dc5-9e7a-08df73c666cf,U000060,2022-01-07 22:50:49,22:50:49,462236.93,transfer,M00451,USD,pending,atm,D000255,90.131.80.8,debit_card,Bangkok,"18.381588,107.133625",37,M,2018-06-30,active,0.63,0,0,0,auto_approved,0.22,2022
95c0eb85-c329-4e82-9383-61edcedbe952,U001766,2022-08-21 21:16:09,21:16:09,485605.52,cash_withdrawal,M00417,USD,success,pos,D000786,64.12.127.57,credit_card,Ho Chi Minh City,"18.572678,103.410995",28,F,2019-12-23,active,0.57,0,0,0,auto_approved,0.3266,2022
15a47d75-040e-4bcc-aaed-753bf963623d,U001514,2022-01-31 18:28:59,18:28:59,170398.7,online_payment,M00424,USD,success,pos,D000017,248.40.250.184,mobile_wallet,Hanoi,"18.709916,105.791855",36,F,2016-11-30,active,0.64,1,0,0,auto_approved,0.3559,2022
361799cf-fef1-4586-9460-9dd958ff984d,U000702,2022-01-18 09:08:20,09:08:20,1141830.28,transfer,M00356,USD,success,desktop,D002200,108.37.76.69,bank_transfer,Kuala Lumpur,"15.238331,104.295781",27,M,2019-04-20,active,0.94,1,0,0,auto_approved,0.3221,2022
c4e59041-1183-44bd-8b99-e2bce5d3e1c2,U001163,2022-08-07 18:11:29,18:11:29,1472791.61,purchase,M00385,USD,success,pos,D001269,32.130.146.226,credit_card,Kuala Lumpur,"14.477522,105.032475",30,F,2014-07-23,active,0.72,0,0,0,auto_approved,0.1291,2022
d09bce33-28b5-4fca-aa8b-b5fe279093b5,U000201,2022-04-28 20:21:23,20:21:23,593397.14,online_payment,M00348,VND,success,atm,D002583,138.17.133.146,mobile_wallet,Hanoi,"11.501763,102.120526",51,F,2019-03-16,active,1.0,0,0,0,auto_approved,0.2262,2022
1494aa9d-ea5a-4e7d-a778-56ed75c6ac2a,U001880,2022-11-13 17:16:43,17:16:43,1916761.41,bill_payment,M00461,VND,success,desktop,D001599,92.3.182.150,credit_card,Hanoi,"21.681769,102.956654",20,F,2016-01-07,active,0.7,0,1,0,auto_approved,0.3023,2022
a994c5fd-f883-48b9-b2a9-ab80cf8c1f10,U001121,2022-11-21 05:22:05,05:22:05,1238328.64,bill_payment,M00022,USD,success,mobile,D000758,150.19.136.187,debit_card,Hanoi,"12.658535,107.022351",47,F,2015-03-26,active,0.46,0,0,0,auto_approved,0.3668,2022
a11670b7-61ee-4d59-b9a2-efd4e922b17d,U000928,2022-12-10 07:13:07,07:13:07,194384.4,bill_payment,M00165,USD,success,pos,D000131,213.251.206.228,bank_transfer,Bangkok,"8.93095,107.427593",55,M,2019-11-06,active,0.77,0,0,0,auto_approved,0.2813,2022
df95030a-c2fc-4219-aa04-165095f6ea39,U000032,2022-05-31 02:24:58,02:24:58,1222196.56,bill_payment,M00033,USD,success,atm,D000347,18.6.217.1,bank_transfer,Ho Chi Minh City,"17.956868,104.91223",45,M,2019-10-28,active,0.74,0,0,0,auto_approved,0.1429,2022
d355eb49-a594-4e0a-aaf0-08bb42d35238,U001048,2022-01-30 01:32:38,01:32:38,1017723.69,online_payment,M00452,USD,success,desktop,D001678,221.84.13.70,debit_card,Bangkok,"21.163287,107.191148",48,F,2018-09-11,active,0.51,0,0,0,auto_approved,0.3315,2022
b0377455-2fe8-402a-b0c0-32de8127ee54,U001368,2022-01-22 14:55:33,14:55:33,223251.46,online_payment,M00169,USD,success,atm,D000424,108.131.8.84,credit_card,Ho Chi Minh City,"21.605431,102.160294",62,M,2015-01-10,active,0.47,0,0,0,auto_approved,0.167,2022
b4293da6-3259-4233-b1c5-ef22618380ed,U001360,2022-06-02 06:39:14,06:39:14,787689.4,transfer,M00043,VND,success,pos,D002373,207.71.41.222,bank_transfer,Bangkok,"12.240113,107.864308",29,F,2021-02-13,active,0.99,0,0,0,auto_approved,0.1417,2022
3770f28b-31f9-40e6-8d43-0d22f4c68aa5,U001871,2022-10-26 01:57:28,01:57:28,374932.34,transfer,M00220,USD,success,pos,D002490,99.2.161.104,bank_transfer,Singapore,"16.761921,106.23948",69,F,2019-07-01,active,0.52,0,0,0,auto_approved,0.2745,2022
7f50a90f-39d3-4891-ab26-47eff7c88773,U000376,2022-03-23 18:15:11,18:15:11,360668.85,cash_withdrawal,M00371,VND,success,atm,D001370,48.76.233.221,debit_card,Kuala Lumpur,"16.175297,102.624394",68,M,2014-12-24,active,0.6,0,0,0,auto_approved,0.3859,2022
b9348582-3fa5-4d8e-88a8-c26f706cfc23,U001581,2022-12-27 13:17:15,13:17:15,691168.3,purchase,M00242,USD,success,atm,D002156,127.16.239.170,credit_card,Da Nang,"18.592298,103.365071",28,M,2015-07-08,active,0.85,0,0,0,auto_approved,0.2821,2022
28a4dbc2-b5a2-46db-8b7e-b3a0369efdc4,U000824,2022-04-10 12:35:47,12:35:47,929127.94,purchase,M00241,VND,success,desktop,D001085,127.188.209.85,bank_transfer,Singapore,"12.37519,102.052773",56,F,2020-06-04,active,0.83,0,0,0,auto_approved,0.0275,2022
5cb30e6e-c141-4d92-a971-f99e179102b7,U001035,2022-10-15 19:07:53,19:07:53,121727.45,transfer,M00150,VND,success,pos,D000774,8.209.5.189,credit_card,Kuala Lumpur,"21.88506,104.825415",31,M,2015-01-29,active,0.73,0,0,0,auto_approved,0.1161,2022
3da7c66d-0f5d-4d66-86fb-82739b04012d,U001933,2022-12-31 00:00:28,00:00:28,413293.08,purchase,M00152,VND,success,atm,D000629,38.154.108.156,mobile_wallet,Ho Chi Minh City,"21.778111,102.108168",40,F,2015-06-10,under_review,0.82,1,0,0,auto_approved,0.2891,2022
e6a01dd8-78a8-4648-b4e3-61ee3093d096,U000131,2022-09-05 14:22:50,14:22:50,601359.37,online_payment,M00273,USD,success,desktop,D001713,33.213.137.209,debit_card,Kuala Lumpur,"16.875158,106.98164",18,F,2015-08-13,active,0.59,0,0,0,auto_approved,0.2279,2022
9cee144e-75aa-44b4-9adc-d87355f554c1,U001730,2022-04-13 11:39:45,11:39:45,380182.48,online_payment,M00267,USD,success,atm,D000791,42.199.240.66,credit_card,Ho Chi Minh City,"8.508434,105.751614",44,F,2019-04-06,active,0.98,0,0,0,auto_approved,0.1404,2022
e811d442-433d-44c4-815e-bb25da69c58a,U001436,2022-03-08 14:26:55,14:26:55,106197.92,transfer,M00489,VND,success,mobile,D002215,200.6.9.29,bank_transfer,Da Nang,"21.303434,108.58033",34,F,2020-06-23,active,0.97,1,0,0,auto_approved,0.313,2022
7ebbbce0-54e1-4370-8154-ac1d5db9a71f,U001042,2022-01-03 00:35:48,00:35:48,263306.62,transfer,M00202,USD,success,atm,D000404,152.220.136.145,mobile_wallet,Hanoi,"11.491873,108.661702",31,M,2014-02-10,active,0.62,0,0,0,auto_approved,0.3354,2022
4a5e917c-63c9-422a-bf8c-ef9c79bf4a7a,U001703,2022-09-22 20:06:18,20:06:18,856569.27,bill_payment,M00411,USD,failed,desktop,D000206,82.208.74.153,debit_card,Bangkok,"16.5763,103.468199",50,F,2022-05-01,active,0.98,0,1,0,auto_approved,0.6084,2022
af5c2514-fff6-4c17-aecb-f7765a7ec73c,U001967,2022-10-24 00:42:25,00:42:25,733141.22,online_payment,M00409,VND,success,desktop,D000292,253.13.246.117,bank_transfer,Kuala Lumpur,"14.495175,108.026446",64,M,2020-05-30,active,0.96,0,0,0,auto_approved,0.1303,2022
65d5a595-f0fe-4b63-bf13-4ae83c96add5,U001059,2022-11-20 18:33:34,18:33:34,629066.56,cash_withdrawal,M00309,VND,success,desktop,D002583,240.29.93.25,debit_card,Hanoi,"16.222497,104.403213",60,F,2014-09-19,active,0.84,0,0,0,auto_approved,0.0586,2022
76bacc62-d9b9-495a-bec4-b3273cca590c,U000626,2022-01-31 08:54:08,08:54:08,1350245.12,purchase,M00416,USD,pending,mobile,D002659,33.146.206.141,mobile_wallet,Kuala Lumpur,"11.647299,108.040701",40,F,2018-05-15,active,0.47,0,0,0,auto_approved,0.3428,2022
f3383e41-3c9a-4d42-b1e3-01f645d2ba92,U000672,2022-11-25 18:38:55,18:38:55,1139124.76,online_payment,M00448,VND,pending,mobile,D002710,225.253.238.190,credit_card,Bangkok,"14.473437,105.227228",68,M,2016-01-21,active,0.82,0,0,0,auto_approved,0.0896,2022
b8370122-9367-4320-9377-8c146a400067,U000309,2022-09-02 16:06:08,16:06:08,433010.72,online_payment,M00461,VND,success,atm,D002325,118.128.72.216,mobile_wallet,Hanoi,"21.97935,108.122681",53,F,2014-06-29,active,0.64,3,1,0,auto_approved,0.3807,2022
1f98b698-aa42-4dfc-9ec3-84e7597c0a88,U001700,2022-09-24 14:19:09,14:19:09,225290.8,online_payment,M00350,USD,success,atm,D000239,214.223.191.177,mobile_wallet,Da Nang,"9.500972,103.541941",54,F,2018-06-15,active,0.51,0,0,0,auto_approved,0.1584,2022
8416ede0-50da-45b9-bc33-792203ab17b1,U001441,2022-04-08 02:16:48,02:16:48,498593.37,bill_payment,M00063,USD,success,desktop,D001176,159.240.192.98,mobile_wallet,Ho Chi Minh City,"8.397273,108.966201",61,M,2021-10-16,active,0.59,0,0,0,auto_approved,0.3377,2022
ce7b402e-ff0f-4c5f-beb5-c4737626e4b8,U001895,2022-05-06 10:09:25,10:09:25,626028.55,online_payment,M00395,USD,failed,desktop,D000769,64.48.5.138,mobile_wallet,Hanoi,"15.207196,103.530234",20,M,2017-03-10,active,0.72,0,0,0,auto_approved,0.3583,2022
67cafa30-1eb3-4e8e-808a-119aa7d4caac,U000822,2022-04-04 20:14:49,20:14:49,1209245.92,transfer,M00064,USD,success,desktop,D000760,165.193.178.249,bank_transfer,Ho Chi Minh City,"9.708551,103.388103",35,M,2019-10-29,active,0.66,1,0,0,auto_approved,0.1858,2022
a91d490a-feb9-49b1-9188-06aaac015283,U001348,2022-06-21 17:11:59,17:11:59,250388.66,purchase,M00322,VND,success,atm,D002053,204.115.236.207,credit_card,Hanoi,"12.870129,106.330639",66,F,2022-03-07,active,0.7,0,0,0,auto_approved,0.3552,2022
b39dfb72-b2bb-4f0f-8b75-32aeb603d7ee,U000263,2022-12-22 06:40:28,06:40:28,11481.74,transfer,M00293,VND,success,atm,D002063,252.38.3.236,bank_transfer,Hanoi,"16.107317,106.270713",49,M,2021-02-22,active,0.73,0,0,0,auto_approved,0.2249,2022
0167685f-2931-4c81-be36-4034d8c66118,U000148,2022-10-23 08:10:18,08:10:18,484990.13,online_payment,M00413,VND,success,mobile,D002920,162.56.139.75,bank_transfer,Kuala Lumpur,"9.29877,104.081468",46,M,2018-12-03,active,0.5,0,0,0,auto_approved,0.2097,2022
ae138ca9-51db-4d92-8703-fb72a368ca6a,U001294,2022-10-09 23:53:22,23:53:22,1342637.83,cash_withdrawal,M00413,VND,failed,atm,D001884,212.93.127.45,mobile_wallet,Ho Chi Minh City,"10.482499,104.028595",49,F,2015-09-06,active,0.98,0,0,0,auto_approved,0.1569,2022
12a4650f-2715-4f72-865c-10215ebeca0a,U001494,2022-04-29 10:11:33,10:11:33,2320134.23,bill_payment,M00413,VND,success,atm,D001585,115.237.5.2,debit_card,Ho Chi Minh City,"15.213383,107.954403",36,M,2019-02-04,active,0.71,0,0,0,auto_approved,0.014,2022
85b3a39c-7bd7-4fde-83a9-ad6486674e55,U000863,2022-10-11 08:13:01,08:13:01,943299.06,bill_payment,M00376,USD,pending,desktop,D001754,41.188.70.165,credit_card,Da Nang,"12.768988,106.680844",65,F,2017-05-26,active,0.57,0,0,0,auto_approved,0.2123,2022
864ca944-b55e-4776-827f-38de6b573002,U001973,2022-04-08 17:54:19,17:54:19,112897.75,purchase,M00008,VND,success,desktop,D001828,102.19.197.198,credit_card,Da Nang,"16.997338,106.267665",24,M,2021-07-19,active,0.64,0,0,0,auto_approved,0.402,2022
71b83656-7910-48b2-9943-583e4b728c81,U001833,2022-06-18 15:24:09,15:24:09,1372361.82,transfer,M00202,VND,success,atm,D002938,200.28.250.5,mobile_wallet,Hanoi,"21.998415,105.307553",27,M,2021-11-12,active,0.58,0,0,0,auto_approved,0.1853,2022
f09ae5c8-f519-46f9-afd1-1caba2aae9ec,U001593,2022-02-15 17:45:00,17:45:00,593314.94,online_payment,M00232,VND,success,desktop,D001394,252.58.149.35,debit_card,Kuala Lumpur,"20.386305,107.748825",54,M,2017-04-30,active,0.8,1,0,0,auto_approved,0.5754,2022
1bb430cb-3243-462c-be99-a1d8da4a0c64,U000038,2022-06-28 09:40:02,09:40:02,436554.48,online_payment,M00411,VND,success,desktop,D002187,41.174.203.52,mobile_wallet,Bangkok,"16.18861,103.465656",42,F,2017-02-21,active,0.48,2,1,0,auto_approved,0.5645,2022
25a54dce-37e8-40da-b1ca-80d1944875f6,U000407,2022-03-09 09:58:45,09:58:45,290979.97,purchase,M00022,VND,success,mobile,D000441,115.56.40.221,bank_transfer,Da Nang,"15.744762,107.151943",42,M,2015-08-08,active,0.71,0,0,0,auto_approved,0.3467,2022
896dbb00-abcb-4bb6-a6a4-1961866c58bf,U001498,2022-03-14 23:05:23,23:05:23,142536.45,transfer,M00295,USD,success,pos,D002142,189.86.38.130,debit_card,Hanoi,"8.32997,107.246491",22,M,2018-07-21,active,0.52,0,0,0,auto_approved,0.2797,2022
8139d5f5-cda1-4d3e-8b59-766407c84de1,U001225,2022-10-24 07:40:03,07:40:03,649163.81,cash_withdrawal,M00197,USD,success,desktop,D001610,55.221.113.179,debit_card,Ho Chi Minh City,"15.551118,102.912168",25,F,2015-03-03,active,0.67,0,0,0,auto_approved,0.2297,2022
3c229fd1-9d82-4718-9604-e4ed62c69c99,U001245,2022-12-14 02:01:07,02:01:07,43328.7,bill_payment,M00016,VND,success,atm,D002924,191.171.191.141,mobile_wallet,Bangkok,"14.943314,108.317022",20,F,2014-11-12,under_review,0.49,0,0,0,auto_approved,0.0299,2022
e4a3adaf-db03-4a5a-8960-db390edd4515,U000222,2022-07-24 06:06:33,06:06:33,67839.94,purchase,M00329,USD,success,mobile,D000261,9.128.141.5,debit_card,Ho Chi Minh City,"15.551622,106.384914",65,M,2015-04-28,active,0.6,0,0,0,auto_approved,0.1854,2022
1ae1e2a7-f9e8-4f0e-a5e5-59aa31e22cd3,U000679,2022-01-22 05:52:04,05:52:04,2171537.76,purchase,M00166,USD,success,pos,D002545,231.40.40.104,debit_card,Ho Chi Minh City,"11.587936,105.129041",57,M,2015-11-22,active,0.68,1,0,0,auto_approved,0.1189,2022
f1a0c108-60f1-42e9-a543-e6433217501b,U001950,2022-09-07 19:36:43,19:36:43,289482.8,online_payment,M00131,VND,success,atm,D002541,203.127.185.36,bank_transfer,Hanoi,"19.112551,108.691485",20,M,2016-01-06,under_review,0.61,1,1,1,pending_review,0.7379,2022
915dda38-c17e-414e-b364-8d6141f85c69,U000645,2022-10-05 10:54:19,10:54:19,524452.85,cash_withdrawal,M00479,USD,failed,pos,D002705,218.144.38.110,mobile_wallet,Kuala Lumpur,"14.086014,107.773797",53,M,2014-09-16,active,0.78,0,0,0,auto_approved,0.3148,2022
e2dc240a-142a-4632-9270-5ec8009288ed,U001993,2022-01-09 21:03:06,21:03:06,1840573.35,purchase,M00236,VND,success,atm,D000274,237.48.27.39,mobile_wallet,Singapore,"15.479839,103.008579",29,F,2018-08-21,active,0.61,0,0,0,auto_approved,0.2879,2022
c7085394-0be1-46c4-a7c0-81bc4a1eaea2,U000642,2022-06-02 05:13:22,05:13:22,341105.93,cash_withdrawal,M00468,USD,success,mobile,D002253,46.56.47.22,mobile_wallet,Kuala Lumpur,"10.661849,103.44594",33,F,2018-11-15,active,0.85,0,0,0,auto_approved,0.2938,2022
06100c8f-c446-48e6-b0bd-e19c6e4cbc98,U001577,2022-06-14 15:14:03,15:14:03,739625.74,online_payment,M00071,USD,success,pos,D002290,109.80.222.228,mobile_wallet,Singapore,"16.222374,102.10656",41,F,2018-12-24,blocked,0.76,2,1,0,auto_approved,0.4732,2022
4ba1d82d-6767-48e1-98fd-19ee2a475f81,U001916,2022-11-06 04:49:52,04:49:52,2511116.09,transfer,M00329,VND,success,atm,D002844,14.233.123.75,credit_card,Da Nang,"18.492303,108.859196",32,M,2021-08-05,active,0.56,0,0,0,auto_approved,0.4126,2022
d0b1558d-fd6b-4ed1-a85a-fc0ac048c2cc,U001954,2022-05-31 14:28:10,14:28:10,249748.05,purchase,M00472,VND,success,mobile,D002153,100.2.16.195,mobile_wallet,Ho Chi Minh City,"18.878365,103.577311",34,F,2015-11-29,active,0.64,0,0,0,auto_approved,0.3538,2022
56de371a-998b-4650-ba8a-485ac2be7a2c,U001124,2022-08-04 02:07:18,02:07:18,30885.87,cash_withdrawal,M00335,VND,success,desktop,D001126,151.52.16.181,credit_card,Da Nang,"16.093393,103.174583",40,M,2019-04-08,under_review,0.95,0,0,0,auto_approved,0.0604,2022
a5f7873b-7e37-4b2a-83fa-3de3b50c121f,U001898,2022-12-22 14:48:50,14:48:50,49653.13,cash_withdrawal,M00428,VND,success,desktop,D000487,247.121.69.80,mobile_wallet,Da Nang,"13.997824,108.601403",21,F,2021-08-01,active,0.91,0,0,0,auto_approved,0.4317,2022
b302af20-6ac0-426a-86b0-fef1b101bf3e,U001024,2022-01-28 03:43:50,03:43:50,373317.01,purchase,M00030,USD,success,atm,D000245,156.213.135.33,bank_transfer,Kuala Lumpur,"9.892624,105.80871",30,M,2020-03-14,active,0.58,1,0,0,auto_approved,0.3982,2022
ab73448e-4366-4d66-9a6a-046257b62c5e,U000706,2022-05-24 08:10:59,08:10:59,641198.48,bill_payment,M00064,USD,success,mobile,D000299,157.87.153.30,mobile_wallet,Singapore,"21.825246,104.49659",25,F,2018-08-17,active,0.68,0,0,0,auto_approved,0.2146,2022
0e45ee1e-6277-462a-be7e-e6d17b38de1b,U001939,2022-03-01 02:39:09,02:39:09,310136.12,purchase,M00343,VND,success,mobile,D002971,24.128.64.41,credit_card,Kuala Lumpur,"9.059048,105.606929",69,M,2015-11-22,active,0.46,0,0,0,auto_approved,0.011,2022
4beaad92-4bdf-4af2-b171-9373216eecfa,U001560,2022-07-25 09:59:33,09:59:33,147607.87,cash_withdrawal,M00123,VND,success,pos,D000564,62.105.41.62,credit_card,Kuala Lumpur,"14.021239,104.424113",40,F,2016-09-27,active,0.51,0,0,0,auto_approved,0.2696,2022
efa5d565-4eb3-40b9-88d2-1f3fe05f6488,U000199,2022-01-27 10:03:32,10:03:32,658252.0,purchase,M00464,VND,success,atm,D000935,205.151.32.73,bank_transfer,Da Nang,"20.756456,105.062394",42,M,2016-01-05,active,0.46,2,1,0,auto_approved,0.5063,2022
99064713-a4d7-4ca1-9da7-c7fb864cbe38,U001449,2022-08-31 22:19:09,22:19:09,1292661.56,online_payment,M00004,VND,success,pos,D002685,146.133.153.255,mobile_wallet,Ho Chi Minh City,"11.419591,108.78431",38,F,2021-09-19,active,0.5,0,0,0,auto_approved,0.3094,2022
6b454e20-a5aa-4763-8ae7-e9c14bd863d2,U001620,2022-01-15 15:14:27,15:14:27,921914.68,bill_payment,M00047,USD,success,desktop,D002411,181.74.121.168,bank_transfer,Kuala Lumpur,"12.222657,104.819719",56,M,2016-03-14,active,0.75,0,0,0,auto_approved,0.3097,2022
bf1bab22-2eec-4afc-87d0-057d974c7464,U000455,2022-05-04 14:05:28,14:05:28,1075983.72,cash_withdrawal,M00169,USD,success,atm,D000843,22.182.17.235,credit_card,Da Nang,"16.460862,103.727786",58,M,2021-03-04,active,0.46,1,0,0,auto_approved,0.2515,2022
f3ccec00-00f3-4fc6-85bf-612c48a77015,U000498,2022-04-14 12:02:22,12:02:22,2906404.37,purchase,M00396,VND,success,mobile,D001819,131.123.230.71,mobile_wallet,Da Nang,"13.447671,107.38668",33,F,2015-05-05,active,1.0,0,0,0,auto_approved,0.0815,2022
d07d1578-8100-4423-b5e6-d9d60653a52d,U001869,2022-02-15 15:35:59,15:35:59,804738.11,online_payment,M00097,VND,success,desktop,D000234,139.71.181.152,debit_card,Kuala Lumpur,"11.607689,104.275418",64,M,2017-01-13,active,0.49,2,1,1,pending_review,0.2597,2022
e4c02136-f3a4-49e7-9f69-7f625ac876e1,U000006,2022-07-27 13:23:13,13:23:13,82013.92,bill_payment,M00053,USD,success,atm,D000752,20.189.176.60,mobile_wallet,Hanoi,"18.884536,103.939122",20,F,2015-12-21,active,0.52,0,0,0,auto_approved,0.0324,2022
94dcf4d2-e67b-4992-ad22-91b95b31cb0f,U000454,2022-10-29 01:43:34,01:43:34,136083.99,cash_withdrawal,M00388,USD,success,pos,D000633,142.214.247.254,mobile_wallet,Bangkok,"12.18973,102.773389",70,M,2016-11-06,active,0.78,2,1,0,auto_approved,0.504,2022
06a4dce4-2644-4c1b-97ea-f12cff6713f1,U000596,2022-06-06 18:49:22,18:49:22,328098.15,cash_withdrawal,M00102,VND,success,pos,D002296,178.11.112.220,mobile_wallet,Hanoi,"10.580842,108.604263",56,M,2015-05-17,active,0.61,0,0,0,auto_approved,0.2741,2022
8129df47-8fa4-4789-bdcc-cc05415a435b,U000092,2022-08-08 20:55:56,20:55:56,1169752.05,cash_withdrawal,M00157,VND,success,mobile,D002412,89.243.156.19,bank_transfer,Kuala Lumpur,"13.473761,104.091358",37,M,2020-08-12,active,0.97,1,0,0,auto_approved,0.3767,2022
c29ff02f-c64c-42fd-bd8c-1d7341826e4d,U000772,2022-12-19 23:56:20,23:56:20,2257782.43,online_payment,M00147,USD,success,desktop,D001862,158.197.201.16,debit_card,Kuala Lumpur,"11.487948,103.634643",55,M,2019-04-17,active,0.65,0,0,0,auto_approved,0.1193,2022
e4a28b39-05c1-4331-a871-d219e3f6f677,U001337,2022-03-18 16:37:50,16:37:50,570904.23,cash_withdrawal,M00097,VND,failed,desktop,D002206,61.9.111.87,bank_transfer,Kuala Lumpur,"10.683109,104.738446",43,F,2020-02-29,under_review,0.58,0,0,0,auto_approved,0.1169,2022
88b8fec0-901e-490e-90cb-7e6dace6ea65,U000565,2022-09-09 22:30:54,22:30:54,974051.9,purchase,M00200,USD,success,pos,D000890,55.56.156.72,mobile_wallet,Hanoi,"11.686633,104.958134",47,M,2017-04-11,active,0.62,0,0,0,auto_approved,0.2626,2022
a773c847-1012-4d34-88ba-bc6982ac59c0,U000927,2022-03-15 19:05:39,19:05:39,247326.06,purchase,M00206,USD,success,mobile,D000386,210.5.65.78,credit_card,Bangkok,"12.28757,102.423408",69,F,2022-02-12,active,0.47,0,0,0,auto_approved,0.0727,2022
b7fa1af9-2947-451b-92e9-64534c5214d4,U001882,2022-02-21 19:06:33,19:06:33,98381.29,bill_payment,M00303,USD,success,desktop,D002233,240.211.201.77,mobile_wallet,Da Nang,"13.180028,105.247997",61,M,2014-11-28,active,0.85,0,0,0,auto_approved,0.1146,2022
7b198855-1dea-4b7e-b36b-b4809cf17816,U000977,2022-04-28 03:30:28,03:30:28,1143344.42,transfer,M00201,VND,success,pos,D001506,142.18.51.140,credit_card,Hanoi,"10.693451,108.665916",55,F,2017-10-02,active,0.7,0,0,0,auto_approved,0.1665,2022
4f8610b9-b42f-413e-ad0e-7b170bbc9af3,U001103,2022-11-30 01:15:18,01:15:18,136803.07,purchase,M00314,USD,success,atm,D002678,65.18.57.21,debit_card,Singapore,"19.335028,107.421105",58,M,2015-10-07,active,0.83,0,0,0,auto_approved,0.3241,2022
a120c98f-e5b4-4640-a336-70b3a0202626,U000862,2022-12-10 16:17:32,16:17:32,3147131.7,bill_payment,M00028,USD,success,pos,D001105,218.79.15.94,debit_card,Singapore,"12.531021,108.205659",22,F,2020-03-08,active,0.6,0,1,0,auto_approved,0.4995,2022
ef15d4e8-dfac-4dde-a0d9-edf84ab5087c,U000919,2022-11-22 19:20:20,19:20:20,552365.64,online_payment,M00196,USD,success,atm,D002400,44.141.134.44,bank_transfer,Bangkok,"9.04499,105.237108",44,M,2020-07-27,active,0.79,0,0,0,auto_approved,0.043,2022
2bf8a79a-fe80-4976-8939-0e737afd28a4,U000097,2022-11-13 16:17:54,16:17:54,628365.21,transfer,M00219,VND,success,pos,D000327,207.101.22.7,bank_transfer,Bangkok,"19.72702,106.600392",68,M,2022-05-21,active,0.89,0,0,0,auto_approved,0.022,2022
47db13cb-bde2-44f6-8cbd-543d013d492e,U000597,2022-12-23 20:58:18,20:58:18,919226.85,purchase,M00003,USD,failed,desktop,D002103,207.147.50.87,mobile_wallet,Singapore,"8.825959,107.914088",23,F,2020-10-22,active,0.49,0,0,0,auto_approved,0.028,2022
e9655411-1d9e-4054-b9ad-158042f5107e,U001497,2022-07-05 01:01:40,01:01:40,1024895.46,cash_withdrawal,M00313,USD,success,desktop,D001158,150.141.69.20,mobile_wallet,Kuala Lumpur,"16.666975,103.084874",50,M,2015-08-10,active,0.88,1,0,0,auto_approved,0.3032,2022
36165647-9af4-44df-a90b-74b90f477774,U001289,2022-09-03 13:13:04,13:13:04,1100988.83,online_payment,M00346,VND,success,atm,D002320,62.236.252.6,credit_card,Ho Chi Minh City,"12.361251,108.904909",70,M,2019-11-13,active,0.79,0,0,0,auto_approved,0.0727,2022
020107f5-205e-42dc-afe8-c22b13d538ca,U001337,2022-11-25 20:57:16,20:57:16,343170.56,cash_withdrawal,M00333,USD,success,pos,D002477,249.155.39.210,debit_card,Singapore,"8.202262,103.219826",24,M,2021-05-11,active,0.51,0,0,0,auto_approved,0.2468,2022
bc08be2c-64ac-43b0-acb7-6ee452067efd,U001405,2022-02-27 00:10:35,00:10:35,150659.93,cash_withdrawal,M00360,VND,success,desktop,D001914,205.198.236.144,bank_transfer,Hanoi,"9.045489,102.942153",66,F,2016-04-03,active,0.47,0,0,0,auto_approved,0.3421,2022
3c84a0d0-b9cf-4c99-8880-80f255881deb,U001135,2022-12-08 13:37:32,13:37:32,128048.67,bill_payment,M00119,USD,success,mobile,D001760,183.113.104.100,debit_card,Hanoi,"11.534582,108.2786",24,F,2018-12-15,active,0.56,0,0,0,auto_approved,0.1942,2022
796f19d4-3bba-456e-810f-67b6d2faf03c,U001872,2022-08-02 20:40:23,20:40:23,1495681.02,transfer,M00497,VND,success,mobile,D000031,92.78.89.72,debit_card,Bangkok,"12.194732,104.165523",48,M,2016-06-02,active,0.57,0,0,0,auto_approved,0.2258,2022
a4d6ded1-7bc4-4f56-8af5-179f1695f03e,U001039,2022-08-19 23:50:11,23:50:11,4647077.54,cash_withdrawal,M00473,USD,success,pos,D002974,86.140.9.198,credit_card,Bangkok,"17.431942,103.111863",27,M,2018-05-22,active,0.85,0,1,0,auto_approved,0.2971,2022
cd7e6c7f-6ada-44f9-a777-040f27e3e266,U001573,2022-02-15 23:21:14,23:21:14,2245044.56,cash_withdrawal,M00144,USD,success,desktop,D001875,150.163.147.88,bank_transfer,Bangkok,"13.251701,108.29428",46,F,2018-07-10,active,0.96,0,0,0,auto_approved,0.1268,2022
a9e6071f-81de-4c9e-9973-46e2f0db4e32,U001348,2022-03-22 21:01:24,21:01:24,2532085.55,transfer,M00475,USD,success,pos,D000491,172.214.5.132,mobile_wallet,Da Nang,"11.383998,106.761749",19,F,2014-04-22,under_review,0.47,0,1,0,auto_approved,0.3508,2022
340bc8ec-7bc4-4ab8-a4f7-bb3458af8b76,U001521,2022-12-16 01:17:41,01:17:41,1811095.19,bill_payment,M00306,VND,success,desktop,D001837,157.199.1.233,bank_transfer,Ho Chi Minh City,"11.819601,106.417927",31,F,2020-05-31,active,0.72,0,0,0,auto_approved,0.1739,2022
5a7cc11f-8af6-42a4-9bc4-91f3c8c37a07,U000879,2022-05-22 18:11:52,18:11:52,319851.94,online_payment,M00033,USD,success,mobile,D001469,182.94.79.164,bank_transfer,Bangkok,"17.227793,108.88941",69,M,2019-04-29,active,0.54,0,0,0,auto_approved,0.1346,2022
e469d1d4-e408-4009-a141-7faa7b454a5c,U001305,2022-02-21 18:59:42,18:59:42,167482.06,cash_withdrawal,M00438,USD,success,mobile,D001053,128.244.208.228,mobile_wallet,Hanoi,"14.298716,104.628005",18,M,2015-12-01,active,0.76,0,0,0,auto_approved,0.0215,2022
62cd0bf0-b434-43e1-96ab-5546edf7936d,U001713,2022-11-01 21:21:13,21:21:13,81755.86,cash_withdrawal,M00416,VND,success,pos,D002203,51.131.115.61,bank_transfer,Ho Chi Minh City,"14.859885,108.666273",28,F,2015-05-14,active,0.51,0,0,0,auto_approved,0.3055,2022
6ef130dd-dd70-4a3c-bf46-90f415ffa4f8,U000644,2022-06-23 22:04:28,22:04:28,1413246.69,transfer,M00489,USD,success,pos,D002854,225.105.64.171,debit_card,Singapore,"16.71578,108.782496",65,M,2020-09-01,active,0.97,0,0,0,auto_approved,0.4488,2022
7593410f-2fe4-4aa0-a1dd-d30a5e2cf951,U001707,2022-11-21 10:39:15,10:39:15,408000.7,bill_payment,M00474,USD,failed,pos,D000076,56.233.203.115,credit_card,Ho Chi Minh City,"18.766933,105.436125",66,M,2020-05-02,active,0.46,0,0,0,auto_approved,0.138,2022
e44d05b1-a3f7-4b7d-a70e-65caca5e0926,U000266,2022-12-14 22:09:34,22:09:34,3809754.25,purchase,M00085,USD,success,atm,D000135,153.64.186.145,debit_card,Bangkok,"12.416127,106.485604",45,M,2022-10-02,under_review,0.99,2,1,0,auto_approved,0.3357,2022
724ca9d7-8a96-4ac0-a249-991dfc408993,U000934,2022-05-12 03:24:48,03:24:48,5090469.19,bill_payment,M00385,USD,success,mobile,D002578,52.178.161.138,mobile_wallet,Da Nang,"15.42597,103.695966",69,M,2017-05-09,active,0.64,0,1,0,auto_approved,0.567,2022
e31a1814-8e99-4d1b-af3e-e8cbcf0defc0,U000339,2022-03-31 01:18:40,01:18:40,14312.84,purchase,M00421,VND,success,pos,D002873,34.43.46.61,bank_transfer,Da Nang,"17.186329,106.750741",47,F,2015-09-02,active,0.65,0,0,0,auto_approved,0.4194,2022
034886eb-47d3-49c3-a167-7e19e52847c1,U001507,2022-06-13 09:18:32,09:18:32,523913.04,purchase,M00066,VND,failed,mobile,D001497,108.209.153.240,debit_card,Bangkok,"15.434642,108.040301",37,M,2020-12-22,active,0.63,0,0,0,auto_approved,0.3011,2022
19d9f093-8da6-4320-a6cb-35734d513661,U001919,2022-11-07 03:52:04,03:52:04,949717.21,online_payment,M00179,VND,success,mobile,D000470,53.86.33.126,debit_card,Ho Chi Minh City,"16.473018,104.384207",60,F,2018-07-04,active,0.52,0,0,0,auto_approved,0.0283,2022
f1c8fba9-9a63-4a09-8526-7f7cce206b77,U000818,2022-10-20 18:01:58,18:01:58,344445.81,cash_withdrawal,M00092,USD,success,atm,D000633,46.152.183.208,mobile_wallet,Ho Chi Minh City,"8.696351,104.614355",41,F,2022-05-04,active,0.68,0,0,0,auto_approved,0.1542,2022
c5cc1c1e-b98b-4826-804a-c152a42c00f6,U001043,2022-08-16 08:36:22,08:36:22,631742.74,bill_payment,M00225,VND,success,atm,D000323,148.71.239.115,credit_card,Hanoi,"13.172217,108.443021",50,M,2020-10-30,active,0.59,1,0,0,auto_approved,0.3474,2022
c3fec53e-fdaf-4b62-90ea-99490f35a321,U000323,2022-12-02 05:26:51,05:26:51,975049.48,transfer,M00060,USD,success,atm,D002713,84.169.135.194,debit_card,Singapore,"14.555297,103.508954",42,F,2015-03-12,active,0.59,0,0,0,auto_approved,0.1266,2022
0e01ec2f-637f-43ae-b734-3879a4c4b1cb,U000443,2022-11-30 21:03:14,21:03:14,1351784.08,online_payment,M00426,USD,success,desktop,D002772,138.134.232.224,bank_transfer,Hanoi,"15.942184,105.81539",47,M,2014-11-12,active,0.94,0,0,0,auto_approved,0.1848,2022
6fa04595-9e8c-4529-b624-9916fe1e4df1,U000983,2022-09-14 03:11:39,03:11:39,120794.83,cash_withdrawal,M00054,USD,success,pos,D000109,162.220.234.219,mobile_wallet,Ho Chi Minh City,"17.120775,103.558938",20,F,2019-05-08,active,1.0,0,0,0,auto_approved,0.3683,2022
f3186532-8213-40f5-85d8-029e43d144e8,U000248,2022-10-02 06:21:08,06:21:08,90346.36,online_payment,M00116,USD,success,atm,D000382,194.219.133.25,credit_card,Singapore,"16.282337,104.003419",59,F,2018-12-07,active,0.95,1,0,0,auto_approved,0.5051,2022
0d118d4b-5e71-4fd1-9b53-9dc69ab425c2,U001335,2022-04-23 16:31:58,16:31:58,97386.84,bill_payment,M00134,USD,success,pos,D002500,242.177.132.50,mobile_wallet,Bangkok,"18.506114,108.236115",46,M,2014-08-19,active,0.97,1,0,0,auto_approved,0.3114,2022
c7a5f7a7-fce2-4f25-8151-9cc158a9d00f,U000074,2022-09-16 05:05:58,05:05:58,1263248.32,online_payment,M00475,VND,success,mobile,D002483,54.230.167.174,debit_card,Hanoi,"15.858483,106.208748",55,M,2020-10-20,active,0.96,0,0,0,auto_approved,0.0205,2022
8dfd0f90-2fc0-4c2a-924c-0ea2e1213a7e,U001864,2022-05-18 01:51:04,01:51:04,852877.83,transfer,M00372,USD,success,atm,D000860,145.84.187.230,debit_card,Singapore,"14.806778,107.077669",24,M,2014-03-22,active,0.76,0,0,0,auto_approved,0.2064,2022
d277686e-144a-4e45-b254-5471d18b379d,U001198,2022-05-14 12:38:44,12:38:44,948489.22,purchase,M00398,VND,success,atm,D000832,136.23.30.155,mobile_wallet,Singapore,"9.587415,102.691731",45,F,2021-11-08,active,0.82,0,0,0,auto_approved,0.3137,2022
36f997e7-d6d9-4d57-be9e-82fec163a003,U000350,2022-07-03 14:05:38,14:05:38,1076651.29,purchase,M00185,USD,success,mobile,D001231,114.214.133.60,mobile_wallet,Hanoi,"13.018989,102.500517",47,F,2020-10-12,active,0.66,0,0,0,auto_approved,0.3625,2022
7a20181c-a25c-4de8-a497-0bf746559705,U001155,2022-06-21 22:57:01,22:57:01,253526.39,transfer,M00009,USD,success,pos,D001837,29.222.195.30,debit_card,Hanoi,"21.931159,103.28058",32,F,2019-01-01,active,0.8,1,0,0,auto_approved,0.531,2022
caf7ffb7-d6af-4d0d-9251-7813131d8d8b,U000083,2022-05-25 12:08:55,12:08:55,351353.93,bill_payment,M00175,VND,success,atm,D000825,148.212.180.92,credit_card,Bangkok,"9.174682,102.866331",34,M,2015-08-19,active,0.54,0,0,0,auto_approved,0.2806,2022
09fcb6d1-3f00-4946-a7af-1ca07aa2f8e8,U000913,2022-07-05 12:24:56,12:24:56,88131.36,transfer,M00191,USD,success,desktop,D000640,229.107.249.92,credit_card,Da Nang,"13.141216,107.211812",50,F,2015-01-09,active,0.6,0,0,0,auto_approved,0.3649,2022
ce66d8dc-9b10-4421-9adf-4c044bf42192,U000020,2022-05-16 09:32:46,09:32:46,567946.81,online_payment,M00158,USD,failed,desktop,D000812,124.87.188.31,credit_card,Kuala Lumpur,"9.053842,106.197346",39,F,2017-12-30,active,0.46,0,0,0,auto_approved,0.1605,2022
4d561d00-cbf9-4839-ae07-11405ca2338c,U001948,2022-03-14 15:25:43,15:25:43,874576.29,online_payment,M00292,VND,success,pos,D001156,126.173.254.154,credit_card,Bangkok,"21.277372,102.388822",57,M,2015-02-08,active,0.94,0,0,0,auto_approved,0.172,2022
e2b110f3-330c-4031-84a5-fff45502aa4d,U001627,2022-09-04 16:05:32,16:05:32,688030.85,cash_withdrawal,M00014,VND,pending,desktop,D001446,201.196.17.10,bank_transfer,Singapore,"16.141908,105.398636",43,M,2017-09-24,active,0.8,0,0,0,auto_approved,0.3865,2022
446b931d-221d-4515-baf0-4c75c2c51675,U001205,2022-10-24 05:51:11,05:51:11,556312.7,cash_withdrawal,M00457,USD,success,mobile,D000315,255.224.96.242,debit_card,Kuala Lumpur,"12.189392,108.905474",33,F,2022-04-26,active,0.48,0,0,0,auto_approved,0.3132,2022
b62cdb18-27bf-4d33-80ff-ecb448fa557b,U001616,2022-07-26 01:24:15,01:24:15,262283.77,cash_withdrawal,M00270,USD,success,atm,D000176,185.187.93.66,bank_transfer,Bangkok,"16.040971,108.169907",31,M,2016-09-30,active,0.99,0,0,0,auto_approved,0.3676,2022
0a487a33-d49a-4c3e-b120-c94fe286ef07,U000277,2022-09-13 05:07:51,05:07:51,650046.91,cash_withdrawal,M00073,VND,success,desktop,D000884,55.84.172.128,debit_card,Kuala Lumpur,"9.439067,102.13127",50,F,2014-07-01,active,0.86,0,0,0,auto_approved,0.1641,2022
3259c3c6-5a92-4bba-93ad-86b12c084ac4,U001775,2022-06-11 19:18:01,19:18:01,248205.26,purchase,M00354,USD,success,mobile,D001905,4.37.86.98,credit_card,Kuala Lumpur,"14.390644,103.624313",63,F,2020-09-13,active,0.55,0,0,0,auto_approved,0.4399,2022
95e4ac0f-3e82-4a7a-ba97-2d11cb5e83fe,U001395,2022-01-09 10:16:28,10:16:28,65219.18,bill_payment,M00230,VND,success,mobile,D000811,192.84.11.73,bank_transfer,Ho Chi Minh City,"17.923101,103.589254",36,M,2021-08-31,active,0.64,0,0,0,auto_approved,0.1069,2022
459b8ae3-9d77-47cd-8d62-33a9398d2c23,U000723,2022-05-28 10:07:43,10:07:43,3360817.69,cash_withdrawal,M00149,VND,success,pos,D002275,254.160.68.219,credit_card,Hanoi,"12.202121,105.355935",24,F,2015-08-17,active,0.5,0,1,0,auto_approved,0.2057,2022
54627559-6008-454a-a8b7-0c0fb0812362,U001863,2022-02-08 06:29:29,06:29:29,75877.95,online_payment,M00082,VND,success,desktop,D001901,230.115.71.62,debit_card,Da Nang,"16.342802,107.990579",31,F,2020-01-04,active,0.62,0,0,0,auto_approved,0.2822,2022
169a9d69-f76d-4b9b-bc25-6ce45aad1c64,U000034,2022-03-31 07:58:01,07:58:01,395650.33,transfer,M00461,VND,success,atm,D000152,204.214.6.59,mobile_wallet,Da Nang,"13.561172,104.582403",21,M,2019-12-03,active,0.7,0,1,1,pending_review,0.5015,2022
29c17611-588d-4c2a-a4f4-afdda1ca4322,U000899,2022-04-08 12:26:52,12:26:52,1566042.94,bill_payment,M00439,VND,pending,atm,D002847,213.252.233.216,credit_card,Bangkok,"9.732207,105.177558",38,F,2014-08-22,active,0.48,0,0,0,auto_approved,0.1723,2022
6d2cd7f8-fca2-4efe-bdb6-8fff1e1600c2,U001259,2022-10-19 00:04:38,00:04:38,282874.71,cash_withdrawal,M00369,VND,success,atm,D001780,101.124.56.115,credit_card,Kuala Lumpur,"8.415007,107.083217",27,F,2017-12-30,active,0.8,0,0,0,auto_approved,0.3383,2022
23affb84-45cb-4246-bbb8-85d7a2585e89,U000291,2022-03-06 08:16:23,08:16:23,331180.42,cash_withdrawal,M00048,USD,success,desktop,D000641,210.140.206.87,bank_transfer,Ho Chi Minh City,"18.545792,106.042072",54,F,2016-10-17,active,0.49,0,0,0,auto_approved,0.0179,2022
27ebd7f8-b54e-4190-b9b3-b7f14e34c3a2,U000452,2022-04-26 11:27:51,11:27:51,2055035.36,bill_payment,M00293,USD,success,atm,D002796,167.149.136.74,bank_transfer,Bangkok,"11.270398,106.407152",57,M,2014-07-21,active,0.61,0,0,0,auto_approved,0.0479,2022
54c34987-0e23-4cf1-89b8-d411472a53fb,U001686,2022-11-22 00:52:31,00:52:31,82592.81,bill_payment,M00413,USD,success,atm,D001787,204.58.91.219,bank_transfer,Singapore,"21.970273,102.881376",43,M,2018-08-04,active,0.57,0,0,0,auto_approved,0.1349,2022
dc12b74b-2d6a-4b08-98d2-903743fe63fe,U001178,2022-03-14 00:59:18,00:59:18,464297.77,purchase,M00315,USD,success,desktop,D002327,212.72.157.23,mobile_wallet,Bangkok,"8.700857,105.819867",60,M,2018-07-16,active,0.89,0,0,0,auto_approved,0.389,2022
0992bd36-3712-442d-bd2c-bef1ef3a1f57,U000917,2022-10-14 21:28:58,21:28:58,3953690.08,bill_payment,M00096,VND,success,pos,D001308,155.161.101.65,bank_transfer,Da Nang,"9.086434,104.988627",68,F,2016-07-12,active,0.86,0,1,0,auto_approved,0.5351,2022
302f1345-5c30-4f9b-abf1-4c245dbfab23,U001855,2022-04-29 23:21:49,23:21:49,545719.76,bill_payment,M00223,USD,success,atm,D001443,192.172.208.206,bank_transfer,Kuala Lumpur,"9.885846,104.057263",48,M,2020-03-29,active,0.76,0,1,1,pending_review,0.45,2022
af63d3a0-ddfb-4613-9927-60b621d0c3a6,U000333,2022-12-25 20:45:58,20:45:58,102536.62,online_payment,M00474,VND,success,desktop,D001597,111.38.77.120,bank_transfer,Kuala Lumpur,"14.511173,107.52428",20,F,2021-01-08,active,0.54,0,0,0,auto_approved,0.3288,2022
76b7ed85-ff62-4562-9584-e5dc366f6eff,U001246,2022-04-02 17:50:30,17:50:30,1367971.27,purchase,M00478,VND,success,pos,D002307,199.74.0.253,bank_transfer,Kuala Lumpur,"14.359581,107.065013",51,M,2020-06-07,active,0.74,0,0,0,auto_approved,0.0565,2022
6587f4e9-dc83-4bfa-98fc-f127490ad5c8,U000002,2022-01-04 13:04:17,13:04:17,1129289.05,online_payment,M00115,USD,success,desktop,D001222,58.3.15.53,debit_card,Bangkok,"8.506293,108.858795",32,M,2017-03-14,active,0.65,1,0,0,auto_approved,0.5091,2022
3882ab28-120f-4895-a542-bed9800abbc4,U001337,2022-02-25 14:41:55,14:41:55,707321.34,cash_withdrawal,M00236,USD,success,mobile,D000236,44.238.13.33,debit_card,Singapore,"10.830936,107.554632",59,F,2019-06-17,active,0.86,0,0,0,auto_approved,0.1463,2022
7c50558b-02bc-45b9-b63c-4f69b843b93b,U001502,2022-04-03 07:32:41,07:32:41,100713.65,transfer,M00221,VND,success,pos,D000735,231.23.81.10,bank_transfer,Ho Chi Minh City,"13.658607,104.476255",29,F,2019-02-27,active,0.73,0,1,0,auto_approved,0.6371,2022
283a248f-e605-48a8-8cef-9bdded2973e4,U000884,2022-09-16 22:52:02,22:52:02,774595.45,online_payment,M00302,USD,success,pos,D001851,165.46.33.39,mobile_wallet,Singapore,"15.790776,108.493385",59,M,2021-01-28,blocked,0.53,0,0,0,auto_approved,0.0511,2022
43b7fa6e-7464-4497-8e2c-2ee9a4983623,U001280,2022-04-25 19:15:52,19:15:52,335196.05,online_payment,M00403,USD,success,mobile,D000282,207.31.225.75,bank_transfer,Ho Chi Minh City,"14.00018,102.523749",47,M,2020-07-12,active,0.93,2,1,0,auto_approved,0.5416,2022
8492c4eb-23ba-4613-8baa-7c0b66319053,U001873,2022-09-19 15:23:59,15:23:59,714630.42,cash_withdrawal,M00236,VND,success,mobile,D000105,28.243.59.122,debit_card,Hanoi,"11.896826,105.73208",22,M,2019-07-15,active,0.89,0,0,0,auto_approved,0.2961,2022
8c0dd526-2561-4113-a293-eeb15b41e678,U000506,2022-10-29 05:47:54,05:47:54,76413.74,bill_payment,M00002,VND,success,desktop,D001276,205.76.127.246,mobile_wallet,Singapore,"18.968423,104.279277",29,F,2022-03-03,active,0.59,0,0,0,auto_approved,0.1404,2022
fe666c9b-6a53-4961-8355-7af24c2532a0,U001796,2022-09-04 18:56:39,18:56:39,2070599.0,transfer,M00028,VND,success,desktop,D001929,81.109.232.183,debit_card,Da Nang,"16.938046,106.828864",18,F,2016-12-07,active,0.75,0,0,0,auto_approved,0.0215,2022
74a5efa1-e679-4aae-890e-531f579ec7f4,U000555,2022-01-23 15:21:38,15:21:38,471324.86,bill_payment,M00315,USD,success,atm,D002565,139.140.178.49,credit_card,Da Nang,"17.703286,105.704055",53,M,2018-11-30,active,0.91,0,0,0,auto_approved,0.2018,2022
02cac414-e90a-4b93-823d-68d748ecfaae,U001766,2022-08-17 14:39:25,14:39:25,460996.01,cash_withdrawal,M00196,VND,success,mobile,D002116,229.244.204.120,bank_transfer,Hanoi,"14.727461,106.955534",31,F,2020-12-12,active,0.91,0,0,0,auto_approved,0.1848,2022
f481a62b-f1d7-433c-9626-9f5b39dac3de,U000494,2022-10-16 04:15:24,04:15:24,1882687.09,purchase,M00047,USD,success,desktop,D001503,30.194.184.12,bank_transfer,Kuala Lumpur,"19.329444,105.945103",54,F,2017-03-21,active,0.72,0,0,0,auto_approved,0.2984,2022
9afc5b29-9ce2-490f-a92e-ac6f27052a94,U000645,2022-07-19 01:44:53,01:44:53,3407843.1,bill_payment,M00212,VND,success,atm,D001409,129.10.106.235,debit_card,Ho Chi Minh City,"14.667792,108.659888",27,F,2016-12-03,active,0.57,0,1,1,pending_review,0.1815,2022
a3919dc5-8c3f-49e9-8613-8b051148e5f8,U001223,2022-05-15 17:37:25,17:37:25,982679.92,bill_payment,M00138,VND,success,pos,D000283,166.220.43.27,credit_card,Kuala Lumpur,"15.047051,103.051501",43,F,2022-03-31,active,0.83,0,0,0,auto_approved,0.2258,2022
e7558b6c-8aa1-440d-813e-e4c2f79e61d2,U001300,2022-02-02 10:16:01,10:16:01,67225.34,online_payment,M00271,VND,success,desktop,D002151,172.93.105.92,mobile_wallet,Singapore,"20.050598,103.074538",29,M,2020-10-13,active,0.7,0,1,1,pending_review,0.3991,2022
b627eafd-fd94-4ff9-93c9-5008fb5269e1,U000221,2022-11-12 03:11:31,03:11:31,50722.18,cash_withdrawal,M00020,USD,success,mobile,D002398,91.176.77.6,debit_card,Da Nang,"12.707013,107.013808",32,M,2017-04-08,active,0.86,2,1,0,auto_approved,0.5101,2022
9cca1a8b-00df-4add-8dd9-cfe2fc115bd1,U000489,2022-06-20 06:45:41,06:45:41,984241.56,purchase,M00420,USD,success,desktop,D002396,210.246.212.204,bank_transfer,Hanoi,"19.557623,106.051319",39,M,2019-08-16,active,0.74,0,0,0,auto_approved,0.3477,2022
8f66e1e8-abb3-4c94-bcf8-b706f18656c3,U000669,2022-11-21 00:35:07,00:35:07,19901.75,transfer,M00403,USD,success,pos,D002366,120.74.153.162,mobile_wallet,Hanoi,"10.310051,108.848517",63,F,2016-11-20,active,0.66,1,0,0,auto_approved,0.2586,2022
111cfae1-949a-49cc-b173-9cd2872afdab,U000626,2022-02-11 04:25:39,04:25:39,1784846.43,transfer,M00044,VND,success,mobile,D000399,171.184.151.167,mobile_wallet,Hanoi,"16.840931,103.467594",70,F,2020-05-07,active,0.62,0,0,0,auto_approved,0.2119,2022
01a040fe-6cc3-4b2e-80e1-13c3a2bdaaff,U000825,2022-05-17 10:43:14,10:43:14,117454.64,cash_withdrawal,M00257,VND,success,mobile,D000219,54.179.20.79,credit_card,Ho Chi Minh City,"8.206428,108.654382",39,F,2015-01-29,active,0.7,0,0,0,auto_approved,0.2974,2022
5299a602-42c6-4611-9f5c-a1b61cdf7dfd,U001155,2022-02-17 12:19:27,12:19:27,327419.13,online_payment,M00452,VND,success,mobile,D001448,44.8.74.65,credit_card,Da Nang,"21.502605,108.058105",24,M,2016-05-24,blocked,0.62,0,0,0,auto_approved,0.0811,2022
7d34863c-f143-4aa9-b0f0-e594e92c4886,U001618,2022-10-04 03:14:57,03:14:57,269553.2,cash_withdrawal,M00068,USD,success,atm,D001615,27.105.113.237,bank_transfer,Singapore,"16.708563,108.562071",57,F,2017-09-01,active,0.95,0,0,0,auto_approved,0.1256,2022
67882bb8-ce14-46e6-80f8-41bdfe838f56,U000354,2022-10-15 03:47:43,03:47:43,45590.68,purchase,M00400,USD,success,desktop,D000698,148.201.229.196,bank_transfer,Kuala Lumpur,"11.957371,108.218243",56,M,2016-10-24,under_review,0.77,0,0,0,auto_approved,0.195,2022
6b8af320-8319-4b95-bf55-eadf12c4d505,U001639,2022-08-18 22:29:57,22:29:57,134386.32,online_payment,M00347,USD,success,pos,D001834,171.99.230.144,debit_card,Hanoi,"17.359076,105.422207",38,F,2020-11-06,active,0.71,0,0,0,auto_approved,0.4376,2022
e60e4f90-c680-446c-bfbb-42f5dfd1b9d4,U000678,2022-11-09 13:14:50,13:14:50,500334.07,purchase,M00212,USD,success,atm,D002004,111.94.155.117,mobile_wallet,Bangkok,"16.450485,103.390447",64,M,2021-03-28,active,0.88,0,0,0,auto_approved,0.1851,2022
4a7b2113-bfb6-4fa4-9409-10e4b05b6407,U001998,2022-08-19 18:18:35,18:18:35,45605.8,purchase,M00356,USD,success,mobile,D001227,124.172.45.193,debit_card,Ho Chi Minh City,"16.693761,102.55141",45,F,2017-03-05,active,0.75,1,0,0,auto_approved,0.4594,2022
210f8cc2-2e44-416a-b618-f55c118d907e,U000957,2022-03-31 21:26:59,21:26:59,458233.69,bill_payment,M00249,USD,success,mobile,D001906,226.166.27.120,debit_card,Da Nang,"9.884388,103.309222",25,M,2015-02-04,active,0.64,0,0,0,auto_approved,0.1664,2022
2d3fa137-b118-427e-ac47-4e27f991b018,U000819,2022-02-13 05:32:00,05:32:00,1468278.76,cash_withdrawal,M00164,USD,success,desktop,D001760,18.19.12.5,bank_transfer,Da Nang,"13.847445,108.839906",24,M,2017-02-04,active,0.95,1,0,0,auto_approved,0.2183,2022
c518ed4d-dcbe-4d07-a092-4d38b80b2d14,U000135,2022-11-07 10:56:26,10:56:26,875261.36,transfer,M00337,VND,success,desktop,D000726,144.63.234.92,mobile_wallet,Hanoi,"15.323604,107.140228",46,M,2021-11-17,active,0.5,0,0,0,auto_approved,0.2719,2022
2edeca8f-9d89-4a6d-984e-2689e83f368e,U001278,2022-01-16 05:33:49,05:33:49,399252.12,purchase,M00397,VND,success,pos,D000358,172.6.240.186,credit_card,Singapore,"15.963029,106.644797",29,M,2017-09-03,active,0.64,2,1,0,auto_approved,0.2555,2022
04179007-0544-46b4-93a3-b0afe91b70d2,U001785,2022-03-08 17:25:22,17:25:22,28949.6,purchase,M00095,USD,success,mobile,D001468,234.43.162.177,credit_card,Da Nang,"20.831805,105.160467",66,M,2022-02-01,active,0.88,0,0,0,auto_approved,0.1846,2022
49ea782a-4ec2-447d-a674-b4d61c8b22ce,U000866,2022-10-19 15:16:48,15:16:48,198791.78,purchase,M00418,VND,success,atm,D000871,225.3.223.155,credit_card,Kuala Lumpur,"19.182233,103.821438",61,F,2017-04-25,active,0.63,0,0,0,auto_approved,0.1215,2022
ec429236-6e1e-45f5-be81-992f83a3f60d,U000220,2022-03-10 05:38:23,05:38:23,47179.67,transfer,M00184,USD,success,desktop,D000409,235.67.51.244,debit_card,Bangkok,"17.421051,107.690121",33,F,2018-01-23,active,0.71,0,0,0,auto_approved,0.0563,2022
d7d1f0d1-5582-4124-8146-b95a8389c14e,U000444,2022-10-17 08:59:41,08:59:41,2513513.12,online_payment,M00182,VND,success,pos,D002903,150.99.46.90,debit_card,Hanoi,"21.773567,107.614831",24,F,2016-06-12,active,0.76,1,0,0,auto_approved,0.3993,2022
401021a7-897c-417d-9c4a-6e4a1f737912,U000482,2022-01-29 14:40:43,14:40:43,397000.78,bill_payment,M00149,USD,success,mobile,D001518,62.162.2.132,mobile_wallet,Bangkok,"15.475831,108.122963",62,M,2014-07-03,active,0.86,0,0,0,auto_approved,0.4119,2022
42f42594-e105-47a5-adc7-e85f64c8df41,U001843,2022-10-08 18:58:14,18:58:14,221143.69,online_payment,M00489,USD,success,atm,D001875,213.104.142.57,mobile_wallet,Bangkok,"18.338163,107.004616",25,F,2017-12-14,active,0.99,0,0,0,auto_approved,0.3839,2022
63abe821-3876-45bb-a161-453dcb662ad6,U001629,2022-11-18 04:24:35,04:24:35,1265792.55,cash_withdrawal,M00144,USD,success,atm,D000582,73.132.36.181,bank_transfer,Singapore,"17.063607,103.720884",30,M,2016-02-12,active,0.47,0,0,0,auto_approved,0.1175,2022
ada83969-303c-43d1-b6f2-d67af3723346,U000456,2022-05-13 19:46:20,19:46:20,382285.74,bill_payment,M00464,USD,success,mobile,D000818,98.143.83.152,mobile_wallet,Bangkok,"10.308561,102.326982",69,M,2014-07-10,active,0.8,0,0,0,auto_approved,0.0974,2022
51c83c85-eb06-4560-87f7-894ee55f8f38,U001955,2022-10-06 14:48:29,14:48:29,886367.55,cash_withdrawal,M00432,VND,success,pos,D001945,214.127.107.151,credit_card,Hanoi,"20.718218,107.486056",47,M,2020-04-23,active,0.78,0,1,0,auto_approved,0.2066,2022
1597607d-65c9-4965-86f4-b99b770a5b12,U000022,2022-12-26 09:45:29,09:45:29,297973.28,transfer,M00264,VND,success,desktop,D001318,14.158.185.72,bank_transfer,Kuala Lumpur,"13.093744,103.036899",56,M,2019-08-01,under_review,0.48,1,1,0,auto_approved,0.3411,2022
66675616-49e5-4df4-912b-70dcff64f4da,U000687,2022-05-09 06:37:48,06:37:48,3780855.27,online_payment,M00194,VND,success,mobile,D000456,112.253.10.130,mobile_wallet,Singapore,"17.083215,105.176504",26,M,2016-06-12,active,0.6,0,1,0,auto_approved,0.1903,2022
9148bd4b-04ab-43e3-bac1-a3308bf58c4f,U000431,2022-08-31 23:57:02,23:57:02,334962.75,transfer,M00141,USD,success,mobile,D000247,109.204.29.114,credit_card,Singapore,"13.485323,108.031069",65,F,2015-06-21,active,0.86,0,1,0,auto_approved,0.294,2022
7b9bf4b7-2bdd-4758-8e3f-30cb0f8a95f8,U001764,2022-12-09 19:16:39,19:16:39,474093.61,transfer,M00009,VND,success,atm,D001621,75.12.70.159,mobile_wallet,Singapore,"21.117806,108.834692",51,M,2017-06-17,active,0.62,0,0,0,auto_approved,0.3988,2022
522ffc05-ef05-4b9a-bbbc-2181590eba91,U001751,2022-09-03 15:44:19,15:44:19,172290.33,online_payment,M00131,VND,success,atm,D002364,253.101.83.132,debit_card,Bangkok,"11.015927,103.855393",52,F,2014-08-18,active,0.75,0,0,0,auto_approved,0.4147,2022
356c712b-b99c-4851-95fb-2d181400c5a2,U000591,2022-09-06 02:06:11,02:06:11,527593.05,purchase,M00432,VND,success,atm,D000243,201.201.112.198,bank_transfer,Hanoi,"16.140356,106.71891",57,M,2020-06-03,active,0.69,0,0,0,auto_approved,0.367,2022
28564296-c106-4697-981f-8b09c5749970,U001152,2022-12-25 22:27:57,22:27:57,1166635.19,cash_withdrawal,M00005,VND,success,pos,D002858,30.12.164.10,credit_card,Kuala Lumpur,"20.435671,107.10591",51,M,2019-07-26,active,0.73,0,0,0,auto_approved,0.4037,2022
8bcabb33-60be-44a6-aad9-0ee8967aecf8,U001188,2022-04-20 22:08:45,22:08:45,103441.07,online_payment,M00135,VND,success,pos,D001903,105.31.230.175,credit_card,Da Nang,"20.220571,103.139509",26,F,2015-08-10,active,0.72,0,0,0,auto_approved,0.0946,2022
3e522132-7390-4d63-b920-185337c55167,U000559,2022-11-02 03:03:52,03:03:52,203120.18,purchase,M00336,VND,success,pos,D002013,234.169.251.138,mobile_wallet,Singapore,"8.45521,108.809718",52,F,2017-09-19,active,0.75,0,0,0,auto_approved,0.2669,2022
dc9d32de-8e54-44dc-adf8-eecdba1f4219,U001757,2022-02-03 21:54:38,21:54:38,48382.04,bill_payment,M00381,VND,success,pos,D002940,111.54.88.247,bank_transfer,Singapore,"16.987431,102.299616",55,F,2014-09-07,active,0.82,0,0,0,auto_approved,0.1906,2022
b690bd1f-d25b-46a4-a2f4-94199f4d6bf0,U001566,2022-09-17 16:39:06,16:39:06,482977.1,transfer,M00472,USD,success,desktop,D001130,167.108.154.222,debit_card,Ho Chi Minh City,"16.895293,104.420542",56,M,2016-04-26,active,0.46,0,0,0,auto_approved,0.3235,2022
da33de93-fb67-4e65-8072-4131d5bfa211,U001214,2022-11-16 05:37:58,05:37:58,451930.47,transfer,M00282,VND,success,pos,D002797,9.4.47.35,debit_card,Singapore,"21.276105,105.63918",26,F,2019-10-10,active,0.71,1,0,0,auto_approved,0.2356,2022
956723d1-e5cc-4575-aeee-dd50352112f5,U000839,2022-12-15 06:05:49,06:05:49,424635.59,transfer,M00490,USD,success,atm,D002892,73.18.100.213,bank_transfer,Singapore,"14.196539,104.273604",18,F,2022-02-03,active,0.93,0,0,0,auto_approved,0.0358,2022
9ea91352-e3da-4d89-8977-b6640c3888ba,U001446,2022-04-10 11:56:00,11:56:00,1663716.23,bill_payment,M00109,USD,success,atm,D000607,178.216.18.216,mobile_wallet,Hanoi,"10.437696,102.412279",38,M,2020-10-10,active,0.99,0,0,0,auto_approved,0.1444,2022
93a4f58e-4e54-44ce-823b-286fba65043d,U001930,2022-03-09 19:13:49,19:13:49,158814.06,cash_withdrawal,M00497,USD,success,desktop,D002129,130.104.235.100,mobile_wallet,Hanoi,"20.34268,103.844078",33,M,2019-01-18,active,0.88,1,0,0,auto_approved,0.406,2022
d9b786e7-dd60-4c81-ac3d-bd120dc54f30,U000343,2022-08-28 03:08:59,03:08:59,217707.79,purchase,M00398,VND,success,mobile,D000295,188.126.187.207,credit_card,Kuala Lumpur,"9.572774,108.441974",39,M,2022-01-06,active,0.65,2,1,1,pending_review,0.2651,2022
8df4426b-3f01-47bd-a66f-7386540fbff8,U000275,2022-09-01 22:59:50,22:59:50,798934.71,online_payment,M00008,USD,success,atm,D002932,77.111.142.147,bank_transfer,Da Nang,"17.83355,108.319354",56,M,2016-03-24,active,0.72,0,0,0,auto_approved,0.2108,2022
9a9a3dd1-25b4-4940-8dcd-30a566ecdf8c,U000011,2022-10-11 07:17:06,07:17:06,183874.27,transfer,M00004,USD,success,mobile,D002550,149.137.139.113,debit_card,Da Nang,"12.726074,102.098212",29,F,2020-02-01,blocked,0.59,0,0,0,auto_approved,0.2895,2022
396fdf64-43d0-46d3-972e-ebe97bde8b5b,U001798,2022-05-09 19:59:20,19:59:20,3335.72,online_payment,M00335,VND,success,mobile,D001636,62.215.202.247,credit_card,Singapore,"9.705729,108.095183",27,M,2020-07-25,active,0.78,1,0,0,auto_approved,0.288,2022
577d49c9-bc2d-4c69-a13a-eb9f9d6d164e,U000366,2022-03-08 21:08:10,21:08:10,1351314.3,cash_withdrawal,M00060,VND,success,desktop,D000451,10.249.236.250,debit_card,Kuala Lumpur,"10.489327,107.496444",58,M,2014-06-16,active,0.58,0,0,0,auto_approved,0.3936,2022
d0586bdc-ec2c-49dd-bdec-007c08c5de12,U001925,2022-01-08 23:46:37,23:46:37,1241405.99,online_payment,M00372,USD,success,mobile,D000685,151.95.112.49,mobile_wallet,Kuala Lumpur,"19.413103,103.931208",64,F,2016-12-30,active,0.95,0,0,0,auto_approved,0.0934,2022
ffccba4c-8d38-48c7-bfee-6b1a8d1a1982,U000498,2022-10-08 20:00:35,20:00:35,469989.86,transfer,M00194,VND,success,mobile,D001090,96.139.35.183,debit_card,Singapore,"17.75345,108.537466",46,F,2020-07-11,active,0.72,0,0,0,auto_approved,0.2756,2022
90e9c9ca-4b93-4b2b-9c18-ffd40265e374,U000594,2022-05-04 14:45:38,14:45:38,778801.32,online_payment,M00266,USD,success,atm,D002788,56.197.30.241,bank_transfer,Singapore,"11.10822,106.60208",54,M,2020-06-01,active,0.92,0,0,0,auto_approved,0.0901,2022
d440a50b-205c-42e9-be1f-3d89fb2986dc,U000540,2022-07-13 07:28:12,07:28:12,348044.4,purchase,M00489,USD,success,desktop,D002589,137.161.255.239,bank_transfer,Singapore,"12.512628,107.918217",56,M,2019-08-28,active,0.82,0,0,0,auto_approved,0.0482,2022
a10b19cb-2e3c-4d94-854f-a03dc40a9d20,U000068,2022-01-06 12:36:47,12:36:47,227587.13,online_payment,M00262,VND,success,mobile,D002927,2.253.92.143,credit_card,Ho Chi Minh City,"12.903091,102.46876",19,F,2020-07-12,blocked,0.84,1,0,0,auto_approved,0.2769,2022
d32f8b68-5c96-405a-b21c-aa5414aea9d5,U001998,2022-03-01 10:22:24,10:22:24,1102860.05,purchase,M00286,VND,success,atm,D001518,88.42.254.33,mobile_wallet,Ho Chi Minh City,"21.521,106.651774",38,F,2019-07-28,active,0.72,0,0,0,auto_approved,0.046,2022
8038ae94-8985-4835-b8a5-7f90d1ec484d,U000911,2022-10-22 19:33:14,19:33:14,394971.16,bill_payment,M00116,VND,success,pos,D002144,64.63.67.222,bank_transfer,Singapore,"8.061029,108.00834",29,F,2018-06-29,active,0.63,0,0,0,auto_approved,0.144,2022
83b5aa7b-4e22-456a-bab7-a5803f56c277,U000560,2022-06-13 21:33:37,21:33:37,207359.06,cash_withdrawal,M00175,VND,success,pos,D001737,233.9.136.141,credit_card,Ho Chi Minh City,"18.712473,105.010654",18,F,2014-05-21,active,0.98,0,0,0,auto_approved,0.3444,2022
bb5cfdfd-7531-4bb1-a6f3-a809125f37ab,U001113,2022-10-10 08:03:35,08:03:35,45529.59,cash_withdrawal,M00396,VND,success,pos,D002345,76.155.139.245,debit_card,Hanoi,"13.784565,103.44053",56,M,2015-07-13,active,0.61,0,0,0,auto_approved,0.2102,2022
89562c62-316f-4509-81c3-aba094076828,U000408,2022-09-18 20:20:31,20:20:31,2309157.69,online_payment,M00095,VND,success,pos,D000325,105.193.175.56,credit_card,Ho Chi Minh City,"15.217549,103.970114",27,M,2016-04-09,active,0.79,0,0,0,auto_approved,0.235,2022
c35c34bc-71da-4a17-a0f6-750bc943c0b8,U001069,2022-04-02 15:09:45,15:09:45,335026.54,online_payment,M00464,USD,success,pos,D002051,53.244.32.75,bank_transfer,Ho Chi Minh City,"17.788456,102.156118",22,M,2019-11-07,active,0.75,0,0,0,auto_approved,0.436,2022
86838653-76ec-4c20-93dc-8180659d3719,U000133,2022-05-01 19:10:33,19:10:33,1725185.95,bill_payment,M00229,USD,pending,mobile,D000969,95.254.72.61,debit_card,Hanoi,"19.097736,102.512549",54,M,2019-08-08,active,0.97,0,1,0,auto_approved,0.2086,2022
4012396b-d818-4c22-aae9-99e1a00246ec,U001109,2022-06-03 14:57:27,14:57:27,502574.61,cash_withdrawal,M00234,USD,success,atm,D000793,121.91.157.173,credit_card,Bangkok,"18.12854,103.169102",34,M,2015-07-20,active,0.63,0,0,0,auto_approved,0.3679,2022
3dc5b046-5007-43f5-8e43-40ba977ab6b1,U001845,2022-12-10 07:00:25,07:00:25,103081.13,transfer,M00059,VND,success,pos,D002133,50.195.8.136,mobile_wallet,Da Nang,"20.731258,103.922652",69,M,2018-04-09,active,0.49,0,0,0,auto_approved,0.1729,2022
fc81e18a-a347-4273-b58f-a5b1781284c7,U000242,2022-03-18 18:17:14,18:17:14,20501.61,purchase,M00188,VND,success,pos,D001161,176.247.37.249,debit_card,Singapore,"19.632085,108.049288",28,F,2018-01-15,active,0.55,1,0,0,auto_approved,0.1166,2022
469d65ae-00cd-4836-8831-a203ce23d1e1,U000163,2022-08-16 02:42:44,02:42:44,186519.35,bill_payment,M00319,VND,failed,desktop,D002529,27.223.168.80,credit_card,Singapore,"18.088137,102.822594",67,F,2021-03-24,active,0.46,1,0,0,auto_approved,0.1169,2022
867f720e-be20-445b-b41d-1c4bcd3aa050,U000520,2022-04-03 05:57:52,05:57:52,769685.09,transfer,M00396,USD,success,desktop,D000441,129.23.113.5,credit_card,Da Nang,"15.034719,102.806222",52,M,2019-09-10,active,0.63,1,0,0,auto_approved,0.3,2022
6637d1c1-7ca3-44a7-a685-9f06fbc3aab7,U001187,2022-03-20 06:55:05,06:55:05,156570.73,purchase,M00145,VND,success,atm,D002785,61.7.90.90,debit_card,Kuala Lumpur,"21.544763,102.302285",24,M,2019-06-18,active,0.93,0,0,0,auto_approved,0.1687,2022
f7cbe3ae-f298-4435-b65a-f94c4f11387d,U001753,2022-01-04 16:59:35,16:59:35,344624.03,purchase,M00253,VND,success,desktop,D001951,51.91.218.207,credit_card,Hanoi,"19.066087,108.479127",48,M,2016-03-29,active,0.75,0,0,0,auto_approved,0.3762,2022
c2529e19-3a77-4770-a73f-26b46c974c42,U001877,2022-12-04 09:24:32,09:24:32,212904.2,cash_withdrawal,M00125,USD,success,desktop,D002304,170.209.92.43,mobile_wallet,Hanoi,"14.94665,104.473934",58,M,2015-08-27,active,1.0,1,0,0,auto_approved,0.515,2022
8c9a5f21-f4db-45de-a413-5597f6321b51,U000042,2022-04-25 16:38:15,16:38:15,91685.82,purchase,M00140,VND,success,desktop,D002698,118.52.80.192,mobile_wallet,Bangkok,"21.647374,103.845606",28,F,2016-08-13,active,0.88,0,0,0,auto_approved,0.1789,2022
43da03eb-79c0-427a-b52f-72e757fbe03f,U000261,2022-01-29 01:45:51,01:45:51,1935653.08,online_payment,M00275,VND,success,desktop,D000486,43.82.238.159,bank_transfer,Bangkok,"15.508438,102.620183",56,M,2021-07-20,active,0.81,0,0,0,auto_approved,0.4459,2022
7ead3700-cf8a-4f3f-bf3f-898c7e7e51d8,U001743,2022-06-16 23:28:21,23:28:21,1951735.98,cash_withdrawal,M00185,USD,success,pos,D000088,70.228.200.145,mobile_wallet,Da Nang,"13.831548,107.65392",69,M,2015-11-05,active,0.59,1,0,0,auto_approved,0.5739,2022
9d45d94b-75f0-4daf-8121-c7a20daae307,U001042,2022-08-03 20:42:29,20:42:29,239909.1,online_payment,M00434,USD,pending,pos,D001437,183.77.26.234,mobile_wallet,Kuala Lumpur,"10.67693,108.333581",54,M,2017-05-19,active,0.45,0,0,0,auto_approved,0.0132,2022
7b0099db-a1b9-40ff-b7b8-1e37231e1079,U001200,2022-06-16 01:43:11,01:43:11,435311.22,transfer,M00500,USD,success,mobile,D002674,39.229.174.85,debit_card,Da Nang,"20.036402,103.331827",57,F,2020-10-16,active,0.73,0,0,0,auto_approved,0.3586,2022
6432137d-d8c2-44d3-9fef-ef5955fb823d,U000434,2022-08-20 03:23:59,03:23:59,775153.27,cash_withdrawal,M00463,VND,success,mobile,D002049,4.250.254.52,credit_card,Ho Chi Minh City,"9.924857,108.849052",27,F,2015-08-08,active,0.84,0,0,0,auto_approved,0.0555,2022
b7269957-175e-4cd3-b253-a14bd2d73e60,U000774,2022-04-15 01:10:05,01:10:05,1064231.19,purchase,M00398,VND,success,desktop,D002255,89.104.12.247,bank_transfer,Bangkok,"17.894793,107.847056",30,F,2014-04-14,active,0.65,1,0,0,auto_approved,0.332,2022
19f178f1-684d-4e02-9436-cca04465cbd7,U001234,2022-02-17 21:57:18,21:57:18,881346.35,purchase,M00215,USD,success,mobile,D001532,6.204.109.173,mobile_wallet,Hanoi,"20.005432,107.578808",40,M,2021-02-11,active,0.96,0,0,0,auto_approved,0.274,2022
b8008c67-b0fc-4f71-90f3-a46932bc4ed6,U000631,2022-11-18 17:09:05,17:09:05,1210071.62,online_payment,M00255,USD,success,atm,D002785,18.87.192.13,credit_card,Singapore,"12.492944,107.272517",38,M,2016-11-13,active,0.73,0,0,0,auto_approved,0.1754,2022
d6c9517e-7912-479e-b04a-606c521357f0,U000619,2022-11-12 06:02:18,06:02:18,149768.88,online_payment,M00007,VND,success,pos,D000160,211.247.204.23,mobile_wallet,Ho Chi Minh City,"15.714878,108.457096",30,M,2017-06-06,active,0.88,2,1,1,pending_review,0.41,2022
d02ef09e-cb23-45bd-863f-61fb9e756d4a,U000616,2022-10-27 00:48:58,00:48:58,1263604.57,online_payment,M00393,VND,failed,atm,D002873,185.213.170.40,mobile_wallet,Singapore,"19.001874,107.865388",67,M,2017-06-19,active,0.83,0,0,0,auto_approved,0.3302,2022
20e0271c-31d6-49f5-846e-decba5231e94,U001936,2022-01-06 07:54:09,07:54:09,96881.28,purchase,M00241,VND,success,desktop,D001637,186.180.243.64,credit_card,Bangkok,"20.155275,105.167023",34,M,2019-01-04,active,0.99,2,1,0,auto_approved,0.2821,2022
f2061132-fed9-4947-a6fd-20452faaf1c7,U000301,2022-03-23 03:23:09,03:23:09,655305.79,bill_payment,M00220,VND,success,atm,D000307,245.91.85.170,mobile_wallet,Hanoi,"20.32635,108.067728",19,M,2015-11-09,active,0.71,0,0,0,auto_approved,0.3561,2022
39d174e9-ab34-4a88-bcea-3cd3d8201e6f,U000757,2022-08-10 11:31:46,11:31:46,120886.53,cash_withdrawal,M00119,USD,success,atm,D002830,240.74.250.250,bank_transfer,Ho Chi Minh City,"15.622504,105.094155",54,F,2016-03-27,active,0.75,2,1,0,auto_approved,0.2066,2022
66bf0a63-a9e0-492c-af90-4e1de1c26844,U000646,2022-09-14 22:38:20,22:38:20,377744.43,bill_payment,M00382,USD,success,mobile,D001203,220.185.67.179,credit_card,Kuala Lumpur,"12.753113,106.575426",52,M,2018-11-28,active,0.75,0,0,0,auto_approved,0.1955,2022
2af23c43-27d7-478d-b7ef-dce087941604,U001919,2022-01-20 07:44:22,07:44:22,103933.66,transfer,M00007,VND,success,pos,D000787,126.79.237.120,mobile_wallet,Bangkok,"12.806321,106.022286",62,M,2016-09-29,active,0.75,0,0,0,auto_approved,0.1065,2022
6f4a26dc-930f-489b-9388-4e46c395a05c,U000019,2022-10-20 03:41:03,03:41:03,467259.28,transfer,M00127,USD,failed,desktop,D002321,171.94.145.31,mobile_wallet,Bangkok,"16.079609,108.343158",59,M,2021-09-05,active,0.98,3,1,0,auto_approved,0.3752,2022
6297ad3c-8626-4581-9733-207b248f2c96,U000032,2022-09-29 10:15:48,10:15:48,1788246.73,cash_withdrawal,M00313,VND,success,mobile,D001673,140.110.6.70,debit_card,Bangkok,"17.336469,103.551233",19,F,2016-01-22,active,0.54,2,1,1,pending_review,0.4084,2022
431d0900-59c2-4be1-8612-8ea26a737230,U001111,2022-02-07 02:27:32,02:27:32,1940795.03,transfer,M00488,USD,success,desktop,D000740,153.7.100.40,bank_transfer,Da Nang,"19.687933,108.599628",59,M,2019-08-19,active,0.55,0,0,0,auto_approved,0.3697,2022
e6e58ec6-11a2-417b-b144-60a35899c21d,U001592,2022-11-20 16:44:46,16:44:46,533371.51,purchase,M00006,USD,success,mobile,D002555,237.28.220.202,bank_transfer,Ho Chi Minh City,"17.572169,107.989504",59,M,2016-08-07,active,0.78,0,0,0,auto_approved,0.4151,2022
eeb6767d-1719-404c-a28d-821569dd655b,U001805,2022-05-09 22:19:45,22:19:45,2694198.6,bill_payment,M00274,USD,success,pos,D000360,65.127.1.247,credit_card,Da Nang,"19.229656,107.759403",27,F,2016-09-18,under_review,0.55,0,0,0,auto_approved,0.1001,2022
3d0eec4e-a066-438b-a070-42340473321e,U000032,2022-08-09 09:06:01,09:06:01,1798395.43,cash_withdrawal,M00433,USD,success,desktop,D002303,61.228.135.22,debit_card,Da Nang,"17.670118,107.624801",23,F,2021-11-16,active,0.73,0,1,0,auto_approved,0.3439,2022
e9d04fbf-0dae-4c26-bf20-4fc95a20b0ba,U000697,2022-07-19 20:56:00,20:56:00,405792.76,purchase,M00011,USD,success,desktop,D000212,234.115.246.186,credit_card,Ho Chi Minh City,"16.569611,107.843907",22,M,2017-09-01,under_review,0.75,0,0,0,auto_approved,0.4406,2022
4bddb62e-febc-4adc-989d-93b089a6c836,U000354,2022-09-15 19:18:01,19:18:01,110757.52,cash_withdrawal,M00291,VND,success,desktop,D001681,146.156.178.168,bank_transfer,Kuala Lumpur,"13.279495,107.622158",28,M,2014-07-18,active,0.86,0,0,0,auto_approved,0.2248,2022
bc1f14b0-1ff5-4544-9e9e-ae833d1d0398,U000612,2022-09-25 10:08:44,10:08:44,301791.5,bill_payment,M00220,VND,success,atm,D000634,184.28.87.246,credit_card,Da Nang,"12.310522,102.995587",39,F,2021-10-29,active,0.96,1,0,0,auto_approved,0.2157,2022
e6fbc097-1822-4a5f-a0d8-2a0fba5b8fe5,U000025,2022-10-10 03:32:48,03:32:48,1917601.65,cash_withdrawal,M00321,USD,success,pos,D000079,84.46.86.236,debit_card,Singapore,"15.109409,102.537351",58,M,2014-08-30,active,0.52,0,0,0,auto_approved,0.3991,2022
e1745f5f-26d9-4b2b-86c4-9a1c63e364af,U000817,2022-04-14 00:27:23,00:27:23,85575.97,online_payment,M00362,VND,success,pos,D000696,189.92.103.57,mobile_wallet,Kuala Lumpur,"16.582668,108.756891",21,M,2018-03-05,active,0.55,0,0,0,auto_approved,0.1647,2022
cdb40e6d-33aa-4c57-a6e9-a04e18adbe25,U000946,2022-12-07 03:02:35,03:02:35,3218771.53,bill_payment,M00271,USD,success,atm,D002499,212.121.219.84,mobile_wallet,Da Nang,"14.164095,105.506306",33,M,2016-10-04,active,0.62,2,1,0,auto_approved,0.5362,2022
bb019d7a-a7bd-46ad-8b4a-d72f837b2a39,U001537,2022-04-03 02:34:11,02:34:11,81117.71,bill_payment,M00157,VND,success,pos,D001999,102.173.118.219,mobile_wallet,Da Nang,"13.618957,103.95964",40,F,2014-09-01,active,0.73,0,0,0,auto_approved,0.3875,2022
f16b546b-f293-46d0-b6f0-4ccbf4858476,U000585,2022-05-14 16:09:39,16:09:39,378638.91,transfer,M00156,VND,success,desktop,D002349,230.99.162.253,bank_transfer,Singapore,"19.088578,104.426773",18,F,2021-03-21,blocked,0.45,0,0,0,auto_approved,0.3265,2022
2f545eeb-b64e-4519-8217-5f53e611db8d,U000872,2022-02-19 04:43:49,04:43:49,68478.56,transfer,M00495,VND,success,desktop,D000262,243.192.227.115,mobile_wallet,Ho Chi Minh City,"11.136961,108.760872",60,M,2017-10-18,active,0.66,0,1,0,auto_approved,0.6236,2022
c3b98726-5992-4149-9f26-6db5932c0ce3,U000613,2022-01-11 06:43:30,06:43:30,397512.24,online_payment,M00174,VND,pending,pos,D001164,12.117.9.42,debit_card,Singapore,"20.73912,105.501933",23,F,2019-05-29,active,0.52,0,0,0,auto_approved,0.0138,2022
3f914b12-a914-444d-b3e0-8f9f94601353,U001370,2022-03-02 07:42:26,07:42:26,1663593.05,cash_withdrawal,M00126,VND,success,atm,D001937,139.81.245.226,mobile_wallet,Kuala Lumpur,"9.821524,102.499795",51,M,2017-10-25,active,0.59,1,1,0,auto_approved,0.3333,2022
5f527d6e-bafa-4e4a-ac89-c94348ff3cd4,U000930,2022-07-13 06:07:54,06:07:54,147310.88,bill_payment,M00048,VND,success,pos,D000631,148.42.192.28,debit_card,Bangkok,"15.979744,102.56169",58,M,2014-08-17,active,0.87,0,0,0,auto_approved,0.0662,2022
06eec0af-f7a4-4d01-b779-c7458a21c49c,U001620,2022-03-25 22:36:47,22:36:47,93971.16,online_payment,M00248,USD,success,desktop,D000876,171.197.255.73,mobile_wallet,Singapore,"10.730569,102.407008",32,M,2019-09-09,active,0.58,1,0,0,auto_approved,0.3576,2022
e6f0062d-e51b-49be-8d9a-211f8b1399af,U001660,2022-03-25 09:10:33,09:10:33,286321.21,purchase,M00364,USD,success,desktop,D000133,128.191.153.70,debit_card,Da Nang,"14.170904,108.794043",20,F,2016-07-19,active,0.6,0,0,0,auto_approved,0.3819,2022
f141594d-2e47-420d-94b1-3b78d5a1961a,U001095,2022-10-02 02:21:39,02:21:39,578207.17,cash_withdrawal,M00420,USD,success,atm,D000842,84.110.15.254,credit_card,Hanoi,"12.476354,105.423087",45,F,2016-11-23,blocked,0.93,0,0,0,auto_approved,0.4436,2022
ff0984fa-083b-4029-8914-c71d9c94e436,U001611,2022-12-17 04:12:35,04:12:35,297293.46,bill_payment,M00358,VND,success,pos,D001085,17.91.174.141,bank_transfer,Singapore,"14.384258,103.137792",70,M,2017-09-15,active,0.72,0,0,0,auto_approved,0.1843,2022
d6e71304-6dfc-418f-ac2c-874161f866f1,U000436,2022-12-12 04:15:34,04:15:34,368174.16,cash_withdrawal,M00136,VND,success,atm,D000747,118.80.162.4,debit_card,Ho Chi Minh City,"14.195434,103.5189",45,F,2022-03-04,active,0.48,0,0,0,auto_approved,0.2494,2022
6c6c57eb-b8ae-44cc-a5cf-22723649ad6b,U001568,2022-09-01 04:56:59,04:56:59,63867.42,purchase,M00484,VND,success,desktop,D000525,60.242.128.34,credit_card,Hanoi,"15.750426,102.320263",59,F,2016-02-15,active,0.48,0,0,0,auto_approved,0.3578,2022
cb6fac18-2840-4b2f-8220-5c9b6c2ebf28,U001634,2022-11-06 06:46:33,06:46:33,597885.77,transfer,M00054,USD,success,atm,D000443,46.19.49.81,debit_card,Bangkok,"8.408709,103.673312",52,M,2016-12-10,active,0.56,0,0,0,auto_approved,0.3595,2022
10debe0a-629d-4550-a5f4-49af7eeaf4c0,U001946,2022-04-16 04:28:25,04:28:25,721875.16,transfer,M00408,VND,success,mobile,D000287,16.159.98.24,debit_card,Da Nang,"19.552133,105.20093",37,M,2015-08-03,under_review,0.62,0,0,0,auto_approved,0.1969,2022
6a5c1958-b5a9-41c2-946d-900be4c60bd5,U000807,2022-03-16 06:08:14,06:08:14,1252299.65,purchase,M00179,VND,success,pos,D002218,38.5.129.13,debit_card,Ho Chi Minh City,"10.662406,104.239649",39,M,2016-02-23,active,0.64,0,0,0,auto_approved,0.1717,2022
254b6ea2-c55f-4f81-9e2e-610354899f3d,U000694,2022-11-06 19:29:27,19:29:27,227634.69,online_payment,M00468,VND,pending,atm,D001307,51.140.83.1,debit_card,Da Nang,"20.634687,103.269441",37,M,2019-08-20,active,0.73,0,0,0,auto_approved,0.3456,2022
72846627-26d7-4251-9dc2-711a1395f36d,U000384,2022-06-05 03:04:07,03:04:07,169931.37,transfer,M00489,VND,success,desktop,D002062,108.132.204.17,debit_card,Da Nang,"21.008277,102.983027",49,F,2018-06-07,active,0.55,0,0,0,auto_approved,0.1352,2022
9bd06785-5060-40d5-8b49-ea53e9b9af42,U000118,2022-04-02 10:34:18,10:34:18,663780.58,bill_payment,M00209,VND,success,mobile,D002465,179.220.19.177,credit_card,Singapore,"20.918191,108.909616",19,F,2018-07-26,active,0.76,0,0,0,auto_approved,0.1976,2022
4e63d54f-75f3-48c6-a58a-cc97e978324e,U001752,2022-05-22 20:31:00,20:31:00,191475.19,purchase,M00088,USD,success,atm,D002667,140.184.137.113,credit_card,Kuala Lumpur,"20.456002,105.421384",66,M,2014-03-24,active,0.71,0,0,0,auto_approved,0.4271,2022
129814de-6dab-4e45-bf55-720fd7e1280b,U001163,2022-07-04 09:42:31,09:42:31,317198.06,bill_payment,M00372,USD,success,mobile,D001473,202.49.149.69,mobile_wallet,Singapore,"13.429845,106.804071",44,F,2017-09-16,active,0.51,0,0,0,auto_approved,0.4396,2022
4fb41990-52d7-4327-b2fd-15261d881680,U000767,2022-05-11 02:36:00,02:36:00,935922.86,transfer,M00344,USD,success,pos,D002573,177.142.77.92,credit_card,Kuala Lumpur,"17.570579,108.04797",59,F,2017-05-15,active,0.59,0,0,0,auto_approved,0.3594,2022
3363716c-d0e0-47c2-98b0-8135db5507e3,U001480,2022-05-27 07:45:35,07:45:35,714696.51,bill_payment,M00012,USD,success,pos,D001061,237.209.59.182,credit_card,Hanoi,"15.574858,103.921065",26,M,2017-01-16,active,0.89,0,1,0,auto_approved,0.3665,2022
c23c83a2-adb4-4b3f-9436-e559754fdfff,U001806,2022-04-24 06:00:29,06:00:29,714713.82,transfer,M00454,VND,success,atm,D002440,4.54.85.71,credit_card,Hanoi,"8.397175,107.565632",66,F,2014-11-03,active,0.81,0,0,0,auto_approved,0.33,2022
c559e33d-3693-4a30-a002-575917f638fc,U000690,2022-01-21 19:33:42,19:33:42,972648.72,purchase,M00448,VND,success,mobile,D002442,207.246.173.78,bank_transfer,Bangkok,"20.422364,104.183679",68,F,2017-03-20,active,0.82,0,0,0,auto_approved,0.2917,2022
ebd375a8-bee4-46d0-a6b3-42b2c8fa2479,U001984,2022-12-31 05:12:17,05:12:17,112650.81,cash_withdrawal,M00375,VND,success,mobile,D001223,219.134.108.52,mobile_wallet,Hanoi,"18.518835,104.81969",33,M,2022-08-20,active,0.83,0,0,0,auto_approved,0.3141,2022
91610167-0e48-442f-8d0f-db4b0428e942,U000103,2022-12-16 20:20:29,20:20:29,3392399.07,bill_payment,M00470,VND,success,mobile,D001253,193.189.174.43,mobile_wallet,Bangkok,"15.317086,104.251084",31,M,2022-01-28,active,0.66,1,1,1,pending_review,0.5329,2022
021231b9-1854-49af-8d77-5cdbd4fa87b1,U001660,2022-05-31 12:41:04,12:41:04,59710.81,purchase,M00005,VND,success,pos,D001877,234.173.22.159,debit_card,Singapore,"11.764326,107.967764",57,M,2016-05-18,under_review,0.97,0,0,0,auto_approved,0.3417,2022
6ea2ab6d-aed1-4c26-b6f5-130faae61c8a,U001606,2022-12-05 15:57:40,15:57:40,679059.15,online_payment,M00047,USD,success,atm,D002347,91.143.193.85,credit_card,Singapore,"13.151852,105.793977",53,F,2018-03-18,active,0.56,0,0,0,auto_approved,0.4123,2022
00904c34-d588-43b6-b998-4c2a00f51c70,U000148,2022-09-28 13:51:09,13:51:09,810040.8,bill_payment,M00430,VND,success,atm,D000799,207.247.231.143,bank_transfer,Bangkok,"13.913718,105.143276",38,F,2016-08-09,active,0.7,0,0,0,auto_approved,0.1439,2022
db3c4150-cf7c-4649-ac04-d95a69e29a7c,U001168,2022-09-26 08:58:29,08:58:29,278330.99,cash_withdrawal,M00230,USD,success,desktop,D001006,118.220.87.173,bank_transfer,Kuala Lumpur,"17.406785,105.298799",60,F,2022-07-16,active,0.67,0,1,0,auto_approved,0.5639,2022
f818c0d9-953c-403a-8a8d-6c93931e71d0,U001929,2022-06-21 16:01:35,16:01:35,250673.64,transfer,M00027,VND,success,desktop,D000307,32.211.139.70,credit_card,Singapore,"20.140502,105.979225",41,F,2019-01-31,active,0.96,0,0,0,auto_approved,0.0744,2022
daa504e5-8957-4bc5-b04c-fdef33d8ff82,U000184,2022-01-23 19:32:46,19:32:46,318427.92,transfer,M00325,VND,success,atm,D001803,130.187.157.44,credit_card,Da Nang,"19.420819,107.806933",59,F,2021-05-09,active,0.7,0,0,0,auto_approved,0.0654,2022
8501c715-f31a-44bd-9958-afda921cf1c0,U000725,2022-06-01 04:55:48,04:55:48,1737838.74,online_payment,M00093,USD,success,pos,D002405,227.63.158.248,credit_card,Bangkok,"16.429835,105.861704",31,F,2021-06-24,active,0.92,0,0,0,auto_approved,0.4037,2022
88d66d9b-ad27-4979-98d7-4998f8a57020,U001998,2022-08-08 12:13:13,12:13:13,327843.28,transfer,M00177,VND,success,atm,D001872,173.113.164.248,credit_card,Singapore,"11.714796,105.666473",24,F,2019-06-09,active,0.5,0,0,0,auto_approved,0.1089,2022
818c0b60-237d-4162-a1c6-7e857235c67b,U001391,2022-12-09 04:54:30,04:54:30,1491438.62,purchase,M00228,USD,success,mobile,D001048,1.99.16.221,debit_card,Hanoi,"14.235594,104.267572",44,M,2020-10-21,active,0.73,0,0,0,auto_approved,0.0994,2022
dd284d51-495f-451a-b72b-53965ceda997,U001360,2022-02-10 03:55:59,03:55:59,828465.86,bill_payment,M00199,VND,success,desktop,D000850,102.215.55.73,mobile_wallet,Bangkok,"17.908947,107.822844",67,F,2018-08-02,active,0.82,0,0,0,auto_approved,0.0811,2022
77ddb1c1-39b6-4883-b035-ef6f80730578,U000271,2022-07-21 12:13:09,12:13:09,2130989.96,cash_withdrawal,M00261,USD,success,pos,D002602,72.133.128.29,mobile_wallet,Ho Chi Minh City,"13.582884,102.881816",30,M,2019-10-08,active,0.83,0,0,0,auto_approved,0.0715,2022
c64c22ca-c9c1-4727-9d2b-acdbe2dc167b,U001761,2022-04-27 19:04:29,19:04:29,220047.8,online_payment,M00462,VND,success,pos,D000668,93.231.204.3,mobile_wallet,Singapore,"17.199835,106.231515",27,F,2015-08-29,active,0.66,0,0,0,auto_approved,0.1273,2022
06cddd65-afc3-48d5-bd56-699276748dc4,U001392,2022-08-27 08:46:01,08:46:01,123587.9,bill_payment,M00103,VND,success,desktop,D000939,225.100.84.213,debit_card,Singapore,"12.064844,107.569486",40,F,2015-07-26,active,0.63,0,0,0,auto_approved,0.0708,2022
7f113166-fa44-48b9-99bf-54be0f403c59,U001311,2022-10-28 21:49:18,21:49:18,458518.83,bill_payment,M00265,VND,success,mobile,D001570,176.250.251.249,mobile_wallet,Da Nang,"10.164013,102.917693",28,M,2021-12-25,active,0.8,0,0,0,auto_approved,0.3864,2022
5de36a8e-0c96-45c6-8640-cc5434951c65,U000040,2022-10-16 06:44:36,06:44:36,8441.44,bill_payment,M00090,USD,success,pos,D000662,150.40.96.238,bank_transfer,Kuala Lumpur,"11.920659,102.071414",50,M,2022-06-23,active,0.7,0,1,0,auto_approved,0.4246,2022
ed51b5cc-8d5f-4085-a0e7-48dd136ecf3e,U001168,2022-12-04 04:43:44,04:43:44,997020.16,bill_payment,M00265,USD,success,pos,D000388,19.241.100.40,mobile_wallet,Bangkok,"20.660552,108.859736",62,M,2014-10-07,active,0.88,0,1,1,pending_review,0.327,2022
d847bef2-39f7-474a-98db-84a10a408f6c,U001714,2022-04-10 16:37:24,16:37:24,464634.01,cash_withdrawal,M00195,VND,success,atm,D000880,88.98.116.76,credit_card,Kuala Lumpur,"12.080522,105.856965",61,F,2018-05-29,active,0.61,0,0,0,auto_approved,0.1556,2022
d1ceabf6-e5a1-4785-876f-e1e0358c9de2,U000269,2022-12-23 13:05:11,13:05:11,687940.5,bill_payment,M00471,USD,success,pos,D000966,172.29.7.31,credit_card,Singapore,"13.820183,107.020332",18,F,2014-11-04,active,0.62,0,0,0,auto_approved,0.2711,2022
d724cff7-ee1e-4809-924f-03a605628684,U001102,2022-06-23 02:54:32,02:54:32,650715.85,online_payment,M00098,USD,success,atm,D002064,7.81.29.109,mobile_wallet,Da Nang,"18.573505,104.536897",59,F,2016-10-16,active,0.62,0,0,0,auto_approved,0.0362,2022
81a3c361-7a63-48db-82f1-309ddcf81587,U001716,2022-05-23 09:11:15,09:11:15,1042263.57,transfer,M00412,VND,success,atm,D001588,42.35.127.41,mobile_wallet,Bangkok,"11.07527,108.533954",54,M,2019-09-25,active,0.89,0,0,0,auto_approved,0.0402,2022
5f6ed6e7-decc-4965-91bd-3a117e913349,U000230,2022-11-01 16:26:00,16:26:00,163859.61,purchase,M00278,USD,success,atm,D000319,144.150.63.164,bank_transfer,Bangkok,"18.970792,105.772283",19,F,2016-12-08,active,0.68,0,0,0,auto_approved,0.2101,2022
03e7e296-ba33-4621-86fa-2b73b8780a7d,U000578,2022-10-04 17:46:30,17:46:30,2192966.64,purchase,M00313,VND,failed,atm,D001837,47.30.88.21,credit_card,Bangkok,"12.515366,105.371603",56,M,2021-11-13,active,0.86,0,0,0,auto_approved,0.2226,2022
8dbe4f36-69d2-401b-9dd4-b759e083a434,U001026,2022-06-09 06:42:33,06:42:33,114801.7,cash_withdrawal,M00481,USD,success,desktop,D002955,118.222.135.106,bank_transfer,Singapore,"19.233535,104.576701",50,F,2016-04-29,under_review,0.72,0,0,0,auto_approved,0.1009,2022
d51663dd-45b0-4394-9cde-35e01026d9f8,U000818,2022-03-03 09:16:16,09:16:16,71395.15,bill_payment,M00500,VND,success,desktop,D002015,34.58.90.252,debit_card,Da Nang,"8.987765,108.723069",37,M,2020-07-05,active,0.62,0,0,0,auto_approved,0.2627,2022
9d5ecf84-1e9b-4bb3-a369-f11943281998,U000062,2022-09-20 02:14:26,02:14:26,261925.28,transfer,M00001,USD,success,desktop,D000707,181.182.94.1,bank_transfer,Singapore,"19.601734,104.660841",52,M,2021-11-21,active,0.57,0,0,0,auto_approved,0.3253,2022
577def2b-a79b-4936-a7b0-27d03da1950f,U000349,2022-10-09 23:57:41,23:57:41,1155021.8,bill_payment,M00219,USD,success,atm,D000800,72.67.203.198,bank_transfer,Singapore,"9.407864,108.830906",44,F,2018-11-29,active,0.87,0,1,0,auto_approved,0.6442,2022
6a5672ba-0a9b-4173-9c7f-ce308d9c396b,U000521,2022-01-20 00:10:04,00:10:04,446451.78,cash_withdrawal,M00344,USD,success,pos,D002160,191.27.111.4,bank_transfer,Da Nang,"15.574151,103.182253",53,M,2017-04-15,active,0.52,0,0,0,auto_approved,0.0736,2022
2d21692e-f7d4-41c6-8a85-a4555beea08c,U000544,2022-09-15 23:14:04,23:14:04,99817.43,online_payment,M00263,USD,success,mobile,D002365,84.218.186.161,credit_card,Hanoi,"20.363137,102.427352",66,M,2016-09-20,active,0.62,0,0,0,auto_approved,0.0444,2022
194150f0-f330-412c-b343-03d2e22fcf6a,U000782,2022-07-28 18:40:45,18:40:45,1366820.58,cash_withdrawal,M00449,VND,success,atm,D001332,44.191.122.243,debit_card,Ho Chi Minh City,"11.658058,104.486683",29,F,2018-07-01,active,0.71,0,0,0,auto_approved,0.0959,2022
ce838518-fa53-48ad-aef2-82ab652fbdb6,U001349,2022-12-05 17:32:33,17:32:33,462794.06,transfer,M00118,USD,success,desktop,D001865,138.16.158.103,bank_transfer,Bangkok,"14.135579,102.016866",54,F,2020-12-17,active,0.67,0,0,0,auto_approved,0.0269,2022
8ced2898-12a9-4954-a89b-015e9ece05d1,U001824,2022-08-07 16:59:27,16:59:27,584705.6,transfer,M00475,VND,success,desktop,D002001,85.173.172.73,debit_card,Ho Chi Minh City,"16.478549,106.767694",59,M,2016-04-12,active,0.71,0,1,1,pending_review,0.4163,2022
f3b8879c-683a-4c26-bfd0-17f81d7bbf46,U001510,2022-07-20 11:14:23,11:14:23,3696104.25,transfer,M00353,VND,success,desktop,D002754,210.168.170.217,credit_card,Singapore,"15.510361,108.06415",68,M,2018-02-28,active,0.93,0,1,0,auto_approved,0.3798,2022
7b4a1f37-802a-4c3c-8ab1-fc461840fec8,U000807,2022-01-01 21:58:35,21:58:35,683508.89,transfer,M00441,USD,success,desktop,D000462,178.77.103.232,credit_card,Ho Chi Minh City,"13.720555,103.541156",56,M,2016-04-23,active,0.89,0,0,0,auto_approved,0.0288,2022
06abcb6a-e23d-4ea7-a8ec-4c6f167e42ed,U001814,2022-02-28 09:34:47,09:34:47,704901.44,online_payment,M00035,VND,success,atm,D000488,129.125.184.76,mobile_wallet,Kuala Lumpur,"9.206512,103.381771",43,F,2019-01-29,under_review,0.93,0,0,0,auto_approved,0.1109,2022
cd842329-ec6a-4c21-ab97-1fdf776e449f,U001814,2022-10-03 01:00:19,01:00:19,172176.89,cash_withdrawal,M00451,VND,success,desktop,D001566,171.11.174.222,credit_card,Bangkok,"9.553781,108.201751",50,F,2019-10-25,active,0.46,3,1,1,pending_review,0.4259,2022
17cb75c4-d83e-48eb-aa62-874b4bfa7a99,U001107,2022-10-18 13:12:04,13:12:04,1243356.65,cash_withdrawal,M00176,VND,success,atm,D001049,56.183.79.202,bank_transfer,Da Nang,"10.571125,104.505912",61,M,2018-09-03,active,0.87,0,0,0,auto_approved,0.0355,2022
c9d48509-db01-47de-a9c5-c1b1ce650fa9,U001687,2022-06-16 23:09:38,23:09:38,492522.11,online_payment,M00494,USD,failed,atm,D002420,114.35.172.29,mobile_wallet,Ho Chi Minh City,"21.861901,108.868011",56,F,2015-06-05,active,0.46,0,0,0,auto_approved,0.4338,2022
158f6d53-02eb-48a8-aeb7-f4904367ca87,U000295,2022-11-07 06:57:13,06:57:13,223940.76,bill_payment,M00413,VND,success,desktop,D001044,244.195.43.39,mobile_wallet,Bangkok,"12.428113,107.878366",18,M,2016-07-04,active,0.78,0,0,0,auto_approved,0.2904,2022
a5d35229-dab5-4422-8f8c-8d8c9405abd4,U001427,2022-02-06 17:01:23,17:01:23,345927.38,purchase,M00032,VND,success,mobile,D001470,60.112.44.217,bank_transfer,Bangkok,"9.955979,103.227114",69,M,2021-04-06,active,0.93,0,0,0,auto_approved,0.1297,2022
0d151477-dd1b-401c-833d-93601ac67102,U000017,2022-01-23 07:30:09,07:30:09,2361127.54,cash_withdrawal,M00182,VND,success,mobile,D000579,108.91.208.33,mobile_wallet,Kuala Lumpur,"10.752552,107.534633",29,M,2014-02-02,active,0.59,0,0,0,auto_approved,0.4049,2022
63bd0749-3d2b-4960-841b-8322a41fbaed,U001099,2022-06-13 08:22:01,08:22:01,166370.85,purchase,M00429,VND,success,atm,D001779,52.250.56.144,mobile_wallet,Ho Chi Minh City,"11.469257,103.396916",39,F,2021-03-10,active,0.8,0,0,0,auto_approved,0.3106,2022
d5bb80fb-bec3-4c5a-bda4-36fe80eaba07,U000581,2022-06-22 17:16:33,17:16:33,759325.8,bill_payment,M00004,VND,success,desktop,D002917,153.52.60.84,bank_transfer,Bangkok,"20.402912,108.146866",62,F,2017-02-09,active,0.84,1,0,0,auto_approved,0.2355,2022
c2c9d126-7574-4adb-9744-a6760b179f85,U001542,2022-12-01 00:10:03,00:10:03,480328.78,bill_payment,M00165,USD,success,pos,D000681,116.99.193.111,bank_transfer,Ho Chi Minh City,"15.65583,105.521712",69,F,2016-01-01,active,0.76,0,0,0,auto_approved,0.1758,2022
0ab701f8-d708-4cd9-818a-0c5d78fdd167,U001927,2022-12-07 04:51:55,04:51:55,362621.15,bill_payment,M00017,VND,success,atm,D002897,97.247.229.166,credit_card,Bangkok,"18.159906,105.356511",70,M,2020-12-09,blocked,0.8,2,1,0,auto_approved,0.3171,2022
ea536a00-8352-4cf5-ade5-223aaee3b085,U000416,2022-11-30 06:33:32,06:33:32,796229.52,bill_payment,M00193,VND,success,pos,D002568,3.6.85.216,bank_transfer,Kuala Lumpur,"14.540384,106.916857",59,M,2016-06-16,active,0.8,0,0,0,auto_approved,0.4031,2022
18cdaa89-10bc-4f98-996a-80b7daffb523,U000271,2022-03-04 22:09:19,22:09:19,503514.3,cash_withdrawal,M00155,USD,success,atm,D002422,91.14.149.249,debit_card,Bangkok,"15.028846,104.733482",20,M,2019-09-17,under_review,0.58,0,0,0,auto_approved,0.0825,2022
cdc72c58-4dcf-44cd-aedb-73fc255f4546,U000262,2022-01-05 15:01:39,15:01:39,2083751.07,purchase,M00233,VND,success,mobile,D001500,34.250.189.65,bank_transfer,Bangkok,"12.26953,102.70112",56,F,2019-03-25,active,0.54,0,0,0,auto_approved,0.1808,2022
3b5a5f8a-6f1c-4933-a86d-93d9c78e6a8b,U001303,2022-05-04 00:28:03,00:28:03,212929.97,transfer,M00052,USD,success,mobile,D000979,68.154.107.87,bank_transfer,Da Nang,"15.780263,107.55706",39,F,2021-06-03,active,0.74,3,1,0,auto_approved,0.4674,2022
d61fc9d7-e2e2-433f-b07c-f341c0412700,U000331,2022-09-29 19:14:40,19:14:40,328670.69,purchase,M00167,VND,success,atm,D002817,230.58.196.57,debit_card,Kuala Lumpur,"9.566078,102.422753",61,F,2019-06-23,active,0.76,2,1,0,auto_approved,0.2842,2022
8e353a4e-10b7-4c74-9613-612126de9481,U000809,2022-03-10 11:46:07,11:46:07,119211.03,cash_withdrawal,M00083,USD,success,desktop,D001201,203.135.76.26,debit_card,Kuala Lumpur,"13.376988,102.076205",55,F,2015-10-07,active,0.48,0,1,1,pending_review,0.4604,2022
5bcb8bb8-55c2-4a20-b7d0-ee1d02d5a176,U001325,2022-06-16 17:21:24,17:21:24,1473307.15,cash_withdrawal,M00372,USD,success,pos,D002602,31.45.22.188,mobile_wallet,Ho Chi Minh City,"21.579817,108.986307",40,M,2020-03-05,active,0.59,0,0,0,auto_approved,0.0386,2022
70e6d331-569b-472a-b8c2-cffb8d97c00e,U001097,2022-10-28 00:14:03,00:14:03,298346.47,bill_payment,M00291,VND,success,atm,D001656,237.109.161.201,debit_card,Bangkok,"19.338276,106.700142",45,M,2015-08-22,active,0.59,0,0,0,auto_approved,0.4327,2022
13f299e4-44c0-4dca-b3cf-6454166929b5,U001720,2022-03-17 07:28:11,07:28:11,1369402.78,online_payment,M00050,USD,success,desktop,D000051,49.74.250.189,credit_card,Kuala Lumpur,"18.023277,106.332467",60,F,2019-11-12,active,0.66,0,1,0,auto_approved,0.6736,2022
ed639c41-4ab5-4848-aac4-94278d3412e2,U001624,2022-02-15 08:52:36,08:52:36,1229423.92,online_payment,M00470,VND,success,mobile,D001171,191.144.162.252,bank_transfer,Hanoi,"8.92367,102.933241",28,M,2019-08-30,active,0.54,0,0,0,auto_approved,0.05,2022
4fab7853-944d-4d28-ab3b-39d383fa6d3e,U001818,2022-02-23 14:47:59,14:47:59,304857.25,cash_withdrawal,M00182,USD,success,mobile,D001189,131.211.28.235,mobile_wallet,Singapore,"8.175219,107.74099",65,M,2021-04-30,active,0.57,0,0,0,auto_approved,0.2902,2022
cb2d7746-7b7f-4185-a9c0-dbbc92a8d3e3,U001127,2022-03-17 10:21:30,10:21:30,663009.2,purchase,M00059,USD,success,mobile,D002863,202.140.12.213,debit_card,Da Nang,"19.442535,108.116792",28,F,2015-07-26,active,0.94,0,0,0,auto_approved,0.0928,2022
7fc4f1a2-cedb-4f54-b567-925f9486299c,U000034,2022-11-16 00:53:47,00:53:47,1667156.2,cash_withdrawal,M00411,USD,success,desktop,D002531,239.247.203.249,credit_card,Kuala Lumpur,"11.867266,105.132614",32,M,2021-09-05,active,0.94,0,0,0,auto_approved,0.1581,2022
ff9bab13-b3bc-4618-a434-a953303753f7,U001771,2022-12-04 23:33:11,23:33:11,425678.56,online_payment,M00089,USD,pending,desktop,D001556,203.121.157.158,mobile_wallet,Singapore,"16.505844,107.460494",51,F,2018-07-10,active,0.68,0,0,0,auto_approved,0.0675,2022
9af64056-ff5d-483f-b1ad-940db92604cb,U001851,2022-11-27 13:21:40,13:21:40,230605.79,bill_payment,M00427,VND,success,atm,D002302,17.182.64.154,credit_card,Hanoi,"18.351778,105.732073",38,M,2019-01-15,active,0.75,0,0,0,auto_approved,0.1905,2022
e1bad919-7327-44d9-beb5-5457bc40494b,U001110,2022-08-01 11:58:38,11:58:38,436395.73,bill_payment,M00010,VND,success,desktop,D001687,201.175.136.70,mobile_wallet,Bangkok,"8.280469,108.228817",51,F,2014-06-30,active,0.49,0,0,0,auto_approved,0.0931,2022
de6f6401-305c-4667-853a-fd69e669b872,U000575,2022-06-29 21:35:54,21:35:54,785165.57,bill_payment,M00216,USD,success,desktop,D001936,209.142.78.60,bank_transfer,Ho Chi Minh City,"8.264171,106.189081",40,F,2017-09-12,active,0.96,1,0,0,auto_approved,0.1932,2022
564f353b-a5da-422c-8394-81bccce20c6d,U000793,2022-05-26 02:01:26,02:01:26,11795.67,online_payment,M00007,VND,success,pos,D002121,109.220.114.64,credit_card,Kuala Lumpur,"13.812025,107.553702",56,M,2017-03-12,active,0.88,0,0,0,auto_approved,0.3399,2022
697a401c-067d-42bf-bb09-f69d869dfe05,U000872,2022-12-29 07:08:01,07:08:01,858186.51,purchase,M00088,USD,success,desktop,D000347,179.203.134.241,bank_transfer,Da Nang,"9.041263,107.817113",19,M,2021-12-10,active,0.85,0,0,0,auto_approved,0.3893,2022
de42fcd6-cc58-4112-af7d-6d905e545989,U000148,2022-12-20 17:21:33,17:21:33,1491052.24,bill_payment,M00482,VND,success,atm,D001563,64.100.36.136,credit_card,Singapore,"21.130791,106.004809",42,M,2017-07-15,active,0.9,1,0,0,auto_approved,0.4392,2022
76e214e8-b7c7-40ae-b7a0-025612cb6db7,U001570,2022-04-30 23:57:38,23:57:38,898737.82,transfer,M00208,VND,success,mobile,D002521,200.163.157.105,debit_card,Bangkok,"19.565359,107.716488",31,F,2017-11-05,active,0.57,0,0,0,auto_approved,0.4369,2022
08ad6a09-f8c0-4a2a-bc8d-53e1815d3ef8,U000344,2022-09-16 01:35:41,01:35:41,1224478.91,transfer,M00287,USD,success,mobile,D000720,226.38.165.24,mobile_wallet,Ho Chi Minh City,"11.472593,103.983525",56,F,2018-03-24,active,0.73,0,0,0,auto_approved,0.2249,2022
35b95b9b-353c-479b-945e-7d19d4f3f539,U001536,2022-05-06 19:43:31,19:43:31,82275.34,purchase,M00121,USD,success,pos,D002002,41.132.136.252,debit_card,Hanoi,"16.933669,102.830484",58,F,2014-06-07,active,0.84,0,0,0,auto_approved,0.1527,2022
4bdaeb98-2cee-466b-a560-d590a42a2c71,U001583,2022-07-06 01:10:51,01:10:51,714881.49,transfer,M00130,USD,success,mobile,D002312,73.171.57.82,credit_card,Singapore,"9.977483,104.055061",26,F,2021-07-30,active,0.58,0,0,0,auto_approved,0.3095,2022
553d5c08-533a-4a83-b8b4-fefa4fdb1225,U000913,2022-01-11 12:55:11,12:55:11,631535.42,transfer,M00311,VND,success,desktop,D002647,120.39.116.83,credit_card,Da Nang,"10.093335,102.691469",66,M,2018-07-30,active,0.9,0,0,0,auto_approved,0.164,2022
b8997375-f588-4c72-8c9f-f1fe56e08635,U001386,2022-10-07 22:43:58,22:43:58,941583.13,bill_payment,M00169,VND,success,pos,D002001,255.97.93.148,bank_transfer,Bangkok,"13.147907,105.854136",63,M,2017-05-24,active,0.68,0,0,0,auto_approved,0.4203,2022
676a06bd-b5d8-4e48-adf0-9121ebbd027e,U000559,2022-04-02 18:16:35,18:16:35,160459.16,bill_payment,M00338,VND,failed,atm,D002197,144.25.213.165,mobile_wallet,Ho Chi Minh City,"17.502194,106.311746",51,M,2019-11-01,active,0.8,1,0,0,auto_approved,0.4136,2022
83ad9dc2-4848-4905-8a62-45beba86963c,U001955,2022-11-15 12:36:26,12:36:26,1002651.18,cash_withdrawal,M00448,USD,success,desktop,D001225,29.193.41.54,bank_transfer,Hanoi,"19.614519,103.824493",39,M,2015-10-08,active,1.0,0,0,0,auto_approved,0.0568,2022
71b55137-669d-4b06-aac5-856d90368142,U001075,2022-06-30 01:31:47,01:31:47,2587048.26,cash_withdrawal,M00301,VND,success,atm,D000519,106.99.236.94,mobile_wallet,Ho Chi Minh City,"17.871648,107.234953",42,F,2015-09-26,active,0.64,1,0,0,auto_approved,0.3191,2022
3a947e88-72af-4317-9909-1e73478247f0,U000954,2022-08-24 22:37:04,22:37:04,731354.57,transfer,M00316,VND,success,pos,D002661,36.223.239.96,credit_card,Bangkok,"20.164219,108.689002",70,M,2018-09-05,active,0.8,0,0,0,auto_approved,0.1773,2022
bca1102d-1a8b-4098-b497-03259ea41528,U001196,2022-12-31 08:05:00,08:05:00,801577.43,purchase,M00140,VND,success,pos,D001438,93.201.74.60,bank_transfer,Da Nang,"10.873011,108.021029",25,M,2014-11-08,active,0.82,0,0,0,auto_approved,0.4317,2022
51eb39fb-f047-4fa5-bd95-06a87402a3fd,U000567,2022-03-27 11:37:32,11:37:32,1298306.53,cash_withdrawal,M00282,USD,success,pos,D000973,24.160.149.195,mobile_wallet,Bangkok,"11.758117,103.734594",36,F,2022-01-03,active,0.56,0,0,0,auto_approved,0.1368,2022
6aad4a7f-9a59-456b-8c7c-a1a078c01f42,U001883,2022-12-03 12:02:35,12:02:35,3870672.95,cash_withdrawal,M00010,USD,success,desktop,D000576,107.83.124.41,bank_transfer,Ho Chi Minh City,"15.86314,104.010031",22,F,2016-07-19,active,0.93,0,1,0,auto_approved,0.2558,2022
e9e046af-a8a2-43c7-ba09-60e4918b24cb,U000559,2022-10-14 17:57:53,17:57:53,917297.2,transfer,M00157,VND,success,desktop,D002672,22.142.223.65,mobile_wallet,Hanoi,"20.205568,105.343588",36,F,2020-08-11,active,0.94,0,0,0,auto_approved,0.4282,2022
f18535d5-18ec-4f7b-922f-9f41503d57b3,U001440,2022-01-06 10:50:35,10:50:35,512303.24,cash_withdrawal,M00289,VND,pending,atm,D002312,167.217.66.78,bank_transfer,Hanoi,"11.881866,108.521183",50,M,2016-12-27,under_review,0.86,0,0,0,auto_approved,0.2128,2022
5f8bc3bf-cc33-4fb4-b6aa-a9e6810570a7,U001600,2022-11-14 09:08:56,09:08:56,1246337.36,transfer,M00133,VND,success,desktop,D002034,116.176.134.243,debit_card,Kuala Lumpur,"14.058247,105.409061",26,M,2020-10-11,active,0.47,0,0,0,auto_approved,0.2759,2022
80da2b24-ac7e-4bf8-a9f6-bd84fe1a7b87,U000735,2022-04-25 23:45:41,23:45:41,543850.28,online_payment,M00434,VND,success,desktop,D002184,118.4.204.127,bank_transfer,Ho Chi Minh City,"12.584172,107.584338",31,F,2014-06-28,active,1.0,0,0,0,auto_approved,0.3264,2022
d6052f58-8fa8-4a66-886b-eb0d7cce5082,U000010,2022-07-15 08:30:42,08:30:42,983720.98,purchase,M00337,USD,success,pos,D000126,5.125.238.69,debit_card,Da Nang,"10.485743,106.949324",24,M,2022-03-18,active,0.73,0,0,0,auto_approved,0.4247,2022
2d40713d-957b-482b-808d-bea73a7d9b79,U000185,2022-06-18 21:31:43,21:31:43,150757.14,purchase,M00107,VND,success,pos,D000547,188.195.164.193,mobile_wallet,Ho Chi Minh City,"13.037043,106.325476",32,M,2015-05-17,active,0.75,0,1,1,pending_review,0.1893,2022
17a37b9b-d661-4a2d-ba39-243567e80a2a,U000919,2022-06-15 21:35:40,21:35:40,79680.69,bill_payment,M00194,VND,success,pos,D002438,236.245.247.199,credit_card,Ho Chi Minh City,"14.804232,107.196005",31,M,2021-10-06,active,0.92,0,0,0,auto_approved,0.3192,2022
8ef0b20c-f099-492c-a2f5-99e0a7cc1930,U000706,2022-02-17 10:01:00,10:01:00,820840.12,cash_withdrawal,M00487,USD,success,desktop,D000803,238.84.128.57,debit_card,Da Nang,"11.397993,105.087548",63,F,2015-10-22,active,0.62,0,0,0,auto_approved,0.037,2022
a4370ca5-cd84-4142-8978-0cc0d11cbf84,U000995,2022-09-08 21:42:18,21:42:18,10245.02,online_payment,M00393,VND,success,atm,D002582,31.45.177.81,credit_card,Hanoi,"12.03785,107.52984",67,M,2017-10-07,active,0.88,0,0,0,auto_approved,0.2188,2022
59869596-b31e-40ba-9f7f-6a1565c10a32,U001135,2022-05-28 20:54:09,20:54:09,2206685.8,purchase,M00367,USD,success,mobile,D002617,236.78.33.248,debit_card,Hanoi,"18.660568,103.283547",68,F,2022-01-21,active,0.68,0,0,0,auto_approved,0.2904,2022
8b9018f1-5d97-4cd3-9434-1f540b0b3574,U000742,2022-06-09 02:25:13,02:25:13,642119.12,cash_withdrawal,M00050,VND,success,atm,D000701,24.124.128.224,credit_card,Kuala Lumpur,"19.359464,105.010126",42,M,2014-12-27,active,0.58,0,1,0,auto_approved,0.4109,2022
5939fbda-627d-4995-b98b-eeffbc21b909,U000125,2022-03-30 14:29:40,14:29:40,1123345.04,cash_withdrawal,M00199,USD,success,pos,D001813,209.228.202.200,mobile_wallet,Ho Chi Minh City,"20.257857,103.923308",37,M,2020-06-23,active,0.54,0,0,0,auto_approved,0.1169,2022
4a8b5efb-385d-47cb-a4bf-38c2fb6e97e7,U001264,2022-05-05 22:04:51,22:04:51,63403.41,cash_withdrawal,M00289,VND,success,pos,D001820,51.41.164.214,mobile_wallet,Da Nang,"8.252798,106.945821",43,F,2020-05-12,active,0.55,0,0,0,auto_approved,0.3896,2022
d29e030e-4b6a-4d7b-9aa4-6b404c709197,U000990,2022-12-12 13:42:05,13:42:05,179242.97,online_payment,M00281,VND,success,mobile,D001819,54.149.116.61,mobile_wallet,Ho Chi Minh City,"19.321768,105.502014",21,M,2020-01-08,active,0.47,0,0,0,auto_approved,0.0569,2022
88ca9089-e725-464f-bd46-f3727585c101,U001174,2022-02-27 03:24:08,03:24:08,609636.53,cash_withdrawal,M00274,USD,success,atm,D002962,250.44.232.14,debit_card,Bangkok,"17.148457,108.281722",26,M,2015-05-02,active,0.91,2,1,0,auto_approved,0.4606,2022
39f7b1dc-8f65-41b1-94e2-6f2e79186547,U001932,2022-11-01 16:51:52,16:51:52,19556.53,cash_withdrawal,M00272,USD,success,pos,D000778,123.47.122.194,bank_transfer,Bangkok,"19.418665,102.731985",21,F,2017-01-16,active,0.79,0,0,0,auto_approved,0.4196,2022
fef9640e-169a-4fb1-b16a-b4f89aee84e6,U000603,2022-08-08 01:35:54,01:35:54,264037.58,bill_payment,M00140,VND,success,pos,D000684,27.95.23.224,debit_card,Singapore,"20.421175,103.742194",33,M,2019-10-05,active,0.48,0,0,0,auto_approved,0.2166,2022
713a3309-60d3-4d59-af05-d3cde9420e79,U001696,2022-11-25 14:46:25,14:46:25,1401525.71,bill_payment,M00338,VND,success,desktop,D000718,244.179.21.133,bank_transfer,Hanoi,"20.089151,103.868823",26,F,2021-06-22,under_review,0.46,0,1,1,pending_review,0.4519,2022
8271a797-3522-4abd-90b0-8cd8a0a0e752,U001891,2022-03-06 14:42:25,14:42:25,855551.1,purchase,M00496,USD,failed,atm,D002755,94.146.99.29,bank_transfer,Ho Chi Minh City,"12.250585,106.023159",53,M,2017-07-03,active,0.49,0,0,0,auto_approved,0.0619,2022
3ac06502-35d9-4e0a-855d-fabdbe92cc3e,U000462,2022-05-02 13:33:17,13:33:17,189703.66,purchase,M00053,VND,success,atm,D002241,151.137.199.133,mobile_wallet,Da Nang,"18.137836,107.610818",43,F,2018-01-07,active,0.92,0,0,0,auto_approved,0.4272,2022
3052d98e-9fb0-41ca-9b2a-d96937115214,U001770,2022-10-04 22:35:41,22:35:41,724927.46,online_payment,M00247,VND,success,pos,D002166,48.96.204.42,debit_card,Singapore,"18.626478,105.577041",50,M,2016-03-25,active,0.45,0,0,0,auto_approved,0.4013,2022
41ca61db-97d5-452b-8fa9-454f20ddd349,U000379,2022-06-11 10:18:53,10:18:53,2688266.09,online_payment,M00373,USD,success,pos,D002689,234.19.21.171,bank_transfer,Ho Chi Minh City,"12.130779,106.271479",54,M,2018-11-04,active,0.61,2,1,0,auto_approved,0.3067,2022
743e48ab-25c8-4831-8884-e8b92b18d809,U000094,2022-08-13 20:15:45,20:15:45,302391.9,online_payment,M00284,USD,success,desktop,D002055,241.141.253.99,bank_transfer,Bangkok,"15.683676,107.292725",65,F,2015-01-28,active,0.78,0,0,0,auto_approved,0.0443,2022
5891b183-4bba-4893-8b2d-c3db097a06c4,U000621,2022-09-29 08:06:01,08:06:01,345588.24,online_payment,M00455,USD,failed,mobile,D001964,40.192.152.234,bank_transfer,Bangkok,"13.559459,105.010902",20,M,2018-09-12,active,0.92,0,0,0,auto_approved,0.4225,2022
ced92258-f8bb-4bad-99e7-b1dc5695111d,U000969,2022-01-15 15:06:07,15:06:07,446033.19,purchase,M00483,VND,success,mobile,D000122,234.106.91.201,bank_transfer,Ho Chi Minh City,"21.176513,107.446657",51,F,2015-01-24,active,0.92,0,0,0,auto_approved,0.3507,2022
3ec8a8ca-26a8-4afc-b620-7c8069cc9c81,U001575,2022-10-30 07:44:32,07:44:32,269802.49,bill_payment,M00344,VND,success,pos,D001624,114.185.87.25,mobile_wallet,Bangkok,"20.548687,105.402154",49,M,2015-09-17,active,0.56,0,0,0,auto_approved,0.0874,2022
596115e1-6a54-4870-b9aa-c30209d66b29,U000791,2022-01-14 02:39:59,02:39:59,744118.88,transfer,M00276,VND,success,mobile,D002793,218.4.128.162,bank_transfer,Hanoi,"20.100745,108.768903",64,M,2014-11-02,active,0.59,0,0,0,auto_approved,0.099,2022
83d9d635-cfac-45bb-92b2-f4c44946a0df,U001419,2022-08-18 04:39:22,04:39:22,40806.78,online_payment,M00286,VND,success,pos,D001613,79.139.142.134,mobile_wallet,Bangkok,"21.311481,108.628126",18,F,2021-02-13,active,0.55,0,0,0,auto_approved,0.3231,2022
82171a15-d630-46cb-acf9-3fae121932ea,U001153,2022-03-03 23:51:37,23:51:37,311927.63,transfer,M00312,VND,success,desktop,D000569,23.222.217.96,credit_card,Singapore,"8.153354,104.025067",31,M,2021-02-03,active,0.5,0,0,0,auto_approved,0.2972,2022
1a32b4fa-513c-44fe-ab5f-946a14441272,U000780,2022-09-01 00:59:18,00:59:18,48030.49,bill_payment,M00248,USD,success,atm,D000991,65.255.118.45,bank_transfer,Da Nang,"12.23652,102.285896",31,M,2017-06-11,active,0.96,0,0,0,auto_approved,0.0388,2022
2be920a9-5d3b-4f1b-91bf-8fefc7ca6669,U001378,2022-11-04 07:47:45,07:47:45,443467.55,transfer,M00007,USD,success,pos,D002719,140.239.59.185,debit_card,Kuala Lumpur,"21.864586,102.935313",41,F,2017-05-12,active,0.58,0,1,0,auto_approved,0.4089,2022
defe3f9a-0fcc-4702-8ff0-8b8718eb84c0,U000899,2022-07-22 00:49:09,00:49:09,54919.75,transfer,M00126,VND,success,mobile,D003000,230.83.166.6,bank_transfer,Kuala Lumpur,"15.603832,103.98055",37,M,2021-11-26,active,1.0,0,0,0,auto_approved,0.3686,2022
7a4f4ff6-fd05-47c5-9bbc-cd8440df11ff,U001039,2022-03-15 05:03:26,05:03:26,952073.84,purchase,M00066,VND,success,mobile,D002313,151.251.48.70,debit_card,Kuala Lumpur,"18.22753,106.287814",43,F,2014-11-22,active,0.48,0,0,0,auto_approved,0.2547,2022
dc7d39b9-6297-4aa5-8137-b3f19d5714c0,U000566,2022-07-23 10:57:02,10:57:02,770761.16,transfer,M00021,USD,success,atm,D001791,224.114.196.125,mobile_wallet,Singapore,"16.034058,105.14975",44,M,2017-09-25,active,0.7,1,0,0,auto_approved,0.47,2022
1b6c8da7-6c38-4e98-ae1b-0ced072c6889,U000133,2022-04-02 10:28:30,10:28:30,348638.57,online_payment,M00202,VND,success,mobile,D001954,116.233.168.155,debit_card,Bangkok,"18.746937,105.519527",33,F,2018-12-01,active,0.64,0,0,0,auto_approved,0.4133,2022
afc05e3e-d1df-462a-b78e-dc3818321d4e,U001468,2022-04-26 04:47:09,04:47:09,142912.15,online_payment,M00009,VND,success,atm,D000238,250.115.74.102,credit_card,Ho Chi Minh City,"21.604674,108.044608",45,M,2021-08-27,active,0.62,0,1,0,auto_approved,0.3395,2022
d9acfd45-0414-47bc-8e29-42fa09e58898,U001193,2022-02-12 15:55:05,15:55:05,756002.86,transfer,M00299,VND,success,mobile,D001422,154.118.42.119,bank_transfer,Bangkok,"8.496979,108.344849",61,M,2021-09-09,active,0.73,0,0,0,auto_approved,0.448,2022
014103fd-97ae-42bf-ac7a-71157bb88f4c,U001542,2022-09-24 19:44:17,19:44:17,861393.43,cash_withdrawal,M00034,VND,success,mobile,D002000,141.115.155.246,debit_card,Da Nang,"9.739672,102.27369",24,F,2021-02-12,active,0.77,0,0,0,auto_approved,0.1477,2022
8a4a4724-77d6-436b-885b-d34ab7c5a8f4,U001506,2022-08-09 10:42:31,10:42:31,744630.67,bill_payment,M00448,VND,failed,desktop,D000114,215.40.61.130,debit_card,Singapore,"20.256828,104.452316",35,F,2015-04-19,active,0.94,0,1,1,pending_review,0.5866,2022
b34e7e30-51b6-47f2-829a-91f66e60c37b,U001618,2022-02-23 18:46:46,18:46:46,1809.6,cash_withdrawal,M00172,VND,success,pos,D000969,20.8.69.48,bank_transfer,Da Nang,"16.481505,103.367912",32,F,2017-06-15,active,0.86,0,0,0,auto_approved,0.0136,2022
aa882d34-1d9f-4ed3-aa33-22ca5ab2eb40,U001005,2022-03-05 11:28:40,11:28:40,1796542.04,transfer,M00407,USD,success,atm,D000600,165.173.48.183,credit_card,Bangkok,"14.652396,102.370884",46,M,2015-06-25,active,0.48,0,0,0,auto_approved,0.087,2022
ddbab832-f62a-4d7b-8e81-659ad5d59829,U000656,2022-01-20 06:41:10,06:41:10,217445.23,transfer,M00122,VND,success,atm,D001940,2.75.10.225,debit_card,Kuala Lumpur,"11.883535,104.108584",32,M,2017-01-31,active,0.56,0,0,0,auto_approved,0.1839,2022
734a849b-5172-4376-9fe9-26920843d304,U000615,2022-11-14 16:36:35,16:36:35,1111500.27,purchase,M00060,USD,success,atm,D001658,249.81.35.134,debit_card,Hanoi,"17.001598,105.103216",62,F,2017-01-09,active,0.74,0,0,0,auto_approved,0.2541,2022
2ab4d937-6993-446d-ac31-a63cd43de84c,U001856,2022-04-09 11:00:00,11:00:00,135804.28,transfer,M00160,USD,success,desktop,D000081,11.93.220.91,mobile_wallet,Bangkok,"8.208232,104.964374",39,F,2014-07-18,active,0.71,0,0,0,auto_approved,0.2347,2022
20ed14dd-b3b6-4227-b216-209a243361a6,U001018,2022-10-24 15:19:29,15:19:29,828890.1,bill_payment,M00049,USD,success,desktop,D000409,49.150.161.56,bank_transfer,Bangkok,"20.362011,103.74974",46,M,2017-04-08,active,0.94,2,1,1,pending_review,0.61,2022
1a8b8573-75de-4862-8290-bba59c026750,U000439,2022-09-20 01:17:01,01:17:01,352697.29,online_payment,M00166,VND,success,pos,D001578,178.109.59.191,bank_transfer,Kuala Lumpur,"17.473371,107.053044",64,F,2021-09-07,active,0.73,0,0,0,auto_approved,0.2976,2022
fe414afe-cdaf-4e67-a8ad-fb83b49a1e3c,U001809,2022-11-21 04:52:26,04:52:26,40832.17,transfer,M00156,USD,success,atm,D000567,58.57.5.108,mobile_wallet,Da Nang,"15.490457,104.089144",50,F,2020-02-16,active,1.0,0,0,0,auto_approved,0.4055,2022
c6bcf520-0d0b-4022-a586-4ab0ea9f1473,U000917,2022-09-20 02:37:28,02:37:28,849616.06,cash_withdrawal,M00081,USD,success,atm,D001807,144.139.8.180,mobile_wallet,Hanoi,"19.01678,108.324467",34,F,2020-10-01,active,0.96,0,0,0,auto_approved,0.17,2022
81cf8dbb-9d55-4caa-9601-51ceee1c931d,U001894,2022-08-14 22:43:27,22:43:27,85174.28,transfer,M00441,VND,success,desktop,D000353,52.215.120.247,credit_card,Kuala Lumpur,"8.810003,102.292334",46,F,2020-07-05,active,0.95,0,0,0,auto_approved,0.1252,2022
9f774c29-d2e9-4ba5-bbf6-cf9b25de309d,U001098,2022-02-04 09:43:43,09:43:43,392322.06,cash_withdrawal,M00495,VND,success,desktop,D000349,99.249.225.85,bank_transfer,Hanoi,"21.217802,105.1375",65,M,2021-07-16,active,0.46,0,0,0,auto_approved,0.2946,2022
89df6732-2e2c-40bc-95c7-305b8e59f91b,U000396,2022-11-13 17:50:47,17:50:47,449490.06,bill_payment,M00036,USD,success,desktop,D002557,128.53.120.62,bank_transfer,Bangkok,"18.022381,103.475442",65,M,2019-10-11,active,0.89,0,0,0,auto_approved,0.4002,2022
8aeadc3a-854a-4951-aebe-5b9416e488bd,U000608,2022-06-11 13:38:54,13:38:54,141698.01,bill_payment,M00299,VND,success,mobile,D000308,197.216.83.182,debit_card,Hanoi,"14.66002,106.004912",30,F,2018-04-24,active,0.96,1,0,0,auto_approved,0.4295,2022
218bf9b2-14ea-4b98-9d44-fdcc745932c8,U000102,2022-07-09 19:15:49,19:15:49,547856.83,online_payment,M00178,USD,success,atm,D002930,40.137.209.15,bank_transfer,Kuala Lumpur,"11.630352,103.274013",35,M,2022-05-29,active,0.7,0,1,0,auto_approved,0.6251,2022
cf7048ed-3c08-413e-bbc5-1d901a27402c,U001511,2022-04-16 22:07:09,22:07:09,24739.05,purchase,M00338,VND,success,atm,D001664,198.134.37.138,mobile_wallet,Bangkok,"18.073072,108.628135",66,F,2018-04-25,active,0.51,0,0,0,auto_approved,0.1604,2022
11c6d733-763a-4984-8e07-94dc3bfaa3cb,U001345,2022-08-15 18:22:21,18:22:21,893106.23,cash_withdrawal,M00203,USD,pending,pos,D001155,8.148.254.87,debit_card,Bangkok,"19.351764,107.269474",66,F,2015-03-15,active,0.67,1,0,0,auto_approved,0.2223,2022
9489e3f5-77e9-4f81-b381-f8fa15e4e725,U000772,2022-01-07 07:43:08,07:43:08,211587.23,cash_withdrawal,M00210,VND,success,mobile,D001557,154.147.216.255,debit_card,Kuala Lumpur,"17.839882,107.664835",40,M,2017-11-01,active,0.46,0,0,0,auto_approved,0.1288,2022
2fcba5dc-dfd1-4f32-99e3-900cfe3385df,U000699,2022-06-09 15:13:40,15:13:40,1432621.76,cash_withdrawal,M00333,VND,success,desktop,D000965,88.119.32.126,debit_card,Hanoi,"14.68139,107.196331",24,M,2017-07-27,active,0.99,0,0,0,auto_approved,0.3907,2022
5c6cc53f-c9ff-419c-810a-6b22aeefa89c,U001833,2022-08-27 08:35:11,08:35:11,162527.87,cash_withdrawal,M00400,USD,success,atm,D002707,47.212.118.154,mobile_wallet,Bangkok,"18.538093,105.996519",20,M,2017-08-11,active,0.94,3,1,0,auto_approved,0.1966,2022
58533ef0-b921-469c-87e0-06a3f6bf5b18,U001730,2022-10-24 01:15:37,01:15:37,1215054.48,purchase,M00183,USD,success,pos,D002402,105.184.126.34,debit_card,Da Nang,"21.668448,106.150333",40,M,2019-05-01,active,0.72,0,0,0,auto_approved,0.0194,2022
e273912b-d1ca-46c6-b3ce-8478f3cf4299,U001051,2022-08-10 16:31:42,16:31:42,760935.58,online_payment,M00308,VND,success,desktop,D001910,235.84.115.16,bank_transfer,Hanoi,"21.212118,107.370208",35,M,2021-05-23,active,0.5,0,1,0,auto_approved,0.6125,2022
9742d678-0b4e-46a3-a53a-ea599d6dede4,U001592,2022-04-09 04:18:10,04:18:10,709256.41,transfer,M00204,USD,success,desktop,D001738,179.235.79.135,credit_card,Ho Chi Minh City,"12.728436,108.614783",34,M,2014-10-05,active,0.98,0,0,0,auto_approved,0.2068,2022
8a6fd1f5-77ee-41b5-a907-8fa8761f6ae3,U001409,2022-03-27 08:20:40,08:20:40,2500737.84,bill_payment,M00217,VND,success,atm,D001085,86.115.144.182,debit_card,Ho Chi Minh City,"17.082218,106.382011",29,M,2016-03-28,active,0.63,1,0,0,auto_approved,0.3863,2022
bc096b67-e59d-4961-bdc0-0c008b94ad5d,U001661,2022-02-13 00:39:09,00:39:09,383211.69,online_payment,M00350,USD,success,desktop,D002811,216.242.165.102,credit_card,Singapore,"20.959839,105.564426",43,F,2016-09-08,active,0.84,1,0,0,auto_approved,0.2053,2022
16364d61-b413-47aa-b4c6-3fdf73a0878e,U000741,2022-02-05 00:59:03,00:59:03,159216.37,bill_payment,M00478,USD,success,mobile,D001463,47.246.119.22,credit_card,Bangkok,"14.921354,108.49949",51,F,2013-12-02,active,0.77,0,0,0,auto_approved,0.3852,2022
518d3e47-df94-4933-b65d-f864365c73ed,U000595,2022-07-12 21:41:26,21:41:26,293685.42,bill_payment,M00381,USD,failed,desktop,D001632,227.86.168.111,debit_card,Kuala Lumpur,"21.427296,103.050994",39,M,2022-05-21,active,0.56,0,0,0,auto_approved,0.2416,2022
f226b13a-e14b-41de-a404-c43279a67896,U001397,2022-07-05 09:29:35,09:29:35,255059.89,purchase,M00428,VND,success,desktop,D002738,17.224.68.182,debit_card,Kuala Lumpur,"19.174316,105.840837",21,F,2018-12-30,active,0.8,0,0,0,auto_approved,0.1695,2022
7fbfe1a7-eef7-44b4-8118-ba1e49fe8122,U001965,2022-02-16 09:31:32,09:31:32,520376.06,cash_withdrawal,M00382,USD,success,atm,D002508,217.16.216.57,mobile_wallet,Da Nang,"11.315063,103.963968",53,F,2018-02-26,active,0.56,0,0,0,auto_approved,0.2796,2022
9294c05d-d3e2-4fc2-95ca-a24b334508fc,U000654,2022-08-18 04:50:37,04:50:37,60897.31,purchase,M00083,USD,success,atm,D000743,250.55.23.205,debit_card,Da Nang,"11.90485,104.714018",24,M,2022-07-02,active,0.65,0,0,0,auto_approved,0.3792,2022
cae5300f-df5d-44e8-9906-b3398ea8679f,U001421,2022-08-17 06:30:40,06:30:40,61708.57,cash_withdrawal,M00360,USD,success,desktop,D000299,91.109.57.53,debit_card,Bangkok,"18.574141,102.730031",22,M,2016-03-09,active,0.9,0,0,0,auto_approved,0.1412,2022
a5182c1a-588d-4e37-9064-3796cfb1b2aa,U000048,2022-12-14 14:33:23,14:33:23,36786.64,online_payment,M00253,USD,success,desktop,D001040,53.15.214.229,bank_transfer,Hanoi,"17.242367,104.304789",34,M,2018-04-20,active,0.63,1,0,0,auto_approved,0.3255,2022
bab63f4f-b9fb-494d-8acf-a39df748fe01,U001762,2022-10-11 15:34:04,15:34:04,1680181.0,purchase,M00223,USD,success,desktop,D000867,145.219.183.137,debit_card,Kuala Lumpur,"11.822004,107.425218",67,M,2015-07-16,active,0.74,0,0,0,auto_approved,0.2796,2022
cf46d7ac-cc1c-44ae-b8ef-0da05d9ade40,U000970,2022-07-24 23:43:30,23:43:30,7885.2,bill_payment,M00058,VND,success,desktop,D000123,57.20.251.202,bank_transfer,Singapore,"11.74944,104.221177",47,F,2021-10-12,active,0.65,0,0,0,auto_approved,0.4075,2022
70c35402-7ddb-419b-9d68-f998a3765c51,U000257,2022-03-20 06:18:16,06:18:16,962808.65,transfer,M00177,VND,success,desktop,D002231,105.177.80.143,bank_transfer,Hanoi,"20.669608,106.325394",48,M,2017-09-20,active,0.84,3,1,1,pending_review,0.2379,2022
ad3b1d5d-9b3c-45ce-a458-e9ef4deb0830,U001316,2022-02-08 23:23:08,23:23:08,681926.77,purchase,M00013,USD,success,atm,D001321,198.231.147.130,bank_transfer,Bangkok,"14.565681,105.654504",42,M,2019-04-23,active,0.9,0,0,0,auto_approved,0.3949,2022
5d57c897-ccab-406d-bfbf-df966475cd50,U000703,2022-09-14 12:14:45,12:14:45,1998577.84,bill_payment,M00305,USD,success,mobile,D001231,218.152.139.165,mobile_wallet,Singapore,"12.670885,103.899727",53,M,2015-09-08,active,0.96,0,0,0,auto_approved,0.284,2022
5d1b4004-cac8-429b-b75d-52eeeca1be5d,U001523,2022-07-07 08:32:26,08:32:26,616881.94,transfer,M00211,VND,success,atm,D002197,132.10.62.46,bank_transfer,Hanoi,"11.075074,106.868085",67,M,2021-10-28,active,0.86,0,0,0,auto_approved,0.097,2022
e507a778-8777-4aff-b3e1-9b758581cb97,U000446,2022-05-05 01:21:03,01:21:03,1707288.18,online_payment,M00085,VND,pending,desktop,D001571,60.161.5.5,debit_card,Hanoi,"10.098742,108.369423",41,M,2021-06-16,active,0.67,0,0,0,auto_approved,0.1057,2022
47537179-665a-45bf-927f-0dcc99e1bb52,U000247,2022-04-24 21:54:14,21:54:14,42496.49,online_payment,M00464,USD,success,pos,D002246,119.175.106.88,credit_card,Singapore,"19.791199,105.991633",54,M,2016-01-27,active,0.66,0,0,0,auto_approved,0.3697,2022
83abfe18-8361-4ba8-8980-be25db2829fc,U001493,2022-03-30 23:09:21,23:09:21,84814.35,purchase,M00459,VND,success,atm,D001077,74.186.95.89,debit_card,Da Nang,"13.705265,103.720529",30,F,2017-03-30,active,0.65,0,0,0,auto_approved,0.3093,2022
5dc69f72-f998-4bdc-81d5-830d065bd7f2,U001734,2022-06-30 12:17:49,12:17:49,163617.78,bill_payment,M00267,USD,success,mobile,D000033,186.110.92.58,bank_transfer,Bangkok,"20.786878,102.368923",66,F,2021-11-13,active,0.53,0,0,0,auto_approved,0.2564,2022
b4a00ec5-f681-4862-948d-ea9111685544,U001445,2022-10-18 06:17:31,06:17:31,3712303.2,online_payment,M00309,USD,success,desktop,D000149,6.255.164.215,mobile_wallet,Kuala Lumpur,"8.062018,106.365977",61,M,2021-09-17,active,0.83,0,1,1,pending_review,0.5104,2022
2b761691-6a62-40d6-95c3-5e63207753d7,U000906,2022-04-21 02:55:57,02:55:57,413975.66,bill_payment,M00022,USD,success,desktop,D000749,240.17.99.104,credit_card,Bangkok,"14.949305,107.594547",24,F,2016-11-03,active,0.62,0,0,0,auto_approved,0.0213,2022
1169084f-dab4-4c96-b219-48a155629cf1,U001770,2022-06-16 01:19:14,01:19:14,965041.39,bill_payment,M00437,USD,success,mobile,D002939,1.131.87.60,bank_transfer,Singapore,"8.601677,105.955323",31,M,2019-09-13,active,0.55,0,0,0,auto_approved,0.3479,2022
a310b0e3-6ce9-4924-836d-dfab53dcf4ef,U000574,2022-08-04 14:31:58,14:31:58,3156443.33,online_payment,M00067,USD,success,pos,D001249,154.220.8.198,debit_card,Hanoi,"18.392958,103.49587",46,M,2019-12-03,active,0.72,0,1,0,auto_approved,0.4982,2022
6ed3356c-d841-4181-8808-2dfb5d138a91,U000068,2022-10-09 10:51:34,10:51:34,5791296.8,bill_payment,M00416,USD,success,atm,D002596,45.139.253.249,credit_card,Da Nang,"12.235263,106.229174",34,F,2016-02-16,active,1.0,0,1,0,auto_approved,0.2449,2022
5ca605e8-32b3-4320-a546-0d633d2b4563,U000294,2022-07-11 05:50:32,05:50:32,248633.18,cash_withdrawal,M00272,USD,pending,pos,D001521,119.10.22.242,debit_card,Hanoi,"9.644999,104.822705",59,F,2017-04-17,active,0.62,1,0,0,auto_approved,0.2988,2022
ac6b3c35-79e7-433a-8e06-5c9f379c19f0,U000630,2022-08-24 05:28:47,05:28:47,235051.8,online_payment,M00437,VND,success,desktop,D001832,45.247.64.128,mobile_wallet,Singapore,"16.614948,105.138459",70,M,2022-03-29,active,0.96,0,0,0,auto_approved,0.0363,2022
10217520-974a-4940-ad52-d8041cff2b0f,U001465,2022-02-08 04:51:13,04:51:13,318381.65,online_payment,M00468,USD,success,pos,D000617,232.111.135.7,debit_card,Bangkok,"9.306056,105.274388",26,M,2020-03-14,active,0.79,0,0,0,auto_approved,0.0114,2022
43a179fe-5e4a-4947-83e5-f85abeb85519,U001055,2022-08-11 17:38:50,17:38:50,159668.49,transfer,M00222,USD,success,pos,D002750,104.223.52.146,mobile_wallet,Singapore,"8.486015,102.751426",29,F,2020-11-15,active,0.57,0,0,0,auto_approved,0.0506,2022
80be996f-bd7a-4faf-adda-a79c97251e86,U000371,2022-05-10 04:00:48,04:00:48,282252.46,cash_withdrawal,M00229,USD,success,pos,D001231,227.132.3.209,credit_card,Ho Chi Minh City,"15.534759,102.890996",50,F,2014-05-06,active,0.94,0,0,0,auto_approved,0.0535,2022
e06576ff-5063-4030-bfb0-c7475424730e,U001779,2022-08-02 07:05:30,07:05:30,199133.86,transfer,M00282,USD,success,pos,D001791,51.147.139.101,debit_card,Kuala Lumpur,"10.342766,104.910218",57,F,2021-07-08,active,0.83,0,0,0,auto_approved,0.4068,2022
46b97ce0-13eb-44e8-a161-ba6b168c6ec4,U001277,2022-08-15 13:09:12,13:09:12,142309.04,online_payment,M00119,VND,success,mobile,D002196,148.0.131.186,mobile_wallet,Ho Chi Minh City,"14.507716,104.466527",60,F,2022-05-14,active,0.9,0,1,0,auto_approved,0.309,2022
0f31eb4a-aa7c-4ab7-a7dc-d243c9806724,U000803,2022-11-30 13:03:23,13:03:23,98498.54,cash_withdrawal,M00500,USD,success,desktop,D001502,156.109.99.212,bank_transfer,Ho Chi Minh City,"15.611164,106.136908",42,F,2017-11-03,active,0.96,0,0,0,auto_approved,0.3828,2022
46b17df5-423d-485e-ab95-855f50d4a527,U001569,2022-07-21 21:52:12,21:52:12,387253.5,transfer,M00275,USD,success,pos,D002870,144.119.245.6,debit_card,Singapore,"18.22899,104.735536",66,F,2019-01-23,active,0.75,0,0,0,auto_approved,0.0618,2022
fb5872ea-c2b0-43aa-ba2a-b870054597e8,U001635,2022-05-25 07:58:41,07:58:41,1837178.95,purchase,M00154,VND,success,mobile,D000622,149.84.122.115,mobile_wallet,Ho Chi Minh City,"11.03543,104.275764",24,M,2020-09-04,blocked,0.71,0,0,0,auto_approved,0.018,2022
97768bb9-6c3f-4637-a9d7-51c9cad95b14,U001606,2022-12-29 23:01:56,23:01:56,236195.96,bill_payment,M00287,USD,success,desktop,D001966,184.248.188.215,bank_transfer,Singapore,"14.99965,102.731093",31,F,2015-03-06,active,0.6,0,0,0,auto_approved,0.1228,2022
bdc4b399-625c-4383-add3-01bd27b1545b,U000022,2022-10-08 15:59:58,15:59:58,722605.07,cash_withdrawal,M00152,VND,failed,pos,D001226,98.71.216.3,debit_card,Da Nang,"21.368518,108.942364",19,F,2018-05-20,active,0.7,1,0,0,auto_approved,0.3829,2022
7cd9d493-bd53-41fb-955a-2f9df7190e59,U001516,2022-09-09 11:50:12,11:50:12,1460542.72,transfer,M00131,VND,success,desktop,D002290,62.51.127.156,bank_transfer,Bangkok,"14.90295,102.208739",37,M,2015-08-17,active,0.83,0,0,0,auto_approved,0.3851,2022
76cf2001-a95d-4bbe-af11-927e5fb1bc2d,U000912,2022-12-31 07:20:48,07:20:48,1620286.89,transfer,M00179,USD,success,atm,D000450,76.219.50.201,credit_card,Bangkok,"12.280547,108.572034",26,M,2015-06-07,active,0.81,0,0,0,auto_approved,0.1362,2022
a655823a-f327-4240-ae74-4c12d1c44207,U000755,2022-10-05 07:30:51,07:30:51,545060.95,transfer,M00230,USD,success,pos,D001869,66.29.90.88,credit_card,Hanoi,"15.681274,105.108368",29,M,2018-07-12,active,0.64,1,0,0,auto_approved,0.3943,2022
55e1eae6-f9f7-4f10-b979-cee27aec50b6,U001739,2022-04-04 06:38:51,06:38:51,139166.27,transfer,M00338,USD,success,pos,D002457,120.138.133.233,bank_transfer,Kuala Lumpur,"14.323109,105.033492",19,M,2017-07-19,active,0.66,0,0,0,auto_approved,0.1776,2022
fabdb260-7da6-4dd1-b98f-3ccb2921d061,U000068,2022-10-28 12:46:40,12:46:40,180942.45,bill_payment,M00190,VND,success,atm,D001266,17.138.155.235,mobile_wallet,Ho Chi Minh City,"14.321253,105.860089",18,M,2021-12-22,active,0.89,0,1,0,auto_approved,0.2495,2022
f9a6734c-f59c-4860-a815-d6f706847356,U000180,2022-01-26 08:50:31,08:50:31,204901.08,bill_payment,M00361,VND,success,desktop,D002240,58.191.49.176,credit_card,Bangkok,"13.33468,104.624748",29,M,2015-01-01,active,0.61,0,0,0,auto_approved,0.3384,2022
e0b9394e-86fe-406f-bab9-9152c5e7d8f8,U001071,2022-10-22 22:23:12,22:23:12,770938.26,transfer,M00409,VND,success,atm,D001166,168.173.252.198,debit_card,Kuala Lumpur,"21.257852,106.43382",47,F,2018-03-08,active,0.65,0,0,0,auto_approved,0.0137,2022
159ae48a-6365-43af-8d5a-5f4022f22bfc,U000704,2022-01-30 04:20:42,04:20:42,188486.48,bill_payment,M00006,USD,success,mobile,D002464,38.216.137.137,debit_card,Ho Chi Minh City,"8.610504,106.971779",56,F,2020-07-13,active,0.56,0,0,0,auto_approved,0.1646,2022
8e0faee7-c76a-4cf7-a962-d6f1da9e30e1,U000743,2022-12-27 08:19:17,08:19:17,492055.5,bill_payment,M00015,USD,success,desktop,D002150,74.83.108.151,bank_transfer,Hanoi,"17.117022,102.315884",40,F,2016-05-09,active,0.54,0,0,0,auto_approved,0.361,2022
b8fb1551-c5e3-4ab9-ad11-9ab71ac69d46,U000176,2022-02-02 13:04:46,13:04:46,179855.86,bill_payment,M00464,USD,success,atm,D000260,227.180.88.97,bank_transfer,Singapore,"14.015557,102.235809",55,F,2020-12-02,active,0.89,3,1,0,auto_approved,0.389,2022
a8861d9a-45e7-4348-a9ff-572d3549e50a,U001984,2022-01-15 00:09:58,00:09:58,553703.63,purchase,M00440,VND,pending,mobile,D000072,196.179.230.81,mobile_wallet,Ho Chi Minh City,"20.354162,105.660505",47,F,2020-04-27,active,0.53,1,0,0,auto_approved,0.4739,2022
7ad40fce-e9fb-4688-8980-586905668c5d,U001885,2022-02-19 23:14:49,23:14:49,126604.9,bill_payment,M00241,VND,success,pos,D002344,54.29.18.132,mobile_wallet,Hanoi,"20.265527,103.469793",24,F,2017-06-03,active,0.6,0,0,0,auto_approved,0.3813,2022
e0267d84-97f3-415d-a043-5d436fc883ed,U001013,2022-03-02 15:45:32,15:45:32,1454775.71,purchase,M00088,USD,success,pos,D002227,193.169.51.137,debit_card,Singapore,"16.221832,108.109642",25,F,2014-10-05,active,0.8,0,1,1,pending_review,0.4748,2022
82683090-3605-435a-8ea4-ce9cda8c1b69,U000992,2022-06-11 23:33:59,23:33:59,1230457.11,cash_withdrawal,M00022,USD,success,mobile,D002544,192.60.23.3,mobile_wallet,Singapore,"11.202908,104.338765",30,M,2020-09-25,active,0.97,0,0,0,auto_approved,0.402,2022
6ba8cbd5-4e56-4921-a300-df2edca59745,U001552,2022-09-12 08:39:17,08:39:17,901820.34,transfer,M00441,VND,success,mobile,D002650,78.237.0.86,credit_card,Ho Chi Minh City,"14.209487,108.396543",20,M,2020-02-24,active,0.77,0,0,0,auto_approved,0.2828,2022
f68e3c85-0174-44e9-bee4-4d5ae206b4ce,U001772,2022-09-08 11:04:28,11:04:28,1707248.23,bill_payment,M00356,VND,success,atm,D000085,205.17.216.183,debit_card,Kuala Lumpur,"18.950251,102.362973",70,F,2022-07-14,active,0.56,2,1,0,auto_approved,0.4949,2022
be5af0a8-fc77-48e9-abd7-58bcfecf9580,U001469,2022-05-28 19:37:03,19:37:03,100407.95,bill_payment,M00312,VND,success,pos,D001620,154.107.170.114,debit_card,Bangkok,"11.980726,104.52298",21,M,2019-08-26,active,0.79,1,0,0,auto_approved,0.4716,2022
72e94bd5-2880-441e-bbb9-e8a3cae45761,U001091,2022-07-04 09:39:25,09:39:25,469471.08,cash_withdrawal,M00331,VND,success,desktop,D002868,161.224.128.140,bank_transfer,Da Nang,"10.596686,105.302635",41,F,2022-02-23,active,0.55,0,0,0,auto_approved,0.3252,2022
0e97d95c-f4d7-4850-804e-c50d35860e4e,U001681,2022-12-15 06:14:59,06:14:59,1084925.17,bill_payment,M00135,USD,success,pos,D002171,60.235.129.146,debit_card,Singapore,"9.336825,104.642343",24,F,2021-12-04,active,0.98,0,0,0,auto_approved,0.1487,2022
33cb9215-f18e-40ea-8baf-ecf0da49a6a6,U000974,2022-02-07 12:42:22,12:42:22,104900.28,transfer,M00326,VND,success,pos,D002722,14.140.49.155,debit_card,Da Nang,"18.313324,107.388081",42,F,2018-02-01,under_review,0.77,1,0,0,auto_approved,0.5472,2022
ef158cb0-dca0-4068-9de6-a7db4a07cf77,U001715,2022-02-05 21:35:41,21:35:41,2408477.25,cash_withdrawal,M00285,USD,success,mobile,D000830,209.100.31.193,credit_card,Kuala Lumpur,"8.558239,106.642527",29,F,2020-12-31,active,0.96,0,0,0,auto_approved,0.1391,2022
3c5ef61a-3e2c-4bbc-a361-3506eb2ffd07,U000086,2022-01-13 19:09:30,19:09:30,80729.16,online_payment,M00370,VND,success,mobile,D001133,232.8.243.128,credit_card,Da Nang,"18.961055,105.526611",48,M,2019-12-18,active,0.56,0,0,0,auto_approved,0.3534,2022
e79d37fd-d4f4-43a2-af29-9f74c1cae570,U001599,2022-02-10 03:50:09,03:50:09,1847596.65,online_payment,M00178,VND,success,mobile,D000657,27.112.159.136,mobile_wallet,Da Nang,"17.84481,104.044786",36,M,2015-12-31,active,0.77,0,1,0,auto_approved,0.2892,2022
8b8813e9-0255-44f8-a1ec-0797bf616590,U001213,2022-08-23 08:21:00,08:21:00,417189.23,online_payment,M00346,VND,success,mobile,D001243,197.207.122.176,debit_card,Bangkok,"18.025392,102.623102",34,M,2020-05-22,active,0.73,0,0,0,auto_approved,0.4352,2022
d8c9142f-d89a-4401-b67f-64017135f40a,U001635,2022-09-17 21:35:30,21:35:30,3008991.6,bill_payment,M00390,USD,success,desktop,D000072,25.163.183.140,bank_transfer,Ho Chi Minh City,"11.193215,103.859421",37,M,2020-11-24,active,0.83,0,1,1,pending_review,0.2627,2022
83c622df-8b1e-4ef3-8df3-7543f373e200,U001412,2022-12-21 22:20:22,22:20:22,181552.74,purchase,M00207,USD,pending,pos,D001162,190.156.179.88,credit_card,Hanoi,"16.52787,104.008338",41,M,2016-06-19,active,0.88,0,1,0,auto_approved,0.2469,2022
81694955-042e-4a1e-81b3-ebb67b041fc4,U000681,2022-07-25 01:09:12,01:09:12,596769.13,online_payment,M00114,VND,success,atm,D001463,104.203.4.175,debit_card,Da Nang,"8.335514,105.970431",19,M,2020-11-10,active,0.49,2,1,0,auto_approved,0.2567,2022
a39b3f69-d57e-4b4e-888a-a936fb85cac9,U000732,2022-06-06 11:52:48,11:52:48,1443423.41,bill_payment,M00439,USD,pending,mobile,D002965,71.169.230.32,mobile_wallet,Bangkok,"17.152859,105.363565",20,F,2022-01-13,active,0.97,0,0,0,auto_approved,0.1408,2022
1287fa44-e1ef-45c2-9b6a-4f69d24a06a2,U001864,2022-09-26 23:34:29,23:34:29,728796.76,cash_withdrawal,M00076,VND,success,desktop,D002048,39.52.222.79,mobile_wallet,Hanoi,"12.144383,106.621212",50,F,2021-05-17,active,0.79,0,0,0,auto_approved,0.2339,2022
83539976-e48a-44ed-bc96-79de8b02b4a8,U000970,2022-08-28 23:01:39,23:01:39,617530.92,transfer,M00013,VND,success,pos,D000686,189.59.3.128,bank_transfer,Kuala Lumpur,"11.925599,105.092938",70,F,2016-11-27,active,0.69,1,0,0,auto_approved,0.3986,2022
cd4c1b53-31be-4b7b-96a6-d0808ee58996,U001263,2022-10-17 11:32:53,11:32:53,1173113.26,transfer,M00237,VND,success,pos,D000450,77.243.206.57,credit_card,Hanoi,"20.501676,103.330308",27,M,2020-05-24,active,0.74,0,0,0,auto_approved,0.1562,2022
8c097947-b530-42ef-8e69-fbee89d1b562,U000935,2022-05-19 01:51:00,01:51:00,115140.13,bill_payment,M00150,VND,success,desktop,D002448,98.43.154.136,debit_card,Bangkok,"15.507598,105.026893",40,F,2016-09-29,active,0.49,0,0,0,auto_approved,0.0637,2022
a76b0a31-cf21-4fc0-8d20-d021358537d7,U000575,2022-05-13 21:51:27,21:51:27,129584.36,cash_withdrawal,M00125,VND,success,mobile,D001239,246.29.237.179,bank_transfer,Bangkok,"12.932823,102.519095",36,F,2015-02-22,active,1.0,0,0,0,auto_approved,0.1341,2022
64ce0dd7-ae1c-4c15-bd4c-5eb6c7c4cc17,U000580,2022-01-29 07:42:47,07:42:47,1299427.74,online_payment,M00458,VND,success,pos,D001418,51.20.208.196,bank_transfer,Hanoi,"12.788284,108.020021",20,M,2016-05-08,active,0.51,0,0,0,auto_approved,0.3195,2022
c2ac87f7-953c-49a4-8d2a-a3ae7db1aef4,U000733,2022-04-02 22:55:02,22:55:02,58992.11,purchase,M00159,USD,success,pos,D000823,104.91.204.142,credit_card,Bangkok,"10.16584,107.562878",70,F,2018-12-14,active,0.63,0,0,0,auto_approved,0.1259,2022
53dd3595-7cbd-4572-9e43-dc10a6ec36af,U001453,2022-05-24 20:55:20,20:55:20,483084.14,online_payment,M00316,VND,success,atm,D002499,44.238.11.28,credit_card,Bangkok,"9.363365,107.886545",58,M,2020-01-24,active,0.46,0,0,0,auto_approved,0.4115,2022
b7fea529-3577-49e1-9015-864ef2a1ea8a,U000793,2022-09-21 15:25:20,15:25:20,2097298.76,online_payment,M00207,USD,success,desktop,D001676,74.240.173.225,debit_card,Kuala Lumpur,"10.375979,108.508701",35,F,2015-07-07,active,0.81,2,1,0,auto_approved,0.2206,2022
fa264a9f-0091-402a-8846-e4b8d11c1f86,U001916,2022-01-08 14:32:44,14:32:44,1640850.5,bill_payment,M00144,VND,success,pos,D001330,98.226.69.247,bank_transfer,Kuala Lumpur,"15.271372,107.271017",47,M,2019-09-19,active,0.8,1,0,0,auto_approved,0.1989,2022
95b82d16-2dfb-4c06-a0d4-afa51133d6ce,U000473,2022-07-02 23:19:00,23:19:00,1075465.04,transfer,M00180,USD,failed,pos,D002724,49.63.133.115,mobile_wallet,Singapore,"15.909327,106.454926",24,F,2021-05-04,active,0.9,0,0,0,auto_approved,0.3852,2022
58a97335-5cda-4426-a4c9-6c04c328ab0d,U001035,2022-09-08 00:27:01,00:27:01,1324704.32,cash_withdrawal,M00402,VND,success,desktop,D000710,233.95.20.85,mobile_wallet,Ho Chi Minh City,"19.211697,102.498139",32,M,2018-12-13,active,0.65,2,1,0,auto_approved,0.3196,2022
0742494a-a411-4b99-ab3d-c0318f513b21,U001357,2022-02-18 23:41:12,23:41:12,790940.77,online_payment,M00372,VND,success,pos,D001748,95.228.235.93,debit_card,Ho Chi Minh City,"15.667715,108.828387",23,F,2015-02-11,active,0.57,0,1,0,auto_approved,0.4603,2022
60f46e9f-2aec-4a1d-8823-ac20b0b4d534,U001635,2022-01-15 13:48:38,13:48:38,1594488.52,online_payment,M00394,USD,success,atm,D001628,182.155.55.220,credit_card,Hanoi,"13.863956,108.932016",36,M,2019-01-07,active,0.61,0,0,0,auto_approved,0.2097,2022
12cafd17-93be-4906-9098-9a773a4c124c,U001072,2022-06-03 09:41:06,09:41:06,290218.95,bill_payment,M00181,USD,success,pos,D001393,13.170.197.232,bank_transfer,Singapore,"15.848428,105.869741",50,F,2014-11-17,active,0.66,0,0,0,auto_approved,0.2955,2022
137f0f9c-024b-4dd5-80a7-a6524e004b78,U000859,2022-02-17 05:35:52,05:35:52,364137.28,online_payment,M00259,USD,success,desktop,D000967,215.197.152.179,mobile_wallet,Hanoi,"21.156476,107.016484",55,M,2019-10-13,active,0.98,0,0,0,auto_approved,0.0287,2022
5a9a9bed-3da2-4979-8939-fb7b82c1c197,U001982,2022-03-13 14:47:26,14:47:26,342402.55,purchase,M00400,VND,success,mobile,D002672,93.141.47.169,credit_card,Da Nang,"16.719316,105.749448",41,M,2017-08-08,active,0.95,0,0,0,auto_approved,0.0954,2022
d14e71e2-2eb7-4f75-a943-56cb507dbf92,U001753,2022-02-25 04:05:01,04:05:01,1643230.51,purchase,M00346,VND,success,mobile,D000301,207.219.32.219,bank_transfer,Kuala Lumpur,"15.708329,102.606587",53,M,2015-10-29,active,0.7,1,1,1,pending_review,0.8127,2022
9856bae4-8abd-4067-abb2-f4b311e36a86,U000277,2022-05-05 18:11:03,18:11:03,2009671.42,online_payment,M00250,USD,success,mobile,D000427,2.190.64.143,bank_transfer,Hanoi,"9.5978,105.978822",62,F,2020-12-25,active,0.54,2,1,0,auto_approved,0.163,2022
ddce4fa1-119c-40cc-8305-f21e4f9e88f0,U000666,2022-06-02 12:04:36,12:04:36,476249.26,transfer,M00293,VND,success,pos,D002086,150.169.111.133,mobile_wallet,Kuala Lumpur,"12.300598,103.570226",42,F,2021-09-05,active,0.54,0,0,0,auto_approved,0.0172,2022
7a9ff519-47e3-4537-8fa3-236021f99469,U001628,2022-08-02 12:21:19,12:21:19,260071.23,cash_withdrawal,M00460,USD,success,mobile,D001272,199.182.25.118,mobile_wallet,Kuala Lumpur,"21.046397,107.070816",45,M,2014-10-22,active,0.94,0,0,0,auto_approved,0.2911,2022
b727547c-7c65-4c31-ab46-3f1fd4cd75ba,U000632,2022-10-07 07:07:40,07:07:40,350259.67,transfer,M00188,USD,success,desktop,D000508,196.65.64.10,debit_card,Bangkok,"21.165879,107.772118",48,M,2016-11-02,active,0.78,0,0,0,auto_approved,0.3072,2022
d5d00a71-c7eb-4e65-9b81-bb2abcf233d4,U001737,2022-03-10 10:03:55,10:03:55,635120.01,purchase,M00047,USD,success,pos,D002224,57.242.71.35,debit_card,Kuala Lumpur,"12.858473,108.716987",68,M,2014-10-21,active,0.75,0,0,0,auto_approved,0.4461,2022
75d2b9d5-e7b9-4993-ad7b-77a2c58c22d5,U001010,2022-08-29 01:16:09,01:16:09,825597.52,cash_withdrawal,M00278,VND,success,pos,D001890,82.222.85.126,mobile_wallet,Hanoi,"13.407699,102.29136",59,M,2017-07-10,active,0.69,1,0,0,auto_approved,0.3189,2022
676c7766-55e6-4254-8c57-e4d38dc6a75a,U000376,2022-05-28 16:15:29,16:15:29,990438.47,bill_payment,M00371,USD,success,atm,D000155,153.63.86.16,mobile_wallet,Da Nang,"19.019505,105.88579",68,F,2015-11-06,active,0.89,0,0,0,auto_approved,0.2101,2022
45aec4ea-3c43-4320-9419-c0428a35b012,U001615,2022-10-15 02:23:33,02:23:33,1406848.85,purchase,M00204,VND,success,pos,D001663,183.112.30.70,debit_card,Hanoi,"12.138107,106.774153",62,F,2015-03-07,active,0.71,0,0,0,auto_approved,0.2659,2022
56b3c0e9-ed28-47c7-a564-c3cdfaa51bf5,U000280,2022-06-02 16:20:16,16:20:16,816421.72,cash_withdrawal,M00145,VND,success,pos,D002471,80.205.151.107,bank_transfer,Kuala Lumpur,"12.101367,108.982813",24,F,2018-04-27,active,0.69,0,0,0,auto_approved,0.1286,2022
09ac6f2e-6d6e-476f-9932-40e6f9f94469,U001083,2022-10-28 17:50:10,17:50:10,536101.41,transfer,M00140,VND,success,desktop,D001927,119.66.17.127,bank_transfer,Ho Chi Minh City,"14.018603,103.542532",42,F,2018-11-30,active,0.87,0,0,0,auto_approved,0.3835,2022
081efe0d-36ab-4c2c-948f-6b38c2061614,U001269,2022-09-26 01:50:21,01:50:21,481208.84,bill_payment,M00278,VND,success,atm,D001481,169.20.17.32,mobile_wallet,Kuala Lumpur,"18.429717,102.546492",54,F,2017-11-11,active,0.96,1,0,0,auto_approved,0.6118,2022
704fdfb1-380f-4621-b590-5a954f01f7c9,U001420,2022-01-01 22:50:17,22:50:17,616207.76,online_payment,M00192,USD,failed,pos,D000675,69.223.168.128,mobile_wallet,Kuala Lumpur,"10.118192,108.651668",58,F,2020-01-30,active,0.65,0,0,0,auto_approved,0.3456,2022
f1a49258-cc92-44d7-a469-1717580ce492,U000586,2022-05-09 15:02:24,15:02:24,170313.11,cash_withdrawal,M00361,VND,success,pos,D001046,46.84.85.150,credit_card,Kuala Lumpur,"16.587117,102.890691",25,F,2019-09-01,active,0.67,0,0,0,auto_approved,0.0422,2022
8f415505-2760-4496-86e1-6c753a4bff0e,U000586,2022-04-20 15:58:49,15:58:49,12584.59,online_payment,M00177,USD,success,desktop,D000669,115.244.52.229,mobile_wallet,Singapore,"13.714182,106.411719",70,F,2019-05-16,active,0.69,0,0,0,auto_approved,0.2933,2022
593dbe5b-769e-463e-8b68-b591ca58536b,U000542,2022-10-17 17:40:40,17:40:40,301754.3,bill_payment,M00228,USD,success,mobile,D002521,254.53.74.174,mobile_wallet,Singapore,"13.907316,107.52326",27,F,2015-04-12,active,1.0,0,0,0,auto_approved,0.3762,2022
b5e51506-199b-4384-97f7-68bd242dfb75,U000985,2022-05-23 19:34:22,19:34:22,114701.38,purchase,M00114,VND,success,pos,D001353,213.127.171.86,mobile_wallet,Hanoi,"9.865298,108.69262",59,F,2022-03-02,active,0.6,0,0,0,auto_approved,0.1239,2022
f7657ced-b2fe-4a71-ad52-03ed40896870,U001743,2022-08-13 11:43:58,11:43:58,149821.15,purchase,M00153,USD,success,atm,D001432,46.107.253.8,bank_transfer,Singapore,"13.674168,104.591339",36,M,2018-05-31,active,0.85,0,0,0,auto_approved,0.3412,2022
c8f28be3-4119-418a-8824-6a0dd9a04e51,U000946,2022-11-16 02:28:15,02:28:15,779715.38,online_payment,M00044,USD,success,atm,D002073,75.107.8.81,credit_card,Kuala Lumpur,"12.403997,105.718637",64,M,2016-03-12,active,0.62,0,0,0,auto_approved,0.05,2022
0584fb91-c706-4c9d-9578-d44914052f4c,U000494,2022-05-14 14:00:45,14:00:45,1179858.18,transfer,M00463,VND,failed,desktop,D002446,241.63.49.145,debit_card,Ho Chi Minh City,"9.786803,102.96001",34,F,2016-04-19,active,0.51,0,0,0,auto_approved,0.0985,2022
1dcd3f06-e938-44c0-98e8-b46b5ed34d60,U000405,2022-12-06 23:15:18,23:15:18,1196029.34,cash_withdrawal,M00100,VND,success,mobile,D002484,179.160.102.152,debit_card,Ho Chi Minh City,"12.928921,106.458119",33,M,2018-01-23,active,0.55,0,0,0,auto_approved,0.1683,2022
6bf2f447-ad80-433b-b992-304822a52179,U001233,2022-12-23 11:34:31,11:34:31,580346.81,transfer,M00372,VND,success,atm,D001768,121.44.171.54,mobile_wallet,Da Nang,"20.411122,104.909187",36,M,2022-09-02,under_review,0.46,0,0,0,auto_approved,0.2011,2022
87d5f3e0-379c-4680-ba22-9d8347f5f512,U001258,2022-12-30 13:16:23,13:16:23,262431.75,bill_payment,M00110,VND,success,mobile,D001640,71.105.70.156,mobile_wallet,Bangkok,"20.091918,105.952497",46,F,2021-02-07,active,0.47,0,0,0,auto_approved,0.1584,2022
3330ebfa-4381-445a-99ae-b66e191ec726,U000098,2022-08-14 22:10:26,22:10:26,371940.16,transfer,M00467,VND,success,pos,D000799,135.17.16.17,credit_card,Hanoi,"12.312295,103.506821",35,M,2021-08-01,active,0.83,0,0,0,auto_approved,0.2353,2022
835aa443-5ded-4546-9386-af7d9d0371db,U001537,2022-12-08 06:54:48,06:54:48,1677630.74,online_payment,M00276,USD,success,mobile,D000813,180.44.116.23,mobile_wallet,Hanoi,"18.429351,106.062826",59,M,2022-02-15,active,0.92,0,0,0,auto_approved,0.2576,2022
c7675602-2472-4701-93e2-6e07e61a21c2,U001673,2022-04-30 13:19:05,13:19:05,1103774.07,bill_payment,M00119,USD,success,desktop,D002083,142.163.197.250,mobile_wallet,Da Nang,"16.331781,105.89568",46,F,2016-06-11,blocked,0.7,0,0,0,auto_approved,0.0996,2022
a91c1e71-a812-45bd-bacc-ee306a6fc609,U001341,2022-04-14 12:32:03,12:32:03,785007.88,transfer,M00094,VND,success,mobile,D001718,185.121.75.13,credit_card,Da Nang,"17.931595,102.219806",42,M,2019-01-16,active,0.61,0,0,0,auto_approved,0.1869,2022
b1684cc3-8fab-4f55-a67a-79677161ed59,U000772,2022-07-23 08:56:03,08:56:03,184973.39,cash_withdrawal,M00381,USD,success,desktop,D001466,188.243.35.10,mobile_wallet,Bangkok,"17.939725,103.492843",62,M,2021-01-17,active,0.57,0,0,0,auto_approved,0.0459,2022
a0103fb5-6e22-478c-ae91-148f84b590a1,U000201,2022-02-08 03:59:39,03:59:39,1130948.77,purchase,M00469,USD,success,mobile,D001209,165.248.38.27,debit_card,Da Nang,"15.922019,103.100949",46,F,2017-12-29,active,0.74,1,0,0,auto_approved,0.1151,2022
f2849165-6bc4-4794-b142-042ac57495c0,U001282,2022-03-04 01:53:10,01:53:10,267631.28,transfer,M00291,USD,success,desktop,D002218,157.190.130.250,debit_card,Hanoi,"17.4162,108.814953",18,F,2021-05-28,active,0.84,0,1,1,pending_review,0.2216,2022
455166dd-ff79-4c2b-ab76-5e8550333f05,U001059,2022-11-05 22:38:25,22:38:25,1526450.89,purchase,M00376,USD,success,atm,D000428,139.217.102.41,mobile_wallet,Kuala Lumpur,"11.413753,107.013553",18,M,2014-11-11,active,0.62,0,0,0,auto_approved,0.2825,2022
01db2f94-17ef-47b0-9f08-f4b17fee126c,U001028,2022-10-22 06:34:39,06:34:39,322787.44,online_payment,M00170,USD,success,desktop,D000202,66.153.54.69,bank_transfer,Bangkok,"20.822888,105.516743",43,M,2020-04-22,active,0.8,0,0,0,auto_approved,0.1439,2022
c2b7f751-4dc8-4d83-b9de-0f0f875d3202,U001247,2022-03-25 23:35:07,23:35:07,352682.07,online_payment,M00051,VND,success,mobile,D000371,69.18.18.10,debit_card,Bangkok,"9.834965,108.362187",52,M,2016-01-27,active,0.64,0,0,0,auto_approved,0.3083,2022
c9a81877-ed40-4522-a698-111f00cd4e6f,U000478,2022-04-04 05:30:14,05:30:14,604796.57,purchase,M00297,USD,success,pos,D000193,12.201.83.239,debit_card,Singapore,"20.022307,108.840902",70,M,2016-04-28,active,0.91,0,0,0,auto_approved,0.3644,2022
250c322a-6315-43ab-901f-e97d733d1988,U001724,2022-02-22 15:47:56,15:47:56,1517063.21,purchase,M00065,VND,success,pos,D002870,11.9.170.89,mobile_wallet,Hanoi,"13.729062,107.765422",44,F,2019-02-18,active,0.65,0,0,0,auto_approved,0.2515,2022
3cc642b1-79fa-46af-8c8e-e7e12bd72ae7,U001921,2022-03-23 16:23:02,16:23:02,1125196.29,cash_withdrawal,M00209,VND,success,atm,D001180,95.6.22.150,credit_card,Kuala Lumpur,"15.478175,102.246494",22,M,2021-11-04,active,0.72,0,0,0,auto_approved,0.2315,2022
d91df64b-e4be-4a6c-98d8-2a930321ec1c,U001120,2022-03-24 07:28:49,07:28:49,1972356.74,online_payment,M00389,USD,success,mobile,D002394,173.34.219.48,credit_card,Ho Chi Minh City,"10.979048,106.427213",28,F,2014-04-07,active,0.89,0,0,0,auto_approved,0.1158,2022
6fe62bc6-11a5-4253-9f5b-2345e0a27487,U001147,2022-04-09 01:15:34,01:15:34,66334.41,bill_payment,M00001,USD,success,mobile,D000631,22.146.14.23,bank_transfer,Bangkok,"15.757512,103.822679",45,F,2019-10-18,active,0.65,0,0,0,auto_approved,0.1057,2022
5b2e58f6-763e-42e0-9e9b-5fe526145e3e,U000438,2022-07-27 02:41:27,02:41:27,571730.4,purchase,M00474,VND,success,pos,D001701,134.217.211.169,bank_transfer,Kuala Lumpur,"19.015995,106.462007",19,F,2016-05-13,active,0.71,2,1,0,auto_approved,0.3339,2022
9c4590da-01fe-4b86-b981-9dc9ea3f10be,U000527,2022-02-09 06:59:49,06:59:49,382163.21,bill_payment,M00294,USD,success,desktop,D001315,243.242.21.6,debit_card,Ho Chi Minh City,"20.682678,108.6827",55,M,2021-02-10,active,0.97,0,0,0,auto_approved,0.1085,2022
381e82f3-4fda-42bc-ab09-0c4ac683eb9a,U000840,2022-05-04 00:05:36,00:05:36,230435.04,bill_payment,M00111,VND,success,mobile,D001918,121.174.205.19,bank_transfer,Bangkok,"13.000096,106.881671",70,F,2019-05-03,active,0.93,0,0,0,auto_approved,0.0965,2022
d25234e3-b84a-49c4-9f84-ed5b708a772e,U001656,2022-07-03 21:52:02,21:52:02,158336.77,purchase,M00338,USD,success,pos,D000544,37.4.78.38,mobile_wallet,Singapore,"20.407784,106.969564",27,M,2020-08-18,active,0.58,0,0,0,auto_approved,0.0965,2022
aad20f0a-6916-420c-9076-1c3211e70625,U000533,2022-03-05 19:13:14,19:13:14,202265.14,purchase,M00096,VND,success,pos,D000891,61.141.239.63,bank_transfer,Singapore,"18.276164,103.864182",39,M,2015-08-03,active,0.89,0,0,0,auto_approved,0.4105,2022
81d0be81-a999-4d32-923f-8045ad4d4b54,U000015,2022-11-05 08:21:09,08:21:09,747973.69,online_payment,M00051,USD,success,pos,D002882,165.12.90.52,mobile_wallet,Singapore,"18.256329,108.052989",46,F,2018-01-12,active,0.46,0,0,0,auto_approved,0.4094,2022
7486871d-d9bb-4756-bdc5-ce7f12960ad9,U001797,2022-03-20 13:18:22,13:18:22,484271.99,cash_withdrawal,M00365,USD,success,atm,D000184,221.96.110.9,credit_card,Bangkok,"8.4262,102.047972",69,M,2014-11-05,active,0.7,0,0,0,auto_approved,0.1724,2022
19d48203-6d3c-489a-b11e-7bd2838a795d,U001555,2022-04-10 14:14:42,14:14:42,114237.04,bill_payment,M00479,VND,success,atm,D002654,222.38.33.82,bank_transfer,Hanoi,"16.984602,106.130398",60,M,2020-05-05,active,0.8,0,0,0,auto_approved,0.406,2022
599e2c7b-3a20-4526-a2ed-452515e9fea8,U001138,2022-05-06 09:18:30,09:18:30,51858.13,cash_withdrawal,M00286,VND,success,pos,D000516,248.171.89.118,bank_transfer,Bangkok,"10.360214,102.585726",22,F,2018-10-21,active,0.95,1,0,0,auto_approved,0.2571,2022
8a4adef1-d6e1-4434-a601-be521abb7d6c,U001330,2022-07-30 04:08:04,04:08:04,1585840.92,transfer,M00274,VND,success,desktop,D000652,135.196.69.156,debit_card,Da Nang,"11.66552,107.878433",47,M,2018-08-16,active,0.55,0,0,0,auto_approved,0.3574,2022
01bea9c8-f5a1-47b5-9583-1eb7cf174c6c,U000523,2022-11-07 16:29:56,16:29:56,815700.47,bill_payment,M00455,USD,success,desktop,D000536,53.96.220.204,debit_card,Ho Chi Minh City,"18.33919,105.435861",20,F,2020-02-24,blocked,0.89,1,0,0,auto_approved,0.5872,2022
fdbf1b20-17b4-4316-8633-a649f9a6e2a7,U001067,2022-02-14 22:16:03,22:16:03,586227.45,cash_withdrawal,M00299,USD,failed,mobile,D002972,223.20.194.111,debit_card,Ho Chi Minh City,"12.134724,108.799007",33,F,2021-03-07,active,0.85,0,0,0,auto_approved,0.2785,2022
e6c5b35c-becc-4388-ab3a-1ee489cc0960,U000499,2022-12-05 00:30:51,00:30:51,1256887.47,online_payment,M00376,USD,success,atm,D002613,110.184.215.27,bank_transfer,Da Nang,"14.866399,104.018885",24,F,2021-06-09,active,0.45,0,1,1,pending_review,0.5914,2022
c64f4621-6865-4608-bd96-3921b54833f7,U000548,2022-08-10 17:16:53,17:16:53,104433.58,transfer,M00118,VND,success,desktop,D001636,204.132.226.211,mobile_wallet,Ho Chi Minh City,"13.44975,105.441097",18,F,2015-04-28,active,0.45,0,0,0,auto_approved,0.3158,2022
1c3bb972-dbfd-4620-aebf-565b05775c77,U000436,2022-07-26 03:05:25,03:05:25,1298322.93,transfer,M00317,VND,success,atm,D000607,100.14.79.225,credit_card,Ho Chi Minh City,"17.991482,103.662991",42,M,2019-11-12,active,0.71,0,0,0,auto_approved,0.3948,2022
ea62a6ae-60e6-4bf3-9363-88e4f04bfec3,U000270,2022-12-21 01:54:42,01:54:42,229175.1,online_payment,M00403,VND,success,mobile,D000317,253.191.243.93,credit_card,Bangkok,"8.654682,103.529517",31,F,2022-08-01,active,0.77,0,0,0,auto_approved,0.4447,2022
70bcedf2-ce50-471b-ae97-bf4b25b84db2,U000957,2022-05-20 23:51:52,23:51:52,206522.52,cash_withdrawal,M00299,VND,success,pos,D000405,81.100.217.234,debit_card,Da Nang,"8.769358,107.470268",70,F,2019-03-25,active,0.78,1,0,0,auto_approved,0.5987,2022
77c5994a-c2e8-4f1b-93d2-2ee47e83b19e,U001094,2022-08-19 03:47:38,03:47:38,208937.52,cash_withdrawal,M00381,USD,success,atm,D002217,29.21.209.239,bank_transfer,Hanoi,"16.233025,105.838884",39,F,2022-07-01,active,0.76,0,0,0,auto_approved,0.2283,2022
36138259-caec-4433-8a6f-7270dc2351e8,U000547,2022-09-24 04:43:55,04:43:55,221081.39,purchase,M00253,USD,success,pos,D002128,205.115.15.88,bank_transfer,Ho Chi Minh City,"17.868221,103.608854",65,M,2018-07-07,active,0.56,0,1,0,auto_approved,0.3629,2022
da67bc22-d530-43c2-8e9e-6dcdd091892d,U001283,2022-08-31 19:48:19,19:48:19,594261.08,online_payment,M00377,USD,success,atm,D002633,62.52.236.145,debit_card,Da Nang,"14.376902,107.841678",60,F,2017-07-11,active,0.96,0,0,0,auto_approved,0.3669,2022
5a28dc64-1f3c-4fd0-81c9-4357207d7619,U000771,2022-09-09 01:18:42,01:18:42,1599751.03,transfer,M00264,VND,success,atm,D002366,238.56.52.97,bank_transfer,Singapore,"9.28478,105.351577",20,M,2021-06-06,active,0.69,0,0,0,auto_approved,0.352,2022
3528547c-196e-468a-a5e4-c2eefd889c4e,U001427,2022-11-27 05:41:14,05:41:14,5077352.71,cash_withdrawal,M00026,USD,success,mobile,D000601,68.157.184.94,credit_card,Singapore,"17.337933,102.688828",58,M,2017-01-01,active,0.51,0,1,1,pending_review,0.2163,2022
e9f5d5b4-0dd9-49ed-9792-80bc08ba549a,U000282,2022-05-15 16:18:14,16:18:14,107428.66,bill_payment,M00084,USD,success,mobile,D001107,166.148.170.30,bank_transfer,Bangkok,"20.754544,108.67069",55,F,2014-03-08,active,0.65,0,0,0,auto_approved,0.3069,2022
01aef8a0-0611-4fe3-951f-e2dec08e36e4,U001622,2022-04-24 09:46:14,09:46:14,32756.67,transfer,M00358,USD,success,desktop,D000252,157.209.150.193,mobile_wallet,Kuala Lumpur,"15.25067,104.668134",52,F,2017-11-14,active,0.74,0,0,0,auto_approved,0.2614,2022
be160986-ad5a-4ed1-acd3-10c2a4c94cd0,U000298,2022-12-05 05:02:37,05:02:37,761596.81,bill_payment,M00035,USD,success,mobile,D000526,28.160.133.74,credit_card,Bangkok,"8.641916,107.796651",28,F,2020-03-21,active,0.97,0,0,0,auto_approved,0.4218,2022
b69faa72-2b58-42b3-b162-10a0daff4fb0,U000978,2022-11-24 03:46:45,03:46:45,335065.05,online_payment,M00113,USD,success,atm,D000480,102.125.173.70,credit_card,Bangkok,"17.932574,107.93907",51,M,2022-01-18,active,0.68,0,0,0,auto_approved,0.1014,2022
feed35d9-60dc-4a64-82c9-3725a3105771,U001770,2022-01-20 08:49:59,08:49:59,1016160.58,purchase,M00369,USD,success,desktop,D001951,103.124.154.186,bank_transfer,Kuala Lumpur,"10.783517,107.081823",56,M,2017-10-16,active,0.75,1,0,0,auto_approved,0.426,2022
f1d06d45-410b-4bda-8f41-444b4a26e6f6,U001718,2022-09-24 07:09:10,07:09:10,107622.27,cash_withdrawal,M00016,USD,success,pos,D002955,252.245.55.64,debit_card,Da Nang,"12.607747,105.313493",43,F,2022-03-08,active,0.76,0,0,0,auto_approved,0.0754,2022
bfad0740-c599-4400-a045-cebc020b51d7,U001128,2022-04-14 09:10:56,09:10:56,2991489.19,purchase,M00342,USD,success,pos,D001378,2.118.73.165,debit_card,Da Nang,"19.748241,104.222253",55,F,2015-05-17,active,0.81,0,0,0,auto_approved,0.1206,2022
05175d32-552d-487f-bab4-9355f27d8f0f,U001582,2022-03-10 03:54:48,03:54:48,89890.32,bill_payment,M00153,VND,success,mobile,D001498,181.125.155.89,mobile_wallet,Ho Chi Minh City,"9.104665,105.250779",47,F,2016-02-15,active,0.95,0,1,0,auto_approved,0.5055,2022
cf9fec21-2cb1-4148-8448-822b0b07eb2a,U001433,2022-08-15 16:59:31,16:59:31,254106.22,online_payment,M00368,VND,success,mobile,D002960,156.8.44.202,debit_card,Singapore,"14.838111,102.881821",33,M,2020-04-29,active,0.91,0,0,0,auto_approved,0.1628,2022
31c785ab-c7f2-4910-a4df-7d5ad93e2a7c,U000247,2022-01-05 15:19:44,15:19:44,1221991.56,purchase,M00046,USD,success,mobile,D001093,61.33.64.114,mobile_wallet,Hanoi,"11.550562,107.999391",52,M,2021-07-24,active,0.84,0,0,0,auto_approved,0.3441,2022
46c76947-d820-445e-8bbc-fd10343a5309,U000005,2022-08-13 22:55:00,22:55:00,1181169.43,cash_withdrawal,M00096,USD,success,atm,D000408,119.75.111.146,debit_card,Kuala Lumpur,"16.297547,108.809029",70,F,2021-12-18,active,0.47,0,0,0,auto_approved,0.1128,2022
3608a7b5-c184-49fc-b9bc-fa92b1f9dd4d,U000666,2022-06-11 15:38:22,15:38:22,1111761.57,purchase,M00032,VND,success,pos,D001504,173.32.197.51,bank_transfer,Ho Chi Minh City,"16.735852,108.163886",64,M,2021-08-12,under_review,0.66,1,0,0,auto_approved,0.2023,2022
7095b0cc-3f10-4768-89d4-0fe3e171ce53,U000114,2022-07-11 02:47:50,02:47:50,195805.4,online_payment,M00173,VND,success,desktop,D002628,115.128.82.4,credit_card,Singapore,"14.057983,108.463943",67,M,2019-03-14,active,0.95,0,0,0,auto_approved,0.3377,2022
8c22cfcd-673d-498d-b7d0-c4cf52f39935,U001592,2022-01-03 08:34:30,08:34:30,54052.44,online_payment,M00437,VND,success,pos,D002964,153.59.68.43,credit_card,Singapore,"9.952419,106.38837",56,F,2014-08-06,active,0.69,2,1,0,auto_approved,0.593,2022
692992d7-5299-4435-a9e0-4f2841f708e8,U001228,2022-12-17 11:13:19,11:13:19,635394.4,online_payment,M00059,USD,success,mobile,D002199,176.99.232.178,bank_transfer,Kuala Lumpur,"13.526376,108.881477",21,M,2019-12-27,active,0.98,1,0,0,auto_approved,0.3279,2022
29cfa6b4-557a-4f8d-b701-9a12ce773bce,U001264,2022-10-23 15:53:52,15:53:52,461290.54,cash_withdrawal,M00459,VND,success,pos,D001569,87.240.70.156,mobile_wallet,Da Nang,"19.905128,107.585482",47,M,2018-08-06,active,0.63,0,0,0,auto_approved,0.2708,2022
9f373286-5380-49f3-851c-5eda873816ce,U001605,2022-05-18 13:47:55,13:47:55,630189.82,transfer,M00143,VND,success,atm,D001637,34.252.61.40,mobile_wallet,Bangkok,"16.416003,106.806365",24,F,2015-04-16,active,0.93,2,1,0,auto_approved,0.1375,2022
3d103e84-9ad1-41e0-859c-0544917e7e5a,U001505,2022-01-22 21:22:09,21:22:09,233111.44,online_payment,M00283,USD,success,atm,D000704,4.226.0.154,debit_card,Hanoi,"13.338393,106.764946",38,F,2017-06-06,active,0.59,1,0,0,auto_approved,0.2726,2022
58120a0e-1936-4804-bb3f-954c4a586bb6,U000016,2022-12-21 19:02:03,19:02:03,95061.74,bill_payment,M00105,USD,success,atm,D001076,65.135.127.109,mobile_wallet,Singapore,"12.678813,106.082759",23,M,2018-04-16,active,1.0,0,0,0,auto_approved,0.1374,2022
8d3f9bb8-71a1-46a2-af77-4eb6d2011a46,U000567,2022-08-29 16:49:35,16:49:35,13214.1,bill_payment,M00372,VND,success,desktop,D001089,231.19.199.55,credit_card,Bangkok,"19.714671,104.595702",49,F,2018-02-05,active,0.83,0,0,0,auto_approved,0.2564,2022
0b44ae97-6c63-477d-9687-db39f3bd8884,U001680,2022-05-16 15:48:19,15:48:19,708510.47,purchase,M00487,VND,success,mobile,D002025,205.189.215.60,credit_card,Kuala Lumpur,"19.234373,106.309246",63,M,2019-05-17,active,0.58,0,1,0,auto_approved,0.2421,2022
5a373079-48d8-4a97-ac72-ed7550f16e64,U001715,2022-07-24 08:51:52,08:51:52,1454151.74,transfer,M00408,USD,success,desktop,D002509,250.200.107.51,debit_card,Bangkok,"18.022203,104.746183",70,M,2018-01-16,active,0.67,0,1,0,auto_approved,0.6203,2022
576913f7-9123-4692-b57f-2cfe124ef881,U001406,2022-03-08 21:32:35,21:32:35,709811.87,transfer,M00236,USD,success,mobile,D000266,68.73.146.173,credit_card,Bangkok,"10.812588,106.833361",56,F,2020-11-23,active,0.83,0,0,0,auto_approved,0.2047,2022
dd8b6e86-13f0-4f64-b067-40a8adae0f7e,U000514,2022-02-08 14:05:56,14:05:56,209611.27,online_payment,M00383,VND,success,atm,D000479,192.142.201.26,debit_card,Kuala Lumpur,"14.025748,102.864184",44,F,2021-04-04,active,0.81,0,0,0,auto_approved,0.2416,2022
7a0ffe46-7c3e-49b8-b9b2-04048ab21f1e,U000984,2022-08-20 17:25:22,17:25:22,1385833.46,transfer,M00216,VND,success,atm,D002731,150.169.252.88,credit_card,Singapore,"18.913987,106.888795",58,F,2018-10-28,active,0.47,0,0,0,auto_approved,0.347,2022
ea71025e-f6a9-480f-acbc-3c12326bcce8,U001685,2022-07-20 09:51:22,09:51:22,751764.13,purchase,M00239,USD,success,atm,D002913,228.8.183.56,credit_card,Hanoi,"13.738887,108.748742",19,F,2021-10-03,active,0.72,0,0,0,auto_approved,0.1357,2022
fd8bf86f-0f4e-4282-a279-6c46c83e2eb1,U001795,2022-02-28 20:10:18,20:10:18,402571.49,purchase,M00267,VND,success,atm,D001034,170.228.4.234,mobile_wallet,Ho Chi Minh City,"11.734611,104.062413",43,F,2020-11-12,active,0.84,0,0,0,auto_approved,0.1208,2022
2a994b65-fa5c-4a10-ab33-2d419e268879,U001322,2022-02-12 11:04:26,11:04:26,9666.9,transfer,M00006,VND,success,mobile,D000346,124.179.167.157,bank_transfer,Singapore,"14.136803,103.20304",32,F,2014-03-27,active,0.53,0,0,0,auto_approved,0.428,2022
f63c5741-7d57-4782-bebc-030c51b531af,U000936,2022-08-20 11:28:56,11:28:56,1455143.35,online_payment,M00110,USD,success,atm,D001123,241.107.125.85,mobile_wallet,Hanoi,"19.536897,104.87697",38,M,2020-12-21,active,0.64,0,0,0,auto_approved,0.1361,2022
c3d773f0-74a2-46e7-82cc-112bd873a5e7,U000200,2022-04-07 09:33:11,09:33:11,667700.73,transfer,M00240,VND,success,pos,D001655,113.143.251.203,debit_card,Da Nang,"21.747551,104.461458",25,F,2016-05-14,active,0.47,0,0,0,auto_approved,0.1512,2022
00f23c1b-ba87-4398-8441-cded404aa1c5,U000291,2022-11-26 21:44:59,21:44:59,1340175.49,transfer,M00266,USD,success,pos,D002334,189.108.143.117,bank_transfer,Ho Chi Minh City,"18.558931,108.198143",37,M,2014-11-09,active,0.63,0,0,0,auto_approved,0.3335,2022
4159ca74-04c7-4df1-a229-d6b97d24b96f,U000694,2022-06-07 17:41:25,17:41:25,411237.93,cash_withdrawal,M00128,VND,success,atm,D000449,127.223.156.164,mobile_wallet,Da Nang,"17.04733,105.79414",51,M,2019-08-26,active,0.72,0,0,0,auto_approved,0.1153,2022
c2c50f70-9874-41e7-9eb2-57e66cab4f89,U000330,2022-06-29 12:00:01,12:00:01,126832.5,purchase,M00186,USD,success,atm,D002226,39.145.158.176,credit_card,Da Nang,"20.114915,102.016206",41,F,2021-05-15,active,0.68,0,0,0,auto_approved,0.3083,2022
5433247b-d16d-4e64-a247-afd4b4bb6226,U001029,2022-11-08 06:06:17,06:06:17,136226.46,cash_withdrawal,M00073,USD,failed,desktop,D000027,233.11.204.47,mobile_wallet,Ho Chi Minh City,"16.481184,108.796251",33,F,2019-04-06,active,0.69,1,1,0,auto_approved,0.3138,2022
02409985-5083-4720-bfd6-9b4129038c10,U001440,2022-08-14 04:45:46,04:45:46,1329064.31,online_payment,M00390,VND,success,pos,D002238,38.194.244.4,mobile_wallet,Ho Chi Minh City,"18.068032,104.097281",47,M,2019-04-04,active,0.97,0,0,0,auto_approved,0.183,2022
6640f2d5-5c3e-4e6a-a3e6-5090a71630d3,U000360,2022-04-09 02:24:15,02:24:15,1567862.95,online_payment,M00424,USD,success,pos,D001035,32.7.112.57,debit_card,Da Nang,"17.299453,104.974135",59,F,2017-02-13,active,0.47,0,0,0,auto_approved,0.0667,2022
e0851cfd-02b7-40ab-a0c8-2d8bd22ede10,U000149,2022-09-22 02:53:26,02:53:26,814362.7,transfer,M00127,USD,success,desktop,D001919,142.175.195.53,debit_card,Hanoi,"20.616231,104.695762",61,F,2017-03-20,active,0.62,1,0,0,auto_approved,0.33,2022
2de0da0a-26ce-4393-97bf-356568e49c91,U001541,2022-05-18 16:11:49,16:11:49,583824.96,transfer,M00048,VND,success,desktop,D002068,27.140.241.84,mobile_wallet,Ho Chi Minh City,"17.522061,105.896239",30,F,2017-07-19,active,0.88,0,0,0,auto_approved,0.1179,2022
13285662-20c5-40fd-a329-48c5f52b7161,U001845,2022-02-16 18:54:25,18:54:25,81088.73,cash_withdrawal,M00139,USD,success,desktop,D001670,20.85.244.159,bank_transfer,Bangkok,"15.308868,106.385372",56,F,2014-04-09,active,0.78,0,0,0,auto_approved,0.3334,2022
1141dcc1-401f-4411-a79a-89ba652aabd7,U000115,2022-11-29 09:20:22,09:20:22,87416.05,cash_withdrawal,M00389,USD,success,mobile,D000278,194.189.81.88,credit_card,Da Nang,"17.892399,105.891388",67,F,2020-12-03,active,0.56,0,0,0,auto_approved,0.0755,2022
ff567af9-cf9a-4236-8558-96ed53b2ccdb,U001944,2022-09-02 19:43:28,19:43:28,1225033.58,cash_withdrawal,M00078,USD,success,mobile,D002959,73.51.37.108,credit_card,Bangkok,"15.358618,108.863912",53,F,2015-12-15,active,0.95,0,0,0,auto_approved,0.0809,2022
8477e6b6-1e14-4b42-a3a9-fe8fdf24d0b5,U000711,2022-05-24 06:03:15,06:03:15,674421.24,cash_withdrawal,M00417,VND,success,mobile,D002090,237.244.116.19,debit_card,Hanoi,"12.149655,107.189692",64,F,2021-05-10,active,0.6,1,0,0,auto_approved,0.4205,2022
143d32e1-3069-48e0-8754-36b60d710750,U001488,2022-01-09 19:24:31,19:24:31,367783.55,online_payment,M00190,VND,success,atm,D000782,54.176.106.176,mobile_wallet,Da Nang,"13.423567,108.117995",40,F,2017-05-27,active,0.51,0,0,0,auto_approved,0.2484,2022
e508631f-46d3-4f68-b573-5eac969a9dac,U000250,2022-10-08 08:31:55,08:31:55,9519.83,purchase,M00262,USD,success,atm,D001712,46.157.125.149,mobile_wallet,Kuala Lumpur,"10.467166,106.691193",33,M,2019-11-02,active,0.75,0,0,0,auto_approved,0.4201,2022
89ea16f6-8e10-46a0-a7ef-41864f220955,U000022,2022-03-30 07:33:11,07:33:11,298296.75,purchase,M00313,USD,success,pos,D001569,55.33.252.47,bank_transfer,Bangkok,"21.226931,102.073931",21,M,2019-02-24,active,0.72,0,0,0,auto_approved,0.3548,2022
6c295137-1c98-46f3-95c9-bbc9f046bf93,U001171,2022-06-01 19:32:08,19:32:08,148346.85,transfer,M00070,VND,success,atm,D000877,161.66.174.201,bank_transfer,Ho Chi Minh City,"18.550441,108.708452",51,M,2020-01-12,active,0.78,0,0,0,auto_approved,0.4165,2022
88919f9b-4910-4f7c-8f92-75b22e672662,U001379,2022-02-03 07:14:48,07:14:48,1698294.15,purchase,M00216,USD,success,desktop,D002238,85.32.90.245,debit_card,Bangkok,"17.61919,103.697232",31,F,2019-12-18,active,0.54,0,0,0,auto_approved,0.2013,2022
d7a1c415-3450-44c6-b53e-4f1cb8d73c01,U000457,2022-10-29 15:31:28,15:31:28,2534881.91,transfer,M00160,VND,success,mobile,D002195,170.255.29.17,credit_card,Kuala Lumpur,"11.640042,108.726471",34,M,2015-08-27,active,0.52,0,0,0,auto_approved,0.3058,2022
55cf4fb1-67b5-4b69-ace4-73fd1686384e,U000301,2022-07-25 00:35:38,00:35:38,540033.27,purchase,M00178,VND,success,mobile,D002146,76.200.93.45,credit_card,Ho Chi Minh City,"14.344738,106.711644",45,F,2018-09-23,active,0.48,0,0,0,auto_approved,0.2793,2022
f8066e85-fee4-4a00-8fe6-18e92d71ae0a,U001321,2022-05-02 04:27:42,04:27:42,178263.55,online_payment,M00443,USD,success,desktop,D002165,159.24.228.50,debit_card,Bangkok,"18.552246,107.066101",53,M,2018-04-30,active,0.52,0,0,0,auto_approved,0.0661,2022
c8b203f9-a8b3-48fd-91bf-ceae5ae73cb8,U000415,2022-05-08 15:50:16,15:50:16,137728.02,cash_withdrawal,M00367,VND,success,pos,D002290,20.236.150.54,mobile_wallet,Da Nang,"12.523452,108.741773",25,F,2022-03-21,active,0.64,0,0,0,auto_approved,0.2387,2022
12d24689-9d4a-42be-8347-d52b4291880f,U000641,2022-03-02 07:14:11,07:14:11,632762.55,purchase,M00327,VND,failed,pos,D001614,69.55.203.173,bank_transfer,Ho Chi Minh City,"12.377363,107.894663",29,F,2020-07-16,active,0.49,0,0,0,auto_approved,0.3663,2022
6b0c91be-eaf9-43d1-959e-e1727d542af4,U001977,2022-08-24 03:59:49,03:59:49,382024.58,cash_withdrawal,M00415,USD,success,atm,D002219,10.227.204.244,mobile_wallet,Da Nang,"15.13552,107.805069",25,F,2016-12-25,active,0.82,1,0,0,auto_approved,0.3625,2022
dc5c5894-37f5-4dc9-b348-c5592c0a99ae,U000797,2022-08-09 03:51:04,03:51:04,698276.64,bill_payment,M00231,USD,success,atm,D000133,130.129.111.102,credit_card,Ho Chi Minh City,"14.016718,106.473476",62,M,2022-07-04,active,0.61,0,0,0,auto_approved,0.4257,2022
f2c81f79-c526-4bc3-914c-0a59f4740069,U000962,2022-12-02 14:16:21,14:16:21,1218279.45,bill_payment,M00052,VND,success,mobile,D000626,169.178.100.65,mobile_wallet,Ho Chi Minh City,"15.878843,106.286359",45,M,2017-04-15,active,0.67,0,0,0,auto_approved,0.2894,2022
d283c9d9-9352-439a-81d5-4cf874cac3e4,U000525,2022-12-29 04:22:28,04:22:28,333774.99,bill_payment,M00066,VND,success,mobile,D002982,116.197.78.46,credit_card,Da Nang,"19.884392,108.17806",40,F,2016-07-05,active,0.8,0,0,0,auto_approved,0.4114,2022
35c784aa-7260-445b-86ba-daa942cda50c,U001459,2022-01-01 03:57:59,03:57:59,369674.86,purchase,M00098,USD,success,atm,D001533,14.111.11.159,bank_transfer,Bangkok,"9.726893,106.696545",20,F,2014-11-13,active,0.56,0,1,0,auto_approved,0.6355,2022
5bf81bc6-1a36-4d50-8427-88303b40492c,U001425,2022-04-02 19:08:28,19:08:28,1199712.8,transfer,M00393,VND,pending,desktop,D000141,159.155.239.108,credit_card,Bangkok,"16.181805,103.253346",27,F,2021-12-10,active,0.85,0,0,0,auto_approved,0.0447,2022
06e947d6-c287-4bd4-af90-bed92a638960,U000892,2022-11-16 21:14:43,21:14:43,591164.59,transfer,M00094,USD,success,pos,D000819,237.146.59.71,mobile_wallet,Da Nang,"17.236851,108.752138",23,M,2016-04-09,active,0.47,1,0,0,auto_approved,0.2784,2022
2b0535f7-5171-4dac-9a4f-ef02d9ab5a2a,U000141,2022-01-28 13:11:41,13:11:41,101848.92,bill_payment,M00314,VND,pending,pos,D002971,182.83.133.114,debit_card,Hanoi,"18.804959,107.021541",44,M,2014-12-26,active,0.63,0,0,0,auto_approved,0.153,2022
24b9276d-5a67-472e-88b7-9545684c3b46,U000061,2022-01-03 01:52:11,01:52:11,531846.92,online_payment,M00228,VND,success,pos,D001381,255.182.125.186,credit_card,Da Nang,"17.246173,106.145625",39,F,2015-01-11,active,0.92,0,0,0,auto_approved,0.1381,2022
52fe49b1-6f9a-496b-a9a4-ba028a4ff148,U000312,2022-10-10 04:20:23,04:20:23,862663.19,bill_payment,M00294,VND,success,pos,D000175,71.27.236.62,bank_transfer,Singapore,"13.237543,107.708565",70,F,2018-05-16,active,0.62,2,1,0,auto_approved,0.2048,2022
142175a6-fb69-499b-a6d0-96a082623642,U001581,2022-09-08 18:39:12,18:39:12,110919.74,cash_withdrawal,M00239,VND,success,mobile,D002390,53.150.56.142,mobile_wallet,Bangkok,"18.272103,107.445242",70,F,2015-02-25,active,0.85,0,0,0,auto_approved,0.3111,2022
d3c52ed7-bc2c-48f7-81b8-f7812963e284,U000426,2022-07-03 11:46:23,11:46:23,707846.17,cash_withdrawal,M00369,VND,success,desktop,D000905,170.83.209.94,bank_transfer,Ho Chi Minh City,"15.102852,107.104009",25,F,2018-10-25,active,0.55,0,0,0,auto_approved,0.3694,2022
487af9d0-62d6-4ee1-bc46-8f1bfa25d646,U000179,2022-12-20 18:51:15,18:51:15,684873.92,purchase,M00328,VND,success,desktop,D000017,95.255.82.108,bank_transfer,Ho Chi Minh City,"16.838614,108.426129",37,F,2019-05-15,active,0.76,0,0,0,auto_approved,0.3706,2022
91c3353f-ffb9-414b-9889-e4d1f12a97b4,U001117,2022-02-07 09:43:42,09:43:42,1503510.03,purchase,M00487,USD,success,atm,D002711,206.150.0.149,bank_transfer,Singapore,"20.401561,105.212952",64,M,2020-06-20,active,0.52,0,0,0,auto_approved,0.2496,2022
c3c26958-9b2f-44e7-acf1-cfeda9ba52b0,U001262,2022-01-21 22:14:21,22:14:21,2443973.48,purchase,M00208,VND,success,mobile,D000835,106.115.120.66,bank_transfer,Bangkok,"18.459703,104.738366",44,F,2020-06-30,active,0.62,0,0,0,auto_approved,0.2631,2022
88577d5b-739c-4c7e-82a9-1cbb6b415a8c,U000650,2022-05-28 09:26:05,09:26:05,36803.1,purchase,M00199,USD,success,pos,D002307,138.151.15.108,credit_card,Singapore,"12.275073,108.913735",43,F,2014-07-09,active,0.79,0,0,0,auto_approved,0.2484,2022
d1b595f7-5e23-4641-8240-db9c95aad4f3,U001304,2022-10-24 08:29:54,08:29:54,55832.78,online_payment,M00408,USD,success,desktop,D000038,28.123.123.163,mobile_wallet,Singapore,"13.328961,104.423431",41,M,2022-04-04,active,0.46,0,1,0,auto_approved,0.6772,2022
7eda87cf-d128-4173-b699-3e3cbb76996d,U000294,2022-02-20 12:07:35,12:07:35,3292.18,transfer,M00169,VND,success,mobile,D002395,67.93.186.97,mobile_wallet,Hanoi,"8.531084,108.951215",42,F,2016-04-06,active,0.89,0,1,1,pending_review,0.4856,2022
36a931a1-7c6f-4e55-9c7b-82cba6538847,U001758,2022-09-07 16:53:52,16:53:52,1141917.56,cash_withdrawal,M00197,VND,success,desktop,D000868,24.196.77.35,debit_card,Hanoi,"14.500584,106.797542",66,F,2017-09-15,active,0.58,0,1,0,auto_approved,0.2998,2022
1470b730-2a0c-49c8-b5be-491963d1bcad,U000785,2022-03-15 00:49:40,00:49:40,112838.9,bill_payment,M00092,VND,failed,atm,D002730,167.114.186.70,bank_transfer,Kuala Lumpur,"13.323917,108.447156",52,F,2021-03-04,active,0.94,0,0,0,auto_approved,0.271,2022
bf82b1a0-7eec-4816-ab44-7b0a16897302,U001120,2022-07-10 05:23:16,05:23:16,186916.97,transfer,M00084,VND,success,atm,D002952,48.252.24.128,mobile_wallet,Singapore,"14.861769,102.930127",35,F,2014-07-28,active,0.84,1,0,0,auto_approved,0.3463,2022
22c43509-d88d-4968-b300-f71097933405,U000231,2022-01-28 12:00:54,12:00:54,579625.62,transfer,M00420,USD,success,mobile,D002863,107.223.8.158,bank_transfer,Singapore,"9.185677,108.886291",36,F,2014-07-11,active,0.93,0,0,0,auto_approved,0.027,2022
0e7d6e3e-9fbc-4efb-83cb-c6b6cc56cafa,U000610,2022-09-17 11:10:43,11:10:43,309309.67,transfer,M00151,USD,success,desktop,D002153,204.9.182.241,mobile_wallet,Da Nang,"15.922495,102.381377",50,M,2018-08-02,active,0.81,0,0,0,auto_approved,0.0626,2022
11dac386-17f5-45ae-bac8-851a1bda714b,U001668,2022-07-15 12:25:09,12:25:09,90730.18,cash_withdrawal,M00126,VND,success,atm,D002623,137.65.91.110,mobile_wallet,Hanoi,"11.934163,103.493131",66,M,2021-11-24,active,0.94,0,0,0,auto_approved,0.3617,2022
9e2b1042-7a81-4f10-a420-cb3f707d76a9,U000744,2022-04-11 11:42:00,11:42:00,638454.57,cash_withdrawal,M00229,VND,success,mobile,D002459,19.207.127.225,debit_card,Bangkok,"17.888515,107.354445",36,F,2017-02-05,active,0.96,0,0,0,auto_approved,0.4467,2022
d4f518b6-be87-4e93-acb6-8e2f1863e7e1,U000552,2022-11-03 05:55:58,05:55:58,165441.61,bill_payment,M00170,USD,success,desktop,D000766,233.187.117.103,bank_transfer,Kuala Lumpur,"8.972369,103.525496",24,M,2021-05-16,active,0.56,1,0,0,auto_approved,0.592,2022
8225f3ce-83b5-41fd-8ec4-d9c50acc172d,U001895,2022-06-01 09:40:03,09:40:03,209732.58,cash_withdrawal,M00211,VND,success,pos,D001939,198.83.81.76,credit_card,Hanoi,"17.951416,102.847937",32,F,2019-12-03,under_review,1.0,0,0,0,auto_approved,0.4256,2022
194486b9-7e1b-495b-8b03-a7674fb7bdda,U000714,2022-12-30 01:38:47,01:38:47,136101.41,online_payment,M00196,USD,success,desktop,D000870,164.145.139.82,debit_card,Bangkok,"11.262257,108.675468",60,M,2015-03-19,active,0.92,0,0,0,auto_approved,0.3252,2022
cacf1c7f-910a-488f-9a9d-d1b0ef1d5986,U001476,2022-09-06 03:23:26,03:23:26,1839454.1,purchase,M00105,USD,success,atm,D000449,14.40.99.131,mobile_wallet,Da Nang,"17.782213,103.105054",54,M,2014-11-19,active,0.59,0,0,0,auto_approved,0.2196,2022
f70c8fd4-f3a0-40b7-81eb-0826cec802f9,U000070,2022-01-09 23:49:24,23:49:24,221507.36,cash_withdrawal,M00484,USD,success,atm,D000259,134.22.169.153,credit_card,Bangkok,"14.272117,105.972387",28,M,2014-09-14,active,0.7,0,0,0,auto_approved,0.2095,2022
c163fdd6-1654-428e-a034-e2d9dbfcd816,U000003,2022-02-16 23:59:10,23:59:10,566242.4,bill_payment,M00311,USD,success,desktop,D001299,229.95.84.137,mobile_wallet,Ho Chi Minh City,"10.939273,106.46791",69,F,2020-10-25,active,0.67,0,0,0,auto_approved,0.2964,2022
818c84a1-8e92-4043-8cb0-c853fe14a35c,U001759,2022-12-06 13:01:01,13:01:01,5026.0,purchase,M00106,USD,failed,mobile,D002146,169.109.247.182,bank_transfer,Bangkok,"14.364916,104.421548",35,M,2015-09-29,active,0.78,0,0,0,auto_approved,0.0942,2022
2b1320d9-4cbc-4a86-93e7-3725fb41e0a8,U001458,2022-04-29 02:06:52,02:06:52,37058.87,online_payment,M00152,USD,success,mobile,D001140,97.185.8.84,debit_card,Kuala Lumpur,"12.741523,107.169771",69,F,2021-08-17,active,0.76,0,0,0,auto_approved,0.2146,2022
fe2c0330-8cb1-4871-83d7-87b1f7d07b32,U001315,2022-03-21 16:09:58,16:09:58,692005.13,online_payment,M00265,USD,success,desktop,D001139,84.61.46.80,mobile_wallet,Hanoi,"8.155751,103.757502",27,M,2018-11-22,active,0.84,0,0,0,auto_approved,0.0478,2022
5dad1751-b620-457b-98d1-1e129d2246cf,U000634,2022-10-11 01:09:47,01:09:47,1288902.7,bill_payment,M00205,VND,success,atm,D002151,223.47.235.5,mobile_wallet,Da Nang,"16.63506,103.112613",60,M,2018-11-03,under_review,0.82,0,1,0,auto_approved,0.5697,2022
4d18ccbb-4cc5-4dcb-a3ed-64b8b9fba321,U001606,2022-10-10 07:42:08,07:42:08,353298.14,online_payment,M00188,VND,success,desktop,D002771,251.29.146.128,debit_card,Singapore,"14.627064,106.67829",69,F,2022-03-07,active,0.93,0,0,0,auto_approved,0.2069,2022
00995e96-37ff-4d6a-8cb9-87a2f0c03c67,U000380,2022-06-16 00:47:56,00:47:56,45440.59,cash_withdrawal,M00490,VND,success,desktop,D002572,250.154.46.99,mobile_wallet,Bangkok,"19.537195,105.44182",36,F,2016-08-15,active,0.63,0,0,0,auto_approved,0.2186,2022
31f397b4-05a6-4466-bcdf-bbd4a44b8258,U000025,2022-12-28 00:29:39,00:29:39,645965.62,cash_withdrawal,M00120,USD,success,desktop,D001611,96.232.25.179,mobile_wallet,Bangkok,"19.946871,106.607848",21,M,2022-11-13,active,0.95,0,0,0,auto_approved,0.1518,2022
9f3e140d-f5f6-4215-b1cd-dcfba32b9d94,U001711,2022-11-26 21:46:23,21:46:23,513021.03,transfer,M00446,VND,success,pos,D000423,246.31.36.148,mobile_wallet,Ho Chi Minh City,"14.025161,105.59111",21,F,2017-11-02,active,0.47,0,0,0,auto_approved,0.0532,2022
20f6ae9f-c7cb-4bd4-ac89-babb7433d494,U000768,2022-09-08 06:46:35,06:46:35,854023.37,bill_payment,M00166,USD,success,pos,D002897,129.13.37.212,credit_card,Ho Chi Minh City,"17.959362,104.341642",67,F,2019-12-04,active,0.86,0,0,0,auto_approved,0.1947,2022
d424a4bc-4b76-4b34-b777-ad4a9db7bcc9,U000833,2022-02-21 17:14:37,17:14:37,160771.21,transfer,M00470,USD,success,pos,D001215,59.199.192.181,credit_card,Hanoi,"19.407703,108.111192",45,M,2017-11-13,active,0.85,0,0,0,auto_approved,0.1153,2022
81caa563-41be-44f5-8b1b-9d5f0a7aed64,U001845,2022-12-08 14:09:07,14:09:07,179317.45,purchase,M00141,VND,failed,mobile,D000025,115.148.77.125,mobile_wallet,Da Nang,"9.507761,106.387737",25,M,2019-03-25,active,0.65,0,0,0,auto_approved,0.0934,2022
8b84dfb4-f7a4-4494-97bc-107989027150,U001930,2022-11-02 08:43:27,08:43:27,228079.22,purchase,M00108,VND,success,pos,D001722,23.10.40.22,mobile_wallet,Hanoi,"15.528687,105.987843",28,F,2021-09-08,active,0.77,0,0,0,auto_approved,0.1657,2022
a2e0a2d8-8371-403a-8d8a-45648012dd15,U000364,2022-11-21 15:16:41,15:16:41,921482.56,bill_payment,M00427,VND,success,pos,D000935,203.200.232.126,credit_card,Da Nang,"20.155657,108.517756",44,M,2016-11-18,active,0.47,1,0,0,auto_approved,0.4835,2022
42af9454-7445-44ca-a0e7-baec8c7347c0,U000163,2022-09-12 05:14:33,05:14:33,82869.16,purchase,M00356,VND,success,mobile,D002390,17.131.48.164,bank_transfer,Kuala Lumpur,"19.960119,105.002947",42,F,2018-02-28,under_review,0.99,1,0,0,auto_approved,0.2316,2022
6f0725ee-ffa2-4356-bb8b-d07eb2272a66,U001530,2022-07-31 08:16:31,08:16:31,465853.82,bill_payment,M00233,USD,pending,pos,D002419,34.186.238.101,bank_transfer,Ho Chi Minh City,"13.438842,104.359645",43,F,2017-03-25,active,0.78,1,1,0,auto_approved,0.5477,2022
d8398e69-2590-4185-a7e8-35edde6b0974,U000800,2022-08-23 16:30:17,16:30:17,449343.24,cash_withdrawal,M00007,USD,success,atm,D000619,193.3.36.57,debit_card,Singapore,"15.055729,106.50828",23,M,2016-12-15,active,0.9,0,0,0,auto_approved,0.3825,2022
e4c497a4-e493-4a06-ae1d-2e6fb09c3342,U000555,2022-06-25 12:56:06,12:56:06,79001.27,bill_payment,M00128,VND,success,desktop,D001913,242.26.220.241,debit_card,Bangkok,"16.89253,104.223303",50,F,2016-08-04,active,0.79,0,0,0,auto_approved,0.2413,2022
b80e4779-54ef-452f-9f2b-b45a3ce84605,U000981,2022-09-27 13:14:14,13:14:14,1451823.11,transfer,M00250,USD,success,pos,D000047,28.31.141.245,debit_card,Ho Chi Minh City,"18.34462,103.742707",68,M,2015-05-08,active,0.78,0,0,0,auto_approved,0.1428,2022
721bca16-6a9c-4a39-a502-9d8578bb1047,U001858,2022-05-07 19:54:00,19:54:00,841901.8,cash_withdrawal,M00180,VND,success,pos,D001464,249.248.249.64,credit_card,Hanoi,"17.532806,103.76249",66,M,2019-07-07,active,0.8,0,0,0,auto_approved,0.1418,2022
9e1cbc2b-aeb9-4e89-86b6-e6e74ffb9197,U001427,2022-04-12 13:06:48,13:06:48,184968.49,bill_payment,M00295,USD,success,mobile,D000388,162.35.141.116,debit_card,Hanoi,"16.400926,104.943724",25,M,2021-12-24,active,0.89,0,0,0,auto_approved,0.1938,2022
6948710c-18ad-4367-83cb-f0cb56ae2509,U001639,2022-03-27 14:07:34,14:07:34,1073082.0,online_payment,M00387,USD,success,mobile,D002667,18.123.144.52,debit_card,Singapore,"11.95541,104.453285",45,F,2019-03-07,active,0.79,0,0,0,auto_approved,0.3711,2022
3bd7df0e-cc42-4d11-8767-0e1655491305,U000075,2022-07-14 09:48:13,09:48:13,834782.81,purchase,M00070,USD,success,mobile,D001147,82.139.88.73,debit_card,Da Nang,"16.999722,105.059946",42,F,2016-05-21,active,0.96,0,0,0,auto_approved,0.1508,2022
758c396a-5f09-42b3-a8a3-bbe07fbc7d93,U001316,2022-12-14 06:05:05,06:05:05,1181322.08,cash_withdrawal,M00490,VND,success,atm,D001066,240.128.150.253,credit_card,Kuala Lumpur,"8.998133,104.781005",38,M,2015-03-06,active,0.6,0,0,0,auto_approved,0.3513,2022
57e39375-c436-4301-8a6a-008dcf01e7b3,U001241,2022-06-03 05:31:53,05:31:53,1217600.05,online_payment,M00365,VND,failed,pos,D002417,139.68.96.29,bank_transfer,Bangkok,"19.842498,108.059409",23,M,2020-08-28,active,0.7,1,0,0,auto_approved,0.2765,2022
416f951e-4b35-40a2-8ac9-fd75b74a7170,U000305,2022-10-29 21:43:29,21:43:29,1172452.02,online_payment,M00107,USD,success,mobile,D002229,153.46.247.67,debit_card,Kuala Lumpur,"13.740273,108.386487",42,F,2016-08-17,active,0.89,0,0,0,auto_approved,0.0237,2022
8746d014-f235-47b0-819c-e5227092b949,U000616,2022-09-04 01:06:38,01:06:38,1055109.31,cash_withdrawal,M00304,USD,success,desktop,D002717,211.12.240.184,credit_card,Kuala Lumpur,"16.707491,106.482727",69,F,2021-03-13,active,0.92,1,0,0,auto_approved,0.4761,2022
6415edaa-9fbe-486a-83ac-fcf8c01368f8,U001100,2022-06-23 09:35:49,09:35:49,500996.19,transfer,M00094,USD,success,atm,D001365,186.67.173.112,credit_card,Kuala Lumpur,"17.865801,107.683182",61,F,2018-12-19,active,0.71,0,0,0,auto_approved,0.3211,2022
eed0d4b9-e9b6-47f9-b719-91980b28282d,U001796,2022-08-05 19:46:38,19:46:38,649514.34,purchase,M00158,USD,success,pos,D001503,66.118.52.20,debit_card,Da Nang,"17.444196,108.665733",44,F,2021-12-26,active,0.51,1,0,0,auto_approved,0.1518,2022
7d9ac19a-a1ff-4227-8088-8de0e247b449,U001156,2022-09-27 08:08:58,08:08:58,225989.2,transfer,M00287,VND,success,atm,D002274,9.60.104.136,credit_card,Da Nang,"14.299008,103.737063",57,M,2018-06-16,active,0.88,0,0,0,auto_approved,0.3577,2022
bd5f1912-c141-4b9a-936e-1740ec10f6bd,U000721,2022-03-26 03:23:31,03:23:31,17582.41,transfer,M00193,USD,pending,mobile,D000639,82.23.141.214,debit_card,Ho Chi Minh City,"10.516447,105.954619",25,M,2019-06-02,active,0.77,0,0,0,auto_approved,0.2136,2022
ddfa95ed-2a16-4c5f-a6ae-824f105330f7,U000748,2022-07-09 20:09:47,20:09:47,531079.33,purchase,M00206,USD,failed,atm,D001343,124.190.10.221,bank_transfer,Ho Chi Minh City,"17.789632,107.792446",57,M,2017-07-01,active,0.69,0,0,0,auto_approved,0.0959,2022
341320a0-de08-4c1c-b60d-73e72e223553,U000168,2022-05-06 15:00:05,15:00:05,348399.0,bill_payment,M00371,USD,success,mobile,D002084,201.100.3.230,mobile_wallet,Hanoi,"13.575912,107.581134",39,F,2020-12-26,active,0.89,0,0,0,auto_approved,0.3875,2022
36e14634-4c15-42a7-9038-9418f283c92d,U000125,2022-09-02 02:27:09,02:27:09,300127.22,online_payment,M00040,USD,success,atm,D002246,141.108.180.20,bank_transfer,Bangkok,"12.126349,105.658708",54,M,2015-04-28,active,0.53,2,1,0,auto_approved,0.1737,2022
c9ad3293-5203-43ed-88c0-60713eed9cd1,U001987,2022-02-04 20:52:14,20:52:14,340529.99,bill_payment,M00103,VND,success,atm,D000273,165.251.38.183,mobile_wallet,Bangkok,"15.938677,103.744998",27,M,2021-06-07,active,0.46,0,0,0,auto_approved,0.2098,2022
bfd7b829-3b67-4cc6-9532-b5738f6f43a2,U000158,2022-07-09 00:09:48,00:09:48,1138639.6,online_payment,M00288,VND,success,pos,D000416,178.179.77.254,mobile_wallet,Da Nang,"11.319314,106.218458",59,M,2017-07-16,blocked,0.92,0,0,0,auto_approved,0.4228,2022
60dc5b8a-faa3-4ae5-a943-afd28a6ac97f,U001579,2022-08-27 20:37:01,20:37:01,1444846.76,cash_withdrawal,M00127,VND,success,atm,D002256,9.228.150.68,credit_card,Ho Chi Minh City,"17.700886,106.337204",40,F,2018-03-21,active,0.75,0,0,0,auto_approved,0.364,2022
e06d6dd6-e6f9-4aa9-a715-313d39ee0c3b,U000816,2022-01-27 08:00:14,08:00:14,430950.23,cash_withdrawal,M00168,VND,success,mobile,D002433,14.100.54.113,mobile_wallet,Bangkok,"20.419193,107.088671",58,F,2015-10-04,active,0.82,0,0,0,auto_approved,0.4152,2022
8caa320c-fb43-4d57-8e41-fd84e668bd31,U001302,2022-08-03 01:10:29,01:10:29,227643.84,online_payment,M00301,USD,success,atm,D002720,205.107.167.210,bank_transfer,Kuala Lumpur,"14.654448,107.052264",69,M,2018-02-21,active,0.49,0,0,0,auto_approved,0.2263,2022
4ba02f73-de7b-404e-95d7-caff111ffa96,U001821,2022-06-15 22:09:32,22:09:32,1743298.17,online_payment,M00128,VND,success,mobile,D001826,166.81.143.61,mobile_wallet,Kuala Lumpur,"14.864786,102.033426",66,F,2022-04-08,under_review,0.53,0,0,0,auto_approved,0.295,2022
788ab8a3-5370-44fa-8788-a760f383bced,U001946,2022-12-28 02:14:38,02:14:38,171489.03,online_payment,M00123,USD,success,pos,D000146,196.165.115.154,bank_transfer,Da Nang,"16.827163,106.469476",25,F,2019-04-26,active,0.98,0,0,0,auto_approved,0.3362,2022
845012c6-6972-43dc-9c99-1cd7678a2967,U001812,2022-06-30 19:40:59,19:40:59,725598.19,bill_payment,M00105,USD,success,desktop,D001684,12.193.38.204,bank_transfer,Kuala Lumpur,"17.931909,107.669737",65,F,2020-12-16,active,0.64,0,0,0,auto_approved,0.2816,2022
4bd43332-d301-4d05-a9b4-ada407654a53,U000957,2022-11-07 20:27:00,20:27:00,1526586.45,online_payment,M00286,VND,success,mobile,D001591,172.167.15.79,debit_card,Kuala Lumpur,"11.159986,108.500366",21,M,2020-06-19,active,0.55,0,0,0,auto_approved,0.2228,2022
bef9f355-3a95-48f5-8898-a6a03f44e130,U001916,2022-02-26 23:43:44,23:43:44,916043.74,transfer,M00417,VND,success,atm,D002827,64.55.131.226,credit_card,Bangkok,"14.161455,105.737447",44,M,2020-08-13,active,0.72,0,0,0,auto_approved,0.1753,2022
be1a0468-6313-4f45-ba26-69001d395b8e,U001863,2022-08-24 17:08:41,17:08:41,1108433.45,online_payment,M00104,VND,success,pos,D002574,228.213.11.149,credit_card,Ho Chi Minh City,"18.288136,106.123607",40,F,2016-11-21,active,0.94,1,0,0,auto_approved,0.2865,2022
40619c34-16b3-4139-8207-a78f867de68c,U000658,2022-07-24 05:54:20,05:54:20,88540.85,online_payment,M00251,USD,success,atm,D000439,223.185.197.244,bank_transfer,Hanoi,"17.40822,104.159747",46,M,2020-09-14,active,0.51,0,0,0,auto_approved,0.0915,2022
0ce49194-b282-4f03-8bc2-ad739f9da384,U001097,2022-01-19 11:59:12,11:59:12,357003.22,purchase,M00314,USD,success,desktop,D002926,143.157.10.118,credit_card,Singapore,"17.77716,108.177349",32,M,2015-05-19,active,0.46,0,0,0,auto_approved,0.1012,2022
bec23b2f-5dd1-462d-90ef-1e7f307144cf,U000693,2022-01-01 04:17:27,04:17:27,179188.48,cash_withdrawal,M00490,VND,success,atm,D001010,4.235.26.84,mobile_wallet,Bangkok,"10.359726,107.776267",45,F,2021-11-30,under_review,0.53,0,0,0,auto_approved,0.2492,2022
ed600443-ae1f-416a-9e2f-16de95f68810,U001267,2022-08-10 15:00:52,15:00:52,69286.78,transfer,M00324,VND,success,atm,D001497,24.20.44.24,bank_transfer,Bangkok,"11.418657,107.143612",51,F,2014-07-07,active,0.65,0,0,0,auto_approved,0.36,2022
f656ab6b-420b-4e50-a98c-47fdf60b7af9,U000729,2022-03-01 21:29:09,21:29:09,1312062.8,bill_payment,M00423,USD,success,pos,D002272,232.11.95.119,debit_card,Kuala Lumpur,"13.187907,105.362766",37,M,2018-01-24,active,0.99,0,0,0,auto_approved,0.3949,2022
09c99b9e-babe-4bdd-af81-1bd5f745b791,U001353,2022-06-09 22:38:41,22:38:41,52158.18,transfer,M00182,USD,success,desktop,D000990,89.73.221.186,mobile_wallet,Kuala Lumpur,"9.603446,107.870488",57,M,2015-08-27,active,0.7,0,0,0,auto_approved,0.054,2022
07aa40d5-1043-4f23-bafe-8dea6ec5181a,U000747,2022-07-06 10:38:32,10:38:32,878844.3,transfer,M00383,VND,success,desktop,D000033,5.29.189.42,debit_card,Singapore,"20.206003,102.669666",23,F,2022-02-18,active,0.57,0,0,0,auto_approved,0.2694,2022
d62124d1-3b23-4e01-9d48-55b7b324f021,U000079,2022-06-07 06:37:55,06:37:55,23407.79,online_payment,M00330,VND,failed,pos,D002851,174.176.66.172,bank_transfer,Bangkok,"12.079313,104.103411",27,M,2018-01-09,active,0.64,0,0,0,auto_approved,0.382,2022
c3933e15-0c66-41bd-9eb6-6964f8bc6f8c,U001264,2022-10-10 08:34:01,08:34:01,160626.88,transfer,M00205,VND,success,mobile,D001667,73.49.110.3,debit_card,Da Nang,"15.443364,108.474453",27,M,2018-11-17,active,0.52,3,1,0,auto_approved,0.2806,2022
7e096c8b-b218-4abd-91f8-cb62ec855b66,U000937,2022-02-17 23:52:22,23:52:22,693666.52,transfer,M00040,VND,failed,mobile,D002095,56.3.64.110,mobile_wallet,Kuala Lumpur,"16.387765,105.989713",26,M,2014-07-22,under_review,0.77,0,0,0,auto_approved,0.3859,2022
c83aa019-4117-437f-95ba-5564a64a35bf,U001684,2022-03-06 17:17:37,17:17:37,279715.01,bill_payment,M00154,VND,success,mobile,D000404,220.190.37.251,credit_card,Kuala Lumpur,"14.144429,106.138891",69,M,2015-04-29,active,0.52,2,1,0,auto_approved,0.1308,2022
4284f61e-6010-45ad-9b2a-9c15096ca3a4,U001472,2022-08-22 22:37:00,22:37:00,951375.38,bill_payment,M00301,USD,success,desktop,D001730,112.2.250.14,mobile_wallet,Hanoi,"20.057688,108.761774",33,M,2016-08-14,active,0.79,0,0,0,auto_approved,0.3001,2022
2003b7c6-ce74-43ba-beba-d164fafbb43a,U001891,2022-01-06 17:26:16,17:26:16,918941.79,transfer,M00411,USD,success,atm,D002210,44.11.53.238,debit_card,Bangkok,"11.550498,103.046693",41,M,2016-09-30,active,0.89,0,0,0,auto_approved,0.4165,2022
25c80517-23fd-4e14-89d6-df6913d541e2,U000262,2022-03-18 15:53:35,15:53:35,371070.28,purchase,M00047,USD,success,desktop,D000408,12.0.30.165,debit_card,Ho Chi Minh City,"16.351397,103.955053",40,F,2019-04-13,active,0.71,0,0,0,auto_approved,0.3154,2022
61866086-0261-4a96-9400-02687f6f69ce,U001000,2022-06-26 04:09:31,04:09:31,990869.16,transfer,M00006,VND,success,mobile,D001634,50.227.168.140,mobile_wallet,Singapore,"12.342045,107.262726",46,F,2018-12-26,active,0.6,0,0,0,auto_approved,0.1754,2022
db88d108-b9aa-442c-8129-82360554df40,U000987,2022-01-28 21:28:25,21:28:25,71751.09,transfer,M00304,USD,success,pos,D000625,60.27.187.26,mobile_wallet,Ho Chi Minh City,"15.819168,105.258699",36,F,2021-07-30,active,0.56,0,0,0,auto_approved,0.2198,2022
dc5a982d-6c75-4a88-9055-115165d372f1,U001178,2022-01-13 20:12:10,20:12:10,273960.55,purchase,M00465,USD,success,mobile,D001120,228.35.84.92,bank_transfer,Hanoi,"13.498875,108.006885",22,M,2018-10-09,active,0.72,1,0,0,auto_approved,0.4239,2022
a95818cb-47fa-4ce5-8dd3-52a970f186ca,U000295,2022-10-08 20:17:41,20:17:41,44270.02,online_payment,M00058,USD,success,desktop,D000426,200.208.232.135,mobile_wallet,Singapore,"9.190173,103.756144",24,M,2020-06-05,active,0.95,0,0,0,auto_approved,0.327,2022
5c063814-cd0c-4f20-82f4-63e86128a4c4,U001862,2022-07-23 15:46:56,15:46:56,2373935.26,cash_withdrawal,M00241,USD,success,atm,D001642,157.74.208.136,bank_transfer,Da Nang,"13.838414,102.098401",49,F,2021-09-26,active,0.75,0,0,0,auto_approved,0.0911,2022
4cfbd934-98eb-44ac-a024-8fcf328bdab8,U001100,2022-04-09 05:55:58,05:55:58,3287283.72,transfer,M00475,USD,success,atm,D001162,28.45.32.159,bank_transfer,Da Nang,"16.768711,107.145256",63,M,2016-02-29,under_review,0.88,0,1,1,pending_review,0.4299,2022
0635b777-6e38-4e8d-a242-0ee31294f95c,U000869,2022-08-07 19:45:02,19:45:02,589984.51,online_payment,M00473,USD,success,pos,D000449,58.54.218.106,bank_transfer,Kuala Lumpur,"9.108701,105.153838",47,F,2015-07-10,active,1.0,0,0,0,auto_approved,0.358,2022
8cbcc621-15b4-4f6b-82ba-674d1de6b960,U001428,2022-04-27 00:16:28,00:16:28,340195.24,online_payment,M00014,USD,success,atm,D002278,42.34.121.138,debit_card,Singapore,"10.887024,105.782901",21,M,2017-12-30,active,0.63,0,0,0,auto_approved,0.4185,2022
be8a2fbf-e7ae-48b5-8097-25739266c915,U001281,2022-02-06 05:01:02,05:01:02,10727.11,bill_payment,M00149,VND,success,mobile,D002684,44.88.31.66,credit_card,Bangkok,"15.869381,103.12278",42,F,2020-12-28,active,0.67,0,0,0,auto_approved,0.4292,2022
a969e799-e3da-4162-9e78-f85dec359a99,U001999,2022-03-16 00:12:46,00:12:46,1016381.32,bill_payment,M00088,VND,success,atm,D002378,247.100.31.116,debit_card,Hanoi,"14.973512,107.396062",27,M,2021-07-22,active,0.78,0,0,0,auto_approved,0.062,2022
7ea1a4f6-a75e-414b-9fe2-324f25d99613,U001157,2022-11-17 03:27:45,03:27:45,1398128.61,bill_payment,M00127,VND,success,atm,D001782,73.20.7.87,bank_transfer,Ho Chi Minh City,"15.92432,104.771775",68,F,2018-06-08,active,0.95,0,1,0,auto_approved,0.3641,2022
afc8b46a-88d6-4ea6-bb02-d4679e8fc3b3,U000619,2022-06-18 07:45:37,07:45:37,886280.61,purchase,M00189,USD,success,desktop,D000344,100.31.78.13,debit_card,Hanoi,"20.534155,105.781601",29,M,2018-06-26,active,0.49,0,0,0,auto_approved,0.1146,2022
85609311-7936-4d81-887d-d5181ebb4a31,U001019,2022-07-30 00:25:29,00:25:29,1290666.71,online_payment,M00043,VND,success,mobile,D001784,56.71.180.66,credit_card,Singapore,"15.659074,108.242789",18,M,2014-05-24,active,0.76,0,0,0,auto_approved,0.1221,2022
dde9fc43-117e-49dc-977c-42215596e180,U001588,2022-10-05 17:44:58,17:44:58,135563.85,transfer,M00431,USD,success,atm,D000612,12.188.167.85,debit_card,Ho Chi Minh City,"8.837563,107.183135",69,M,2020-05-03,active,0.59,0,0,0,auto_approved,0.1134,2022
426780d6-c796-42ad-8a91-7ed4c3dc60c1,U001613,2022-02-27 01:07:37,01:07:37,3217373.84,purchase,M00236,USD,success,desktop,D000010,183.141.124.173,debit_card,Da Nang,"15.147046,105.758606",54,F,2021-11-20,active,0.8,1,1,0,auto_approved,0.2985,2022
edc4230f-07fc-4045-879c-bf597bf4de31,U000884,2022-05-05 23:22:17,23:22:17,1339318.76,online_payment,M00129,USD,success,desktop,D002741,144.50.179.197,debit_card,Bangkok,"17.670356,105.602084",19,M,2014-09-23,active,0.9,0,0,0,auto_approved,0.2435,2022
db62317b-2b43-4c74-a6b7-29880f5d0e3c,U001211,2022-07-09 13:29:44,13:29:44,224484.76,cash_withdrawal,M00016,USD,success,atm,D000911,246.101.2.153,credit_card,Ho Chi Minh City,"18.766565,102.566453",67,F,2015-08-08,active,0.73,0,0,0,auto_approved,0.1902,2022
beb034de-28f2-43e5-bb65-d079606db1fd,U000502,2022-11-09 02:26:40,02:26:40,471888.99,purchase,M00098,USD,success,pos,D000661,88.154.16.247,debit_card,Hanoi,"10.958466,107.141679",48,M,2021-01-14,active,0.68,0,1,0,auto_approved,0.4326,2022
3387f7ce-868a-4494-aa06-5b203f7e737f,U001235,2022-11-03 19:48:28,19:48:28,667661.15,transfer,M00229,VND,success,mobile,D001601,174.94.240.207,mobile_wallet,Ho Chi Minh City,"8.025779,106.365564",44,F,2022-09-07,active,0.95,0,0,0,auto_approved,0.0944,2022
af24471c-8a92-4ba2-84d9-b9a66ebbec1d,U001306,2022-06-18 11:52:10,11:52:10,453445.67,online_payment,M00040,USD,success,desktop,D002881,189.248.99.66,mobile_wallet,Kuala Lumpur,"19.18737,106.201306",51,F,2020-03-04,active,0.46,0,0,0,auto_approved,0.2629,2022
9cd6529a-c713-4c2a-89cb-fdc4ab578249,U000450,2022-03-04 08:57:03,08:57:03,130564.6,bill_payment,M00092,USD,success,atm,D000282,229.65.134.111,bank_transfer,Da Nang,"16.128888,107.677309",36,F,2014-08-10,active,0.79,1,0,0,auto_approved,0.6196,2022
529926e4-995d-41cd-9482-6782f6009c0e,U000515,2022-12-22 21:22:06,21:22:06,547118.14,bill_payment,M00159,USD,success,desktop,D001003,203.233.94.90,credit_card,Hanoi,"10.965688,104.467458",18,F,2022-10-02,under_review,0.99,0,0,0,auto_approved,0.3802,2022
fb62ee70-3369-45e5-a05a-c599eee5edac,U001179,2022-10-07 16:27:16,16:27:16,283301.59,cash_withdrawal,M00478,VND,success,atm,D001112,181.50.247.182,debit_card,Bangkok,"10.338592,102.660414",39,F,2017-06-28,active,0.5,0,0,0,auto_approved,0.1044,2022
8be98a12-1c68-4fc2-893e-c9de48eaa24c,U001654,2022-10-17 07:43:21,07:43:21,360455.84,online_payment,M00183,VND,success,pos,D001110,1.92.237.120,bank_transfer,Ho Chi Minh City,"19.381789,108.491538",59,F,2018-05-01,active,0.56,0,1,0,auto_approved,0.2368,2022
cfce6d76-5133-4244-991c-20812aa730e3,U000621,2022-04-11 17:58:26,17:58:26,443317.97,bill_payment,M00390,VND,failed,pos,D000252,179.172.244.209,bank_transfer,Hanoi,"20.321238,102.602259",37,M,2020-04-12,active,0.52,0,0,0,auto_approved,0.069,2022
71d3f1b9-0915-4026-8711-41e88edb4c8f,U001059,2022-02-06 11:48:04,11:48:04,318158.4,cash_withdrawal,M00194,USD,success,desktop,D002490,165.233.135.53,mobile_wallet,Singapore,"9.708037,107.094543",66,M,2020-03-31,under_review,0.84,0,0,0,auto_approved,0.4264,2022
bad5f6cd-8aea-47f1-a69d-a5537b0a34b4,U001989,2022-09-03 01:48:44,01:48:44,593881.01,online_payment,M00182,VND,success,atm,D000298,160.190.123.219,mobile_wallet,Singapore,"17.425984,105.613586",26,M,2019-07-13,active,0.98,0,0,0,auto_approved,0.2197,2022
5694f6a9-3bb1-4fec-add7-18f049ddd526,U000766,2022-05-22 16:21:42,16:21:42,344218.83,transfer,M00105,USD,success,atm,D001981,115.1.91.238,mobile_wallet,Hanoi,"18.011634,107.638727",66,F,2021-01-07,under_review,0.48,0,0,0,auto_approved,0.2949,2022
d558f64f-c5c3-4ed6-abc4-3b106622c2ce,U000679,2022-03-16 09:55:21,09:55:21,2181144.02,online_payment,M00287,USD,success,atm,D001020,172.68.160.112,debit_card,Bangkok,"12.224603,103.04262",25,F,2015-09-26,active,0.61,0,0,0,auto_approved,0.2549,2022
2f405576-2307-400c-8d88-633b2fcfd74e,U001358,2022-08-31 22:24:42,22:24:42,1369522.87,online_payment,M00418,VND,success,mobile,D000122,41.49.217.211,credit_card,Hanoi,"18.368245,104.074605",37,M,2018-07-22,active,0.51,0,0,0,auto_approved,0.201,2022
542733d6-ef51-43f7-8d3c-8eebb79951fd,U000521,2022-09-09 10:03:19,10:03:19,204949.17,bill_payment,M00192,USD,success,atm,D001223,75.199.0.175,debit_card,Kuala Lumpur,"12.977314,108.349475",53,F,2020-03-27,active,0.76,0,0,0,auto_approved,0.243,2022
9d76ccbe-824c-4da4-b5b4-80ebcde18e2c,U001524,2022-08-21 05:52:27,05:52:27,694848.99,online_payment,M00128,USD,failed,desktop,D000041,92.55.177.45,debit_card,Ho Chi Minh City,"20.251057,106.130782",26,M,2015-03-05,active,0.78,0,0,0,auto_approved,0.4436,2022
a8aa247c-b480-44eb-b6c6-2266ae0f3ca8,U000461,2022-01-27 14:59:42,14:59:42,58804.67,cash_withdrawal,M00326,USD,success,desktop,D000457,123.125.90.142,debit_card,Da Nang,"10.277668,108.123515",65,M,2021-11-17,active,0.73,0,0,0,auto_approved,0.1424,2022
eafe280a-9956-4562-98f3-f46f38db0a7b,U000804,2022-10-01 09:54:27,09:54:27,531828.35,cash_withdrawal,M00048,VND,success,pos,D000470,170.219.171.197,credit_card,Ho Chi Minh City,"15.87514,103.054312",20,F,2018-12-23,active,0.99,0,0,0,auto_approved,0.2068,2022
fd5ec41c-dc90-45c7-9385-de5d1aa098e4,U001867,2022-10-16 18:14:11,18:14:11,188081.64,purchase,M00009,USD,success,desktop,D002859,204.250.47.7,mobile_wallet,Kuala Lumpur,"18.212054,103.923658",64,M,2021-04-03,active,0.72,0,0,0,auto_approved,0.1558,2022
1165de84-0cbe-4423-b4bb-d095619c084a,U001142,2022-07-02 06:55:32,06:55:32,687854.54,purchase,M00290,VND,success,mobile,D001100,6.109.213.161,mobile_wallet,Kuala Lumpur,"16.646724,103.236091",32,F,2018-11-15,active,0.96,0,0,0,auto_approved,0.173,2022
e1299bb6-8f9a-43fc-a6de-09e1a8882f59,U001588,2022-05-05 03:21:22,03:21:22,73848.44,transfer,M00187,VND,failed,pos,D001141,106.50.119.152,mobile_wallet,Da Nang,"16.350533,103.136888",55,M,2019-12-30,active,0.65,0,0,0,auto_approved,0.3083,2022
59247369-c7fb-41f8-b6d4-babd60fbc0d1,U000836,2022-12-16 00:43:03,00:43:03,351651.68,bill_payment,M00131,VND,success,desktop,D000023,224.77.18.21,mobile_wallet,Bangkok,"17.001076,108.439778",20,F,2017-06-06,active,0.8,0,0,0,auto_approved,0.1591,2022
2209bb62-b248-4bb5-a725-c55539c84cc3,U000883,2022-08-24 02:15:40,02:15:40,613581.6,transfer,M00500,VND,success,pos,D001639,214.185.214.60,debit_card,Ho Chi Minh City,"17.18359,106.440725",26,F,2019-09-07,active,0.57,0,0,0,auto_approved,0.4228,2022
58846c74-a436-4931-bad4-1b5ec6eab27f,U000390,2022-04-21 12:53:44,12:53:44,190666.05,bill_payment,M00213,USD,success,atm,D000463,213.244.211.85,debit_card,Da Nang,"14.853046,102.855623",64,M,2020-05-10,active,0.46,0,1,1,pending_review,0.5193,2022
c5c0ecc7-d7ec-4cbf-a146-b5839d1b45e8,U000036,2022-08-16 02:55:58,02:55:58,475705.02,cash_withdrawal,M00386,VND,success,mobile,D000649,39.81.91.86,debit_card,Singapore,"12.245098,103.287635",56,M,2022-01-23,active,0.49,0,0,0,auto_approved,0.1132,2022
b0d1ae69-7a9f-469b-b775-f4f8ad13624c,U000918,2022-02-14 15:47:35,15:47:35,330792.56,cash_withdrawal,M00187,VND,success,desktop,D002636,99.6.103.72,credit_card,Bangkok,"8.317349,104.359087",70,M,2016-08-15,active,0.77,0,0,0,auto_approved,0.3837,2022
e24269cf-31ce-472e-8be2-1212dd4359c4,U001101,2022-12-28 04:38:47,04:38:47,63604.68,online_payment,M00292,USD,success,mobile,D002139,212.224.171.127,debit_card,Kuala Lumpur,"21.469011,106.907578",57,M,2021-06-22,active,0.68,0,1,0,auto_approved,0.5948,2022
fd36a580-db3d-4bec-b9f2-1044537378ce,U000559,2022-06-20 22:07:27,22:07:27,1340110.97,online_payment,M00242,USD,success,mobile,D001240,3.177.111.46,credit_card,Da Nang,"11.530223,103.360725",70,F,2018-09-07,active,0.66,0,0,0,auto_approved,0.4397,2022
8f1c3107-75a0-44b9-a85d-9771e1725ec7,U000449,2022-09-25 13:58:38,13:58:38,599045.51,bill_payment,M00288,USD,success,pos,D001905,215.169.30.236,bank_transfer,Singapore,"11.183362,105.947325",39,F,2019-01-17,active,0.65,0,0,0,auto_approved,0.4156,2022
13893105-300d-43e8-8005-8f41f453cdd5,U000731,2022-06-06 22:07:57,22:07:57,359463.56,cash_withdrawal,M00262,USD,pending,desktop,D001621,113.129.180.61,debit_card,Singapore,"8.82641,104.229689",48,M,2014-04-22,active,0.78,0,0,0,auto_approved,0.3539,2022
87314593-1008-4dde-99f5-1daecb48debe,U000804,2022-07-06 14:53:31,14:53:31,96389.12,bill_payment,M00039,VND,success,desktop,D001813,120.74.241.130,mobile_wallet,Kuala Lumpur,"10.007967,106.734512",24,M,2021-05-03,active,0.5,0,0,0,auto_approved,0.4398,2022
32ea8706-f032-4f8f-a57f-7166235a75d3,U001472,2022-07-16 01:17:33,01:17:33,407222.28,transfer,M00423,USD,success,atm,D001496,134.172.145.194,bank_transfer,Singapore,"17.617331,106.819273",49,F,2017-07-17,active,0.68,0,0,0,auto_approved,0.0415,2022
7250a907-8a5b-41be-8efb-971ebee13340,U000595,2022-03-07 01:54:25,01:54:25,858270.46,online_payment,M00053,USD,success,mobile,D001399,236.29.168.160,mobile_wallet,Kuala Lumpur,"21.802995,107.251943",59,F,2016-04-23,active,0.46,0,0,0,auto_approved,0.0166,2022
858f48e6-9024-48b6-a475-3f970373e16b,U000445,2022-12-28 08:21:02,08:21:02,2455814.05,online_payment,M00124,VND,success,desktop,D000433,13.174.56.132,bank_transfer,Da Nang,"14.023582,106.528808",27,F,2015-02-11,active,0.76,0,0,0,auto_approved,0.238,2022
6a563e80-bcda-422e-a181-880d8919ecfc,U001005,2022-05-18 20:16:54,20:16:54,220906.33,cash_withdrawal,M00484,USD,success,mobile,D002429,221.236.222.198,bank_transfer,Bangkok,"18.043423,105.887576",42,M,2014-09-30,active,0.57,0,0,0,auto_approved,0.0489,2022
0263c420-a4ca-449d-afe6-cd84fcc09f2b,U000886,2022-06-28 22:45:05,22:45:05,282060.51,bill_payment,M00041,VND,success,pos,D002615,100.75.227.222,bank_transfer,Hanoi,"17.958331,108.539451",38,F,2021-06-19,active,0.92,1,0,0,auto_approved,0.2171,2022
aef1188c-adf1-454f-9976-f09a2f14ab32,U001077,2022-01-17 18:23:39,18:23:39,124132.89,transfer,M00292,USD,success,atm,D001354,140.137.226.213,debit_card,Ho Chi Minh City,"20.035017,102.774434",31,M,2020-07-07,active,0.54,0,0,0,auto_approved,0.0767,2022
ba5c66c1-7c94-413d-9cd8-6acf52da75d6,U000313,2022-08-27 06:08:10,06:08:10,33774.34,purchase,M00360,VND,success,pos,D000974,78.2.122.234,credit_card,Kuala Lumpur,"14.383849,105.310263",49,M,2018-06-09,active,0.61,0,0,0,auto_approved,0.2409,2022
28dd9c16-f93f-4a91-8e4c-b8b67104f96d,U001459,2022-10-21 02:55:26,02:55:26,41880.72,cash_withdrawal,M00285,USD,success,pos,D000672,169.250.253.87,mobile_wallet,Da Nang,"18.704269,103.214054",28,M,2017-09-11,active,0.74,1,0,0,auto_approved,0.429,2022
bca35438-e14c-4bf6-a60a-7911d11b7751,U000358,2022-01-09 20:25:09,20:25:09,1355573.48,online_payment,M00472,USD,success,atm,D001970,6.68.192.173,mobile_wallet,Bangkok,"12.984873,105.77571",49,M,2017-10-13,active,0.67,0,0,0,auto_approved,0.3856,2022
98382af1-a96d-4e69-b138-3b59daa8af8b,U001477,2022-05-25 22:14:26,22:14:26,116926.07,purchase,M00192,USD,success,pos,D000469,8.95.189.84,debit_card,Ho Chi Minh City,"8.50336,106.110975",33,M,2022-01-26,active,0.86,0,0,0,auto_approved,0.2923,2022
25d4543a-e68e-4434-83c3-dba713a36133,U001323,2022-05-15 01:13:23,01:13:23,300613.44,online_payment,M00238,USD,success,pos,D001835,102.233.255.143,mobile_wallet,Singapore,"12.851298,103.320264",50,M,2019-03-18,active,1.0,0,0,0,auto_approved,0.405,2022
7ec8b6d2-4358-434a-a013-04958c6146a6,U001500,2022-10-30 14:16:44,14:16:44,33965.04,purchase,M00457,VND,success,mobile,D002094,79.40.120.135,bank_transfer,Singapore,"17.12584,106.693423",47,F,2020-08-03,active,0.7,0,0,0,auto_approved,0.1776,2022
3b255080-f6c0-47b7-af85-baeac85a1339,U001431,2022-05-11 04:10:45,04:10:45,1030712.95,transfer,M00346,USD,success,desktop,D002867,173.47.150.75,debit_card,Bangkok,"9.654706,102.943182",22,M,2021-09-26,active,0.55,0,0,0,auto_approved,0.1045,2022
2c71b761-b9c6-4c12-8c5a-83debdd57cd4,U000246,2022-02-10 19:51:23,19:51:23,272316.44,bill_payment,M00262,USD,success,pos,D000093,155.11.19.195,debit_card,Bangkok,"10.187575,108.245335",41,M,2021-04-24,active,0.88,2,1,0,auto_approved,0.3078,2022
a23f43f4-305b-47ec-a6b6-e727d5d74d0c,U000881,2022-02-01 03:39:17,03:39:17,320423.36,bill_payment,M00164,USD,success,mobile,D002862,88.179.35.205,credit_card,Ho Chi Minh City,"17.798817,107.893647",32,F,2021-12-30,active,0.75,0,0,0,auto_approved,0.3057,2022
e476d469-e5cc-415a-8184-c6cba3c8c390,U000720,2022-03-06 06:13:06,06:13:06,1262210.13,purchase,M00190,USD,success,pos,D000824,112.30.102.219,mobile_wallet,Kuala Lumpur,"16.009419,104.975677",67,M,2021-09-10,active,0.52,0,0,0,auto_approved,0.3068,2022
fbb6ca51-034d-4d67-88ec-668f8cd62236,U001675,2022-01-27 08:43:48,08:43:48,774916.92,purchase,M00021,VND,success,pos,D000700,23.50.119.206,credit_card,Ho Chi Minh City,"18.54243,106.201908",32,M,2018-03-25,active,0.59,0,1,1,pending_review,0.4953,2022
5bee5597-2cb4-4f5f-97bf-825820c3dbd5,U000058,2022-04-03 11:32:20,11:32:20,155549.08,cash_withdrawal,M00087,VND,success,atm,D001372,83.60.228.56,credit_card,Ho Chi Minh City,"14.291379,108.02925",69,F,2017-12-08,active,0.77,0,0,0,auto_approved,0.2935,2022
86d19f49-e531-4753-9396-52ec7e7fef80,U000544,2022-02-27 14:58:33,14:58:33,155899.4,purchase,M00063,VND,success,pos,D000124,201.85.250.246,debit_card,Bangkok,"21.563695,106.656365",47,F,2015-07-11,active,0.92,0,0,0,auto_approved,0.2589,2022
064eaf3e-963b-4a84-8095-58787cfccf11,U001813,2022-08-08 04:07:32,04:07:32,66172.81,bill_payment,M00356,USD,success,mobile,D001642,84.184.17.27,bank_transfer,Hanoi,"18.748158,106.115027",55,M,2015-04-07,active,0.66,0,0,0,auto_approved,0.3144,2022
b6a8d263-c9b9-4e74-9e51-9361988bd123,U000867,2022-09-22 01:29:37,01:29:37,183223.83,purchase,M00426,USD,failed,atm,D002227,140.56.84.179,credit_card,Hanoi,"12.612993,103.9723",25,M,2021-12-29,active,0.91,0,0,0,auto_approved,0.1663,2022
67ad136f-9496-4bd6-b065-2ed481dce2d5,U001975,2022-04-01 12:56:04,12:56:04,493118.45,bill_payment,M00349,VND,success,mobile,D002011,141.250.28.17,credit_card,Hanoi,"12.180511,104.425743",25,M,2021-06-07,active,0.74,0,0,0,auto_approved,0.4311,2022
fd94fe42-392f-4490-a5eb-159d99cb9b6a,U001295,2022-11-17 23:29:44,23:29:44,28229.13,online_payment,M00121,USD,success,desktop,D002937,207.146.84.207,credit_card,Singapore,"13.751068,103.97288",29,M,2021-06-04,active,0.79,0,0,0,auto_approved,0.2506,2022
f93062d0-fe14-45fb-83ba-2b95c7672287,U000620,2022-09-18 19:56:29,19:56:29,243812.17,purchase,M00427,VND,success,atm,D002840,95.227.118.132,bank_transfer,Singapore,"21.130329,107.703383",64,M,2016-11-05,active,0.74,0,0,0,auto_approved,0.1149,2022
12368749-76ea-4a0b-9ece-c40baf81b23b,U001820,2022-04-13 01:47:53,01:47:53,2462397.44,transfer,M00151,VND,success,mobile,D000105,181.83.73.72,bank_transfer,Singapore,"11.480595,105.035994",48,M,2020-09-26,active,0.51,0,0,0,auto_approved,0.3689,2022
9efc17dd-da56-40d7-be8b-fefaa94b25b7,U001308,2022-11-14 20:35:22,20:35:22,172281.7,purchase,M00450,VND,success,pos,D001226,22.127.202.102,bank_transfer,Singapore,"19.180118,107.933147",41,M,2014-12-03,active,0.9,1,1,0,auto_approved,0.6983,2022
33c45a29-c2a6-4f1e-bb1b-7dfc5f8201e1,U000476,2022-12-15 18:50:21,18:50:21,1633989.4,bill_payment,M00234,USD,success,desktop,D002465,78.192.252.170,bank_transfer,Da Nang,"11.009185,106.676201",53,M,2018-02-07,active,0.57,0,0,0,auto_approved,0.2699,2022
fb36c151-3681-4b2e-8124-621f27143fb0,U000754,2022-09-14 17:54:29,17:54:29,1361548.65,online_payment,M00091,VND,success,pos,D001102,83.136.60.96,bank_transfer,Kuala Lumpur,"12.251472,106.684874",70,F,2021-03-23,active,0.47,1,0,0,auto_approved,0.4529,2022
a10a7a47-e287-4f6b-b354-c59156fe86e3,U001900,2022-10-08 05:55:28,05:55:28,588525.89,cash_withdrawal,M00190,VND,success,mobile,D001759,160.139.88.193,debit_card,Singapore,"19.736451,103.742558",32,M,2020-05-07,active,0.46,0,0,0,auto_approved,0.3766,2022
a3ec8f4f-d161-48c4-8702-d30c5147aa48,U000468,2022-09-10 12:39:11,12:39:11,711501.02,purchase,M00315,VND,success,pos,D001059,4.26.113.182,debit_card,Hanoi,"18.094195,107.886503",34,F,2019-11-25,active,0.64,0,1,0,auto_approved,0.2768,2022
c111d1d9-6367-45eb-96db-babea1e33456,U000233,2022-08-10 00:36:08,00:36:08,249320.63,cash_withdrawal,M00076,USD,success,pos,D001343,127.241.65.242,bank_transfer,Hanoi,"13.903545,108.619089",37,F,2015-04-12,active,0.69,0,0,0,auto_approved,0.2257,2022
438e364a-0e92-4770-b831-468326ff88b2,U001638,2022-07-05 00:09:04,00:09:04,934915.95,online_payment,M00004,VND,success,atm,D000019,27.11.163.218,credit_card,Kuala Lumpur,"8.131388,106.096157",43,F,2014-12-01,active,0.49,0,0,0,auto_approved,0.1307,2022
a913ca15-c12a-415e-aaec-970bc7c7e8f3,U000318,2022-08-26 10:12:50,10:12:50,328395.95,online_payment,M00255,VND,success,pos,D002016,138.60.15.136,bank_transfer,Da Nang,"12.563612,104.860183",57,M,2015-09-18,active,0.96,0,0,0,auto_approved,0.3625,2022
749afcd9-9c06-450b-bd10-2b25475cf85e,U001539,2022-03-14 17:22:46,17:22:46,25386.0,bill_payment,M00483,USD,failed,mobile,D000747,104.29.59.106,bank_transfer,Da Nang,"21.122299,106.159796",69,F,2017-11-23,active,0.54,0,0,0,auto_approved,0.4106,2022
ee09c357-79e7-4918-b184-83a56af4c670,U001637,2022-03-27 15:40:27,15:40:27,30665.43,purchase,M00486,USD,success,pos,D001959,117.85.47.110,debit_card,Ho Chi Minh City,"17.314895,105.569978",38,M,2020-07-14,active,0.67,0,0,0,auto_approved,0.3535,2022
049d4a83-a2e5-47a6-9933-85475aac006f,U000852,2022-06-13 12:04:30,12:04:30,672586.26,cash_withdrawal,M00054,VND,success,atm,D002465,223.0.189.95,mobile_wallet,Singapore,"21.141695,106.939723",43,M,2017-05-25,active,0.91,0,0,0,auto_approved,0.1196,2022
933e3ff1-e6b6-4191-9219-8a5b1795c446,U001739,2022-09-13 21:23:46,21:23:46,452722.24,purchase,M00459,VND,success,desktop,D001098,158.194.22.160,credit_card,Ho Chi Minh City,"13.925314,103.478618",50,M,2021-06-14,active,0.54,0,0,0,auto_approved,0.0903,2022
af413f24-daf6-4da1-a4f2-6e4ff72da090,U000760,2022-08-01 20:16:28,20:16:28,311498.18,transfer,M00182,USD,success,desktop,D002512,200.70.197.52,debit_card,Da Nang,"18.549919,102.561493",64,F,2016-01-15,active,0.52,0,0,0,auto_approved,0.3282,2022
809397a8-a957-4037-996c-78c50aee1528,U000851,2022-03-05 05:52:34,05:52:34,220479.15,transfer,M00072,VND,success,pos,D001848,191.105.178.69,debit_card,Da Nang,"16.608888,107.398672",53,F,2019-02-17,active,0.79,0,0,0,auto_approved,0.2858,2022
e86486ff-3911-4e40-8e63-e5e62db146ba,U001789,2022-05-15 21:38:49,21:38:49,43042.38,online_payment,M00479,USD,success,pos,D001927,255.109.122.249,credit_card,Singapore,"20.160694,102.085393",55,F,2021-09-10,active,0.71,3,1,0,auto_approved,0.2317,2022
3362203e-49e9-447a-aeed-67bc70357201,U000710,2022-06-07 11:37:03,11:37:03,276566.89,purchase,M00026,VND,success,pos,D000330,25.189.9.250,credit_card,Hanoi,"11.762028,102.295909",32,M,2015-07-31,active,0.71,0,0,0,auto_approved,0.087,2022
bfd93346-2ab9-4963-984b-95132d3a4709,U001719,2022-01-31 02:37:35,02:37:35,505719.39,online_payment,M00340,VND,success,pos,D001922,54.119.91.210,credit_card,Singapore,"19.160213,102.993568",21,F,2020-03-08,under_review,0.5,0,0,0,auto_approved,0.3672,2022
f4f31185-3e4b-4ac1-85f6-3651b0ede83d,U000424,2022-02-20 11:45:50,11:45:50,434985.01,bill_payment,M00135,USD,success,desktop,D002977,92.159.166.87,bank_transfer,Hanoi,"17.456773,102.737563",41,M,2016-12-05,active,0.78,0,0,0,auto_approved,0.1774,2022
0c35bbd6-47d6-4317-a131-03a26d951f10,U000133,2022-06-23 20:45:46,20:45:46,525857.42,purchase,M00077,VND,success,atm,D002907,221.113.214.224,mobile_wallet,Singapore,"18.570656,104.724363",50,M,2017-05-27,active,0.59,2,1,1,pending_review,0.7381,2022
284a1a90-3dbf-4c42-bffd-5802e3b8d8b3,U001851,2022-09-13 06:01:45,06:01:45,1038718.23,transfer,M00314,USD,failed,pos,D002516,190.249.104.211,mobile_wallet,Singapore,"14.66504,106.247836",27,F,2021-12-03,active,0.63,0,1,0,auto_approved,0.4576,2022
667f0fc3-451e-4d4f-8369-2d55fb398518,U001933,2022-02-21 10:04:36,10:04:36,911921.21,purchase,M00379,VND,success,pos,D000888,141.179.144.169,credit_card,Bangkok,"9.111319,108.688222",55,M,2014-01-07,active,0.72,1,0,0,auto_approved,0.1968,2022
1785a12e-b9fb-4e52-b80b-f05514f3bc0a,U001444,2022-10-02 06:43:18,06:43:18,319431.83,cash_withdrawal,M00340,USD,success,atm,D002085,246.213.63.60,debit_card,Kuala Lumpur,"13.200953,102.268178",59,F,2017-11-18,active,0.62,0,0,0,auto_approved,0.2654,2022
f86d6a0a-1934-492a-82d6-f6e514dec1f5,U000247,2022-01-26 04:40:21,04:40:21,1311526.68,cash_withdrawal,M00185,VND,success,mobile,D002861,124.118.52.36,mobile_wallet,Kuala Lumpur,"12.379215,102.642216",69,F,2016-05-07,active,0.46,1,0,0,auto_approved,0.3363,2022
7fae6c1a-a760-49bf-b235-e66053af36b5,U001134,2022-02-21 00:14:50,00:14:50,2158014.67,bill_payment,M00263,VND,success,pos,D001808,165.138.29.221,mobile_wallet,Bangkok,"19.916932,103.10532",63,F,2019-07-20,active,0.97,0,0,0,auto_approved,0.3692,2022
d63d7590-a8fe-46c6-8ecd-c9a8342a616a,U001315,2022-12-12 06:21:16,06:21:16,2194348.4,purchase,M00083,USD,success,atm,D002664,67.19.247.74,credit_card,Kuala Lumpur,"14.633866,102.709208",66,F,2019-07-27,active,0.75,0,0,0,auto_approved,0.147,2022
1b5e3b40-ad6e-41a0-84a6-dbf8348af56c,U000851,2022-07-22 23:56:34,23:56:34,303115.45,purchase,M00142,VND,success,atm,D002238,254.253.150.119,mobile_wallet,Hanoi,"14.365272,108.119791",31,F,2020-08-14,under_review,0.46,0,0,0,auto_approved,0.1731,2022
a68f48ea-4aa7-423d-93a1-73bbf839dc30,U001878,2022-03-11 00:58:48,00:58:48,550968.17,transfer,M00055,VND,success,atm,D001069,123.234.50.173,debit_card,Kuala Lumpur,"9.198034,102.617666",54,M,2017-04-15,active,0.48,0,0,0,auto_approved,0.1229,2022
09889ce8-2e1d-4c15-90a4-6280b283141b,U001314,2022-04-30 21:55:17,21:55:17,173722.56,transfer,M00353,VND,success,mobile,D001643,177.210.145.162,credit_card,Kuala Lumpur,"8.010535,102.163739",68,F,2014-03-01,active,0.72,1,0,0,auto_approved,0.0894,2022
661ade36-18d4-4f3c-9080-3e218a5dd6d8,U001884,2022-01-07 00:57:09,00:57:09,1479355.15,transfer,M00382,USD,success,pos,D001811,96.171.240.63,bank_transfer,Hanoi,"14.886269,104.738993",40,F,2014-09-29,active,0.49,0,0,0,auto_approved,0.1137,2022
bf7acfbe-0e10-481b-aae9-7e5e3120201c,U000800,2022-04-03 08:29:30,08:29:30,133110.17,transfer,M00337,USD,success,desktop,D000653,9.215.121.116,debit_card,Ho Chi Minh City,"14.961784,102.408739",31,F,2020-10-02,active,0.99,0,0,0,auto_approved,0.3359,2022
f0d50b83-83d0-4ef8-9c75-3b412590467c,U000531,2022-01-19 23:35:54,23:35:54,251196.13,cash_withdrawal,M00015,USD,success,pos,D000520,246.143.115.217,bank_transfer,Singapore,"13.339566,106.433634",40,M,2021-07-25,active,0.84,0,0,0,auto_approved,0.4182,2022
34869800-f763-4ade-ace6-969e4717cfc7,U001570,2022-06-11 06:19:23,06:19:23,238198.81,online_payment,M00100,VND,success,pos,D002434,244.185.238.223,debit_card,Bangkok,"18.603561,104.343467",46,M,2021-05-01,active,0.76,0,0,0,auto_approved,0.0107,2022
afc22699-1a16-4919-9484-a58532f18ac0,U001052,2022-12-12 22:57:52,22:57:52,23902.31,online_payment,M00021,VND,success,desktop,D002445,217.88.110.4,credit_card,Singapore,"17.673355,102.712954",24,M,2021-10-22,active,0.93,0,0,0,auto_approved,0.0628,2022
908b2f31-6a11-4e02-9b54-ad1737a38b91,U001325,2022-04-14 03:49:05,03:49:05,413536.22,cash_withdrawal,M00415,USD,success,pos,D000794,138.201.176.35,credit_card,Bangkok,"18.693483,102.01916",56,F,2018-05-16,under_review,1.0,0,0,0,auto_approved,0.08,2022
abc17906-a5c1-42c1-848e-a50cb46c9af1,U001586,2022-01-24 16:55:58,16:55:58,778728.29,transfer,M00005,USD,success,desktop,D001512,20.134.44.241,mobile_wallet,Kuala Lumpur,"13.190998,102.331926",46,M,2018-04-22,under_review,0.98,0,0,0,auto_approved,0.0283,2022
831b31fe-8cb6-4a23-9cbf-16dcb475b884,U001974,2022-11-25 14:42:24,14:42:24,810624.61,transfer,M00176,USD,success,pos,D000067,141.1.177.196,debit_card,Da Nang,"8.227926,105.458921",35,M,2016-06-12,active,0.95,0,0,0,auto_approved,0.2543,2022
439b98de-601f-4b0d-85b4-bd8609946df8,U001459,2022-12-21 12:38:06,12:38:06,49778.28,transfer,M00135,VND,success,atm,D000333,110.26.148.241,credit_card,Kuala Lumpur,"19.179987,102.498402",43,M,2020-03-07,active,0.53,0,0,0,auto_approved,0.1335,2022
4d6ac24a-fce7-4ffe-829a-bbff55c48994,U001564,2022-07-13 19:14:21,19:14:21,10210.63,purchase,M00209,USD,success,atm,D002673,26.27.29.110,bank_transfer,Hanoi,"21.562158,105.633304",58,F,2017-08-24,active,0.8,0,0,0,auto_approved,0.2011,2022
4ddd88d2-a076-4a65-a1ec-79f50c9f54c4,U000003,2022-10-06 18:53:51,18:53:51,428094.57,online_payment,M00399,USD,success,atm,D000055,181.50.116.35,debit_card,Da Nang,"13.065461,103.286855",68,F,2019-03-14,active,0.7,0,1,0,auto_approved,0.4511,2022
8fe552c2-3643-4a1e-b2b3-23fa35545f24,U001219,2022-08-19 08:44:03,08:44:03,741421.66,online_payment,M00298,USD,success,desktop,D002518,25.158.148.10,bank_transfer,Kuala Lumpur,"10.376554,102.717489",32,F,2014-10-21,active,0.82,0,0,0,auto_approved,0.2911,2022
998a155e-f13a-4e5f-9420-cc2bf7fab1e1,U000228,2022-07-19 02:29:07,02:29:07,1332063.73,transfer,M00318,VND,success,desktop,D002487,236.86.249.177,debit_card,Hanoi,"18.584156,108.188821",39,F,2019-03-04,active,0.6,0,0,0,auto_approved,0.3533,2022
820272bf-f5c4-4f53-a2c7-d51ebf959029,U001936,2022-02-05 19:05:15,19:05:15,1330933.69,transfer,M00288,VND,success,mobile,D000481,97.6.210.79,debit_card,Da Nang,"17.025968,107.054197",46,F,2021-05-24,active,0.63,0,0,0,auto_approved,0.0436,2022
b1cf859b-666f-46e7-ad41-6e3f9b782277,U000677,2022-12-29 21:23:12,21:23:12,580841.54,purchase,M00306,VND,success,atm,D002741,197.119.235.39,mobile_wallet,Kuala Lumpur,"12.054196,106.238273",43,F,2022-04-25,active,0.68,0,0,0,auto_approved,0.2546,2022
56bb0c00-2eb8-421e-86e7-8fdb431f51e4,U001278,2022-11-24 13:10:05,13:10:05,4352286.73,online_payment,M00336,VND,success,atm,D001834,240.152.101.126,mobile_wallet,Ho Chi Minh City,"15.735818,107.688291",61,M,2016-02-18,active,0.95,0,1,0,auto_approved,0.4356,2022
0629e984-79e0-4765-97b4-f9b9ec9d88d3,U000594,2022-08-31 04:56:57,04:56:57,170135.97,online_payment,M00399,VND,success,desktop,D002331,209.93.231.252,credit_card,Bangkok,"13.76133,104.526311",23,M,2017-11-03,active,0.96,0,0,0,auto_approved,0.0694,2022
967cf019-b0e0-44eb-bd95-d76586a68e39,U000504,2022-11-11 22:10:11,22:10:11,753798.74,purchase,M00225,USD,success,desktop,D000823,99.27.33.226,credit_card,Kuala Lumpur,"17.302708,106.181014",28,M,2018-03-04,active,0.61,0,0,0,auto_approved,0.1024,2022
93a5a5cf-c7cf-4cfa-bacb-db9a8f463a84,U001683,2022-09-07 01:35:26,01:35:26,2500447.18,bill_payment,M00340,USD,success,pos,D001727,192.47.69.46,bank_transfer,Ho Chi Minh City,"15.339693,105.541574",49,F,2020-04-07,active,0.81,0,0,0,auto_approved,0.1499,2022
8f8e80b3-c0dc-4b89-aa48-afd7dac499d9,U000300,2022-11-19 07:10:42,07:10:42,2924793.26,bill_payment,M00184,VND,success,pos,D002547,90.148.121.155,bank_transfer,Hanoi,"13.669903,104.83674",31,M,2018-06-15,active,0.83,0,0,0,auto_approved,0.0379,2022
d0e76cda-5654-46b3-a501-3407bf760d61,U001349,2022-09-26 22:54:43,22:54:43,230433.9,purchase,M00026,VND,success,pos,D001988,230.2.30.144,debit_card,Kuala Lumpur,"15.209471,103.290667",43,M,2017-10-17,active,0.72,1,0,0,auto_approved,0.3337,2022
eff7dcd9-82e9-462d-902f-ac0e7cb1b8ad,U000930,2022-12-04 20:28:27,20:28:27,1680469.53,bill_payment,M00409,VND,pending,atm,D001686,139.237.60.27,mobile_wallet,Kuala Lumpur,"10.21661,102.943708",70,F,2022-04-26,active,0.99,0,0,0,auto_approved,0.0538,2022
8ccf30d9-c671-4764-9c13-bbd4d5d861b6,U001065,2022-06-21 11:50:46,11:50:46,1713781.39,cash_withdrawal,M00113,USD,failed,pos,D002015,246.9.31.42,mobile_wallet,Singapore,"17.404492,103.924723",34,M,2021-02-09,active,0.52,0,0,0,auto_approved,0.3075,2022
1584c68e-262b-4d91-97d0-8aa521205b48,U001778,2022-01-10 21:31:32,21:31:32,31280.8,purchase,M00360,VND,success,atm,D001358,19.61.78.241,mobile_wallet,Hanoi,"8.863135,103.925647",19,F,2016-12-04,active,0.53,0,0,0,auto_approved,0.3372,2022
bc2c521a-224f-41ae-9400-2a79ae6e965f,U001346,2022-05-08 11:33:41,11:33:41,344356.87,online_payment,M00186,VND,pending,desktop,D000745,83.117.196.207,credit_card,Ho Chi Minh City,"19.591308,103.146852",59,F,2018-07-19,active,0.88,0,1,0,auto_approved,0.332,2022
d7c22f04-503e-42c3-8beb-7790d49964f4,U001318,2022-07-30 10:27:49,10:27:49,50802.67,bill_payment,M00184,USD,success,mobile,D000688,2.135.68.192,debit_card,Ho Chi Minh City,"8.657085,107.486908",57,M,2022-05-02,active,0.74,0,0,0,auto_approved,0.3445,2022
2685acf7-5c0f-4fd8-aa2f-ac8a23c74e90,U000703,2022-11-11 23:26:38,23:26:38,89461.19,transfer,M00404,USD,success,mobile,D002963,215.235.254.172,debit_card,Kuala Lumpur,"17.810591,103.719457",46,M,2018-04-20,active,0.55,1,0,0,auto_approved,0.2507,2022
a6bc4c9d-5dbf-457f-8daa-f0ca5db1071f,U000149,2022-10-27 00:26:52,00:26:52,1130732.35,online_payment,M00357,VND,success,mobile,D002829,151.164.8.52,debit_card,Bangkok,"17.630049,107.998223",26,F,2017-05-15,active,0.68,0,0,0,auto_approved,0.267,2022
45fe499a-725c-4d12-8daf-82167fbfc985,U001913,2022-04-05 22:41:12,22:41:12,191681.66,cash_withdrawal,M00171,VND,success,desktop,D002238,219.169.125.28,bank_transfer,Singapore,"16.444499,105.277026",36,F,2021-01-07,active,0.8,0,0,0,auto_approved,0.1887,2022
a38b2f98-9f8a-4539-be6e-c1df39fa8b59,U000771,2022-10-17 08:42:55,08:42:55,1290870.11,cash_withdrawal,M00294,USD,pending,mobile,D002775,72.22.38.148,credit_card,Hanoi,"9.391031,103.131994",34,F,2019-06-21,active,0.81,0,0,0,auto_approved,0.1596,2022
10d34cac-cfb4-44f7-91c7-26ade134768a,U001170,2022-03-23 16:19:36,16:19:36,470848.67,transfer,M00227,USD,success,mobile,D001253,241.243.3.8,debit_card,Hanoi,"12.220762,106.82175",23,M,2015-07-03,active,0.69,0,0,0,auto_approved,0.1011,2022
65a33289-8b61-4e7c-8ed0-8174d222236d,U001264,2022-10-10 21:27:14,21:27:14,305211.41,purchase,M00486,VND,success,pos,D001509,124.206.146.29,mobile_wallet,Hanoi,"16.463872,107.140171",48,M,2020-10-25,active,0.67,0,0,0,auto_approved,0.4207,2022
380761e5-b001-415b-97bc-7b9a42eb0389,U000618,2022-11-24 13:04:06,13:04:06,64013.09,bill_payment,M00048,VND,success,atm,D000247,67.100.163.202,bank_transfer,Bangkok,"15.872269,104.343244",23,F,2018-08-28,active,0.88,0,0,0,auto_approved,0.2706,2022
76cf97bd-e2ff-4de2-a547-0f624e212e22,U001249,2022-02-27 23:44:58,23:44:58,11341.04,online_payment,M00126,VND,success,desktop,D000460,252.241.206.50,mobile_wallet,Kuala Lumpur,"18.57856,108.97569",59,F,2019-12-06,active,0.77,0,0,0,auto_approved,0.2303,2022
d35d5877-5384-4806-9118-8ac87ebc67b9,U001815,2022-08-01 11:50:08,11:50:08,1387594.79,purchase,M00441,VND,success,desktop,D002749,222.26.44.104,bank_transfer,Hanoi,"12.749687,103.219262",44,F,2017-09-17,active,0.5,0,0,0,auto_approved,0.4341,2022
32768946-5066-4ed9-a38e-fd961deb1011,U001060,2022-10-30 15:42:14,15:42:14,3170805.46,bill_payment,M00110,VND,success,mobile,D002516,45.74.119.63,credit_card,Singapore,"11.104545,105.933106",44,F,2016-12-06,active,0.63,0,1,0,auto_approved,0.3348,2022
81a11a9b-0738-446a-ba90-89c939dbb69a,U001001,2022-04-01 08:47:18,08:47:18,684283.11,bill_payment,M00464,USD,success,atm,D002590,244.244.219.251,debit_card,Da Nang,"14.22044,105.852215",24,F,2015-11-12,active,0.9,0,0,0,auto_approved,0.2083,2022
c5bb0dc2-8b77-435b-bf16-6c577c18387b,U001766,2022-05-29 08:30:27,08:30:27,13014.55,purchase,M00362,VND,success,desktop,D001161,20.42.114.121,credit_card,Singapore,"17.131254,104.743216",38,F,2019-01-19,active,0.61,0,0,0,auto_approved,0.1003,2022
1cc30642-858e-4c1e-a991-06d05cbd7712,U000005,2022-09-18 01:36:18,01:36:18,908395.82,bill_payment,M00162,USD,success,mobile,D002928,221.106.38.16,credit_card,Kuala Lumpur,"20.800786,102.582553",64,M,2020-06-11,active,0.95,0,0,0,auto_approved,0.3684,2022
34a9eae2-28dd-409a-b86e-b34ce29608ad,U001640,2022-08-29 09:19:39,09:19:39,127972.72,cash_withdrawal,M00193,VND,success,desktop,D002145,88.4.156.223,debit_card,Ho Chi Minh City,"14.414536,105.518615",29,M,2020-03-06,active,0.61,0,0,0,auto_approved,0.1736,2022
9aa9d165-e2c2-46f3-81ce-8c11749bc1e0,U001703,2022-09-17 20:35:45,20:35:45,175719.67,purchase,M00216,VND,success,desktop,D001325,208.119.66.198,bank_transfer,Singapore,"11.375763,108.591379",35,M,2021-02-25,active,0.6,0,0,0,auto_approved,0.3928,2022
2d011845-a77e-4c03-9942-88bb721ddc17,U001103,2022-01-13 00:45:47,00:45:47,946.48,cash_withdrawal,M00433,VND,success,mobile,D002077,213.156.73.191,mobile_wallet,Ho Chi Minh City,"19.402895,103.361368",51,M,2021-07-05,active,0.56,0,0,0,auto_approved,0.1813,2022
8f8c029e-131a-40f6-b096-3fb154d9d290,U000817,2022-12-30 03:42:48,03:42:48,266676.93,cash_withdrawal,M00044,VND,success,pos,D001443,242.152.245.161,bank_transfer,Hanoi,"17.765644,107.259847",42,M,2019-03-27,active,0.48,0,1,0,auto_approved,0.5122,2022
389bd752-278f-4b19-b7ba-a9e76a6172af,U000338,2022-07-14 19:01:41,19:01:41,3077735.48,cash_withdrawal,M00315,VND,success,desktop,D000688,206.253.178.46,mobile_wallet,Hanoi,"9.488547,107.076567",25,F,2021-01-19,active,0.96,0,1,1,pending_review,0.5199,2022
12fa1991-83c1-439f-b24a-88f3460f1189,U001193,2022-12-02 14:23:32,14:23:32,319178.17,bill_payment,M00070,USD,success,desktop,D002527,153.78.182.36,bank_transfer,Da Nang,"9.125489,104.141824",66,F,2020-03-07,active,0.56,0,0,0,auto_approved,0.2654,2022
6178b392-4614-4607-b5e9-e1d373f2b9e2,U001050,2022-11-02 23:32:58,23:32:58,1107406.38,transfer,M00303,VND,success,pos,D001874,43.90.151.157,credit_card,Hanoi,"13.408338,103.277819",20,M,2021-02-12,active,0.97,0,0,0,auto_approved,0.4111,2022
bdb336b8-c5f8-4a15-bb5b-4141d70eafed,U000734,2022-08-13 12:22:51,12:22:51,2322355.95,bill_payment,M00397,VND,success,pos,D001835,60.235.8.254,bank_transfer,Bangkok,"13.616602,103.079056",33,M,2020-11-21,under_review,0.96,0,0,0,auto_approved,0.2599,2022
54bd4e7f-9887-4a4e-9eed-763ff71ccd96,U001234,2022-04-14 06:11:42,06:11:42,706637.07,purchase,M00002,USD,success,pos,D002801,201.235.192.160,mobile_wallet,Bangkok,"17.202161,104.164746",69,M,2017-07-27,active,0.89,0,0,0,auto_approved,0.388,2022
11e8df61-fd7e-4466-ae51-38616e0481a0,U001763,2022-06-30 23:22:56,23:22:56,188164.4,purchase,M00034,USD,success,pos,D000340,211.141.249.102,credit_card,Hanoi,"13.661418,107.062748",18,F,2020-02-13,active,0.8,1,0,0,auto_approved,0.2903,2022
25350eff-bdf8-498e-adfe-9d26afff03d1,U001229,2022-04-09 02:53:57,02:53:57,1798947.34,transfer,M00451,USD,success,pos,D002748,84.54.144.188,mobile_wallet,Hanoi,"9.333125,102.051398",58,F,2020-09-23,active,0.58,1,0,0,auto_approved,0.4832,2022
23888336-5679-4d5f-ac3e-b85412ee48b1,U000900,2022-06-25 09:28:01,09:28:01,542888.85,cash_withdrawal,M00162,VND,success,mobile,D002296,129.240.219.77,bank_transfer,Da Nang,"15.864761,107.821172",34,F,2019-05-31,active,0.51,0,0,0,auto_approved,0.0133,2022
d8c6cd7c-a10f-4328-a238-4b7968a4cf56,U001832,2022-12-23 09:20:21,09:20:21,143312.92,transfer,M00486,VND,success,desktop,D000016,119.114.210.91,credit_card,Ho Chi Minh City,"10.843823,107.531469",66,F,2017-10-31,active,0.92,0,0,0,auto_approved,0.4052,2022
fc5392f0-7fea-4b79-87bc-5873882daa8d,U001752,2022-08-14 04:20:28,04:20:28,153033.23,online_payment,M00313,USD,success,mobile,D001432,76.34.4.80,mobile_wallet,Bangkok,"9.536842,107.191938",59,F,2017-02-12,active,0.7,0,0,0,auto_approved,0.057,2022
4f8fce7f-7d49-4ace-aa97-812ff42c82c7,U000685,2022-10-23 11:00:46,11:00:46,1320421.6,purchase,M00217,VND,success,desktop,D000532,37.227.9.88,mobile_wallet,Singapore,"10.528619,107.044236",37,M,2016-11-05,active,0.91,0,0,0,auto_approved,0.3161,2022
9e8efc87-0a0f-4535-a56a-6f12dad28044,U001124,2022-03-02 09:57:58,09:57:58,236882.77,online_payment,M00198,VND,success,pos,D002150,179.33.101.158,mobile_wallet,Singapore,"12.887279,103.522499",62,F,2017-01-25,active,0.58,1,0,0,auto_approved,0.4616,2022
ff4ad6c5-caa3-453a-bfe2-1135ce97a6ef,U000200,2022-08-04 09:54:37,09:54:37,385481.21,purchase,M00354,VND,success,atm,D000025,124.95.226.117,bank_transfer,Da Nang,"16.122809,108.425284",58,F,2015-12-08,active,0.46,0,0,0,auto_approved,0.0956,2022
60ad10ec-eea7-4ff5-94b2-a80a8f0c4e6a,U000125,2022-12-16 15:13:39,15:13:39,421955.23,purchase,M00167,USD,success,mobile,D000024,255.32.43.81,bank_transfer,Singapore,"21.56899,102.563397",59,M,2015-04-14,active,0.88,0,0,0,auto_approved,0.3191,2022
e018d89a-928d-44b2-a09a-bcf0a4b76515,U001553,2022-09-04 03:51:58,03:51:58,2771999.28,purchase,M00310,USD,success,atm,D001035,164.203.118.170,credit_card,Ho Chi Minh City,"15.122443,106.728908",44,F,2021-04-23,active,0.86,0,0,0,auto_approved,0.3733,2022
43ae4be0-fad2-436f-af4a-46d6dcb12c7c,U001137,2022-02-22 22:56:37,22:56:37,392116.21,purchase,M00197,VND,success,atm,D002536,140.153.38.71,bank_transfer,Ho Chi Minh City,"18.76251,108.597374",56,M,2014-09-21,active,0.48,0,0,0,auto_approved,0.0256,2022
c2907a97-630b-4cb9-9014-f240db09e4ad,U000255,2022-08-02 23:12:07,23:12:07,682778.17,cash_withdrawal,M00334,VND,success,atm,D000170,234.169.63.140,credit_card,Ho Chi Minh City,"8.756183,107.701207",29,M,2016-02-13,active,0.68,0,0,0,auto_approved,0.1254,2022
46161c24-362b-4e9a-bb69-92137a578a7b,U000052,2022-08-27 04:31:31,04:31:31,88074.95,purchase,M00196,USD,success,pos,D001881,52.241.214.93,credit_card,Hanoi,"9.569889,106.98862",25,M,2017-04-11,active,0.72,0,0,0,auto_approved,0.02,2022
ff2d91c6-e6dc-47ce-ba91-fd88263edcdd,U001134,2022-03-20 03:44:18,03:44:18,802368.42,transfer,M00420,VND,success,pos,D000764,228.45.117.26,credit_card,Da Nang,"10.792848,102.931873",62,F,2020-04-01,active,0.94,0,0,0,auto_approved,0.3194,2022
d15c804f-a802-42a3-ab03-0b79c748fabf,U000941,2022-03-04 15:28:36,15:28:36,29284.34,purchase,M00277,VND,success,pos,D001404,24.16.116.71,bank_transfer,Hanoi,"12.911308,103.512546",18,F,2014-10-30,active,1.0,0,0,0,auto_approved,0.3123,2022
afebb4a6-b052-4188-ac94-ef6271f02e9a,U001006,2022-09-17 19:47:51,19:47:51,440818.39,purchase,M00116,VND,success,desktop,D002526,85.16.36.234,bank_transfer,Ho Chi Minh City,"9.771187,107.989754",32,M,2021-05-07,active,0.71,0,0,0,auto_approved,0.0288,2022
83f22c9e-8bf4-431c-9055-50a16c1a6f09,U000819,2022-04-07 00:37:44,00:37:44,570335.21,online_payment,M00016,VND,success,atm,D000420,87.12.226.75,credit_card,Hanoi,"18.399271,103.486898",53,F,2016-06-01,active,0.99,0,0,0,auto_approved,0.0891,2022
0ce60058-9fac-444e-90af-d9e6ccc8cb82,U000877,2022-08-24 13:37:20,13:37:20,1544647.16,cash_withdrawal,M00074,VND,success,desktop,D001664,43.228.177.195,credit_card,Bangkok,"12.388057,104.0042",58,F,2018-09-17,active,0.82,0,0,0,auto_approved,0.0756,2022
6a55ce3d-84c5-4e67-afbc-4d065b628b4f,U000467,2022-05-16 12:29:21,12:29:21,1076911.51,purchase,M00352,USD,failed,pos,D000748,165.27.84.41,credit_card,Singapore,"21.031102,107.658993",66,F,2016-09-08,active,0.77,0,0,0,auto_approved,0.4238,2022
f76898bb-a0b5-4e61-afaa-49839b6430c8,U001981,2022-02-07 09:53:08,09:53:08,140083.43,purchase,M00227,USD,success,pos,D002121,245.145.55.185,credit_card,Bangkok,"19.769109,103.773553",24,M,2015-04-09,under_review,0.51,0,1,0,auto_approved,0.634,2022
f16415b6-97f5-43dc-a234-0d832bdae987,U000951,2022-06-01 14:04:59,14:04:59,111320.27,purchase,M00228,USD,success,pos,D001698,109.253.53.159,bank_transfer,Da Nang,"9.467113,107.215294",48,M,2017-01-20,active,0.62,0,1,0,auto_approved,0.5526,2022
9a01b504-1108-4704-a609-d9250d68f04c,U001971,2022-12-19 00:39:09,00:39:09,1866865.22,bill_payment,M00325,USD,success,desktop,D000719,133.33.3.28,bank_transfer,Hanoi,"12.246874,108.198026",27,M,2015-12-18,active,0.62,0,0,0,auto_approved,0.0317,2022
88edadcc-3155-44ba-8b18-3fba6fcb82bf,U001308,2022-04-02 08:18:39,08:18:39,418262.35,bill_payment,M00012,USD,success,mobile,D002141,103.46.91.121,debit_card,Kuala Lumpur,"19.152277,104.720951",63,F,2019-12-13,active,0.48,0,0,0,auto_approved,0.3522,2022
d79e560e-3034-4f88-a873-02c37f513db6,U001280,2022-07-17 23:21:17,23:21:17,377107.12,transfer,M00127,VND,success,mobile,D001588,34.142.117.96,credit_card,Kuala Lumpur,"12.032688,104.350149",22,M,2017-06-03,active,0.91,0,1,0,auto_approved,0.5963,2022
a1ebad00-b3dc-4291-8c58-c21ad3e6f279,U000748,2022-11-13 04:16:04,04:16:04,418427.1,cash_withdrawal,M00450,VND,success,pos,D000929,176.176.171.10,bank_transfer,Kuala Lumpur,"21.664474,106.113545",42,M,2015-12-22,active,0.48,0,1,1,pending_review,0.3952,2022
4c09394a-56df-478d-afad-a5b1c588c91c,U000228,2022-11-17 23:39:41,23:39:41,1398034.9,purchase,M00382,VND,success,pos,D000074,204.193.81.217,debit_card,Hanoi,"18.349976,108.953818",33,F,2014-09-20,active,0.62,0,0,0,auto_approved,0.0241,2022
002e3504-69c0-4be6-a7e1-8eae9f8b88cf,U001781,2022-06-13 20:03:10,20:03:10,1246005.33,transfer,M00472,VND,success,pos,D002902,58.152.140.13,credit_card,Hanoi,"18.802977,105.136881",32,M,2019-12-30,active,0.67,0,0,0,auto_approved,0.0565,2022
b98f220a-4cf8-410d-b0b9-5129a6b17d7e,U001261,2022-04-17 23:22:13,23:22:13,1204282.53,cash_withdrawal,M00273,VND,success,atm,D001416,224.90.91.149,mobile_wallet,Ho Chi Minh City,"17.713704,105.012588",43,M,2022-03-10,active,0.71,1,0,0,auto_approved,0.3748,2022
fd7eb1ae-2170-4f3a-9fd8-79743f0a47fa,U000618,2022-08-27 07:18:34,07:18:34,549130.74,purchase,M00272,VND,failed,atm,D002566,250.109.226.180,debit_card,Hanoi,"12.704123,106.846196",21,F,2018-03-30,active,0.86,1,0,0,auto_approved,0.1044,2022
bfaf2fb5-4263-4d0c-924c-3bc4c0080b2c,U001333,2022-11-01 12:28:09,12:28:09,45883.98,transfer,M00130,VND,success,mobile,D001283,38.43.18.114,bank_transfer,Bangkok,"9.639078,105.599926",19,F,2021-12-10,active,0.9,0,0,0,auto_approved,0.0274,2022
d2531202-a76a-4ea9-91ea-8bc92d8d1196,U000754,2022-09-23 04:05:09,04:05:09,107480.29,purchase,M00386,USD,success,mobile,D002245,223.231.73.47,bank_transfer,Kuala Lumpur,"18.9014,106.357569",57,F,2017-11-18,active,0.66,0,0,0,auto_approved,0.0324,2022
fc500271-8f2a-4cc1-b5e3-64f1b03c9143,U000296,2022-03-23 14:45:29,14:45:29,628250.72,online_payment,M00233,USD,success,pos,D002857,139.165.131.33,bank_transfer,Hanoi,"10.227543,104.740256",67,M,2018-05-06,active,0.66,0,0,0,auto_approved,0.0891,2022
8ae99eac-6440-477c-a7bb-48a906ed568d,U001432,2022-10-23 02:02:32,02:02:32,433982.96,transfer,M00117,USD,success,pos,D001461,140.172.119.39,bank_transfer,Singapore,"20.763929,102.657683",31,F,2021-01-08,active,0.98,0,0,0,auto_approved,0.3121,2022
a2c2ab4b-4ef1-4bc7-801c-33eb8361cf6a,U001464,2022-10-22 03:25:19,03:25:19,303318.33,transfer,M00467,VND,success,desktop,D002000,9.160.61.163,credit_card,Singapore,"9.196596,108.859017",49,M,2018-06-07,active,0.95,0,0,0,auto_approved,0.4476,2022
ac324b97-212a-4eae-bb5c-c3b83104522f,U000332,2022-10-25 23:22:21,23:22:21,323152.42,transfer,M00203,VND,success,atm,D000759,234.52.137.97,credit_card,Ho Chi Minh City,"12.797919,102.787537",46,F,2021-02-11,active,0.5,0,0,0,auto_approved,0.0927,2022
44234664-3765-48d3-92b3-70520bb27f6b,U001506,2022-10-26 11:56:53,11:56:53,45076.65,online_payment,M00017,VND,success,mobile,D002236,215.72.68.190,debit_card,Ho Chi Minh City,"11.826941,108.630698",45,M,2017-10-18,active,0.68,0,0,0,auto_approved,0.1789,2022
e09f62da-ba06-48f9-bf7a-d1bf49649339,U000865,2022-04-12 10:41:51,10:41:51,226019.44,bill_payment,M00366,USD,success,atm,D002405,104.240.139.19,mobile_wallet,Kuala Lumpur,"13.779659,104.781997",47,F,2021-05-17,active,0.51,2,1,1,pending_review,0.3432,2022
d49b80c2-3c61-4ebf-bd58-c742aa335854,U001937,2022-12-05 23:50:35,23:50:35,857112.72,transfer,M00199,USD,success,desktop,D000994,233.72.88.66,bank_transfer,Hanoi,"12.392991,102.028704",52,F,2020-06-17,active,0.96,0,0,0,auto_approved,0.1628,2022
4b0b3fa3-5367-4505-a5eb-63704e56c488,U000117,2022-09-23 22:18:02,22:18:02,508131.78,bill_payment,M00054,USD,success,pos,D000291,82.75.252.227,credit_card,Ho Chi Minh City,"16.333254,107.306915",51,M,2021-10-21,active,0.51,0,0,0,auto_approved,0.2876,2022
af5c5392-241c-476b-a763-22485d517613,U001848,2022-11-19 01:06:02,01:06:02,938990.97,cash_withdrawal,M00484,USD,success,pos,D002645,9.64.221.188,credit_card,Bangkok,"14.127216,104.815498",43,F,2022-06-10,active,0.92,0,1,0,auto_approved,0.628,2022
bf3aa485-9144-4a1d-a187-a2a858d7af79,U000582,2022-07-29 02:40:17,02:40:17,480979.66,bill_payment,M00179,USD,success,mobile,D002023,166.67.148.254,mobile_wallet,Hanoi,"16.367861,103.679507",41,M,2014-05-18,active,0.75,0,0,0,auto_approved,0.1637,2022
5cbeeda7-986c-4ce8-a549-82c422ef308d,U001852,2022-11-23 18:29:22,18:29:22,355581.51,bill_payment,M00105,VND,success,desktop,D001711,2.183.186.199,debit_card,Singapore,"21.545721,106.063481",29,F,2017-11-19,active,0.64,0,0,0,auto_approved,0.2374,2022
d5c541a5-4674-4394-9b87-8042a29ff4a0,U001431,2022-12-05 08:10:48,08:10:48,457094.23,online_payment,M00067,VND,success,mobile,D002702,47.62.244.171,bank_transfer,Da Nang,"18.239298,106.040816",68,M,2018-02-25,active,0.8,0,0,0,auto_approved,0.4206,2022
0f5665ef-4575-4b23-855a-347f87f055bd,U000166,2022-01-30 19:09:12,19:09:12,1420942.35,purchase,M00151,USD,success,pos,D000458,119.165.51.193,mobile_wallet,Ho Chi Minh City,"17.552054,102.785205",47,F,2017-11-24,active,0.85,2,1,0,auto_approved,0.6297,2022
9ae3f72a-0b28-44bd-86a1-ab9efac3ce27,U001786,2022-03-25 14:59:24,14:59:24,277258.5,cash_withdrawal,M00381,USD,success,desktop,D000446,2.128.67.248,bank_transfer,Ho Chi Minh City,"10.314403,103.011942",55,M,2019-08-19,active,0.6,1,0,0,auto_approved,0.5502,2022
e643ad4a-0c5f-468a-b6fe-f269bf15b301,U001240,2022-03-06 02:12:44,02:12:44,196268.06,online_payment,M00488,VND,success,desktop,D000990,112.187.118.250,debit_card,Hanoi,"21.244933,107.888328",58,M,2018-05-23,active,0.54,0,0,0,auto_approved,0.1035,2022
08655a7b-32db-464b-ad94-7de3158f6348,U001796,2022-09-23 03:12:23,03:12:23,246505.99,online_payment,M00439,VND,success,desktop,D001242,17.151.134.143,debit_card,Kuala Lumpur,"16.141179,107.768416",66,M,2018-08-22,active,0.9,1,0,0,auto_approved,0.43,2022
e124755d-695e-42a2-9810-5a30a3ebb52a,U000533,2022-12-27 22:56:13,22:56:13,1726891.19,bill_payment,M00003,USD,success,mobile,D000408,68.75.162.8,mobile_wallet,Ho Chi Minh City,"18.281431,102.657974",59,F,2016-10-26,active,0.89,0,0,0,auto_approved,0.1771,2022
2c4f18a7-a906-45cd-9f00-359eabb034b6,U001257,2022-12-16 06:52:56,06:52:56,103844.22,transfer,M00237,VND,success,atm,D002931,25.134.21.157,debit_card,Ho Chi Minh City,"14.332597,106.717208",47,F,2016-10-28,active,0.77,0,0,0,auto_approved,0.1102,2022
bc3b59da-ffdf-4b48-8877-772e3825a308,U001253,2022-03-05 13:18:31,13:18:31,1090755.73,cash_withdrawal,M00155,USD,success,mobile,D000526,66.43.14.85,credit_card,Bangkok,"9.384376,105.380023",52,F,2021-11-12,active,0.46,1,0,0,auto_approved,0.3541,2022
162902a1-3ccf-4ca1-9e3e-0f485f84ee53,U001064,2022-03-27 03:04:31,03:04:31,1248402.24,online_payment,M00212,VND,success,desktop,D002519,81.195.45.177,debit_card,Ho Chi Minh City,"8.518781,103.72011",49,M,2014-02-17,active,0.54,0,0,0,auto_approved,0.154,2022
cdf44395-bf88-4318-a2cc-58220b327c2c,U000120,2022-04-29 23:53:27,23:53:27,174388.58,online_payment,M00253,VND,success,desktop,D002304,23.183.69.117,debit_card,Ho Chi Minh City,"9.691135,104.852133",24,M,2016-03-03,active,0.73,0,0,0,auto_approved,0.3852,2022
c0b1b118-9e4f-4dac-b98c-c03cd7c1a6d7,U001241,2022-06-15 13:43:42,13:43:42,132899.74,bill_payment,M00399,USD,success,pos,D002734,49.58.150.22,mobile_wallet,Bangkok,"11.611763,108.295663",59,M,2019-02-02,active,0.64,2,1,0,auto_approved,0.1745,2022
b615a4bb-a38d-4edc-a5d7-544e5a583c8c,U001623,2022-10-01 02:45:08,02:45:08,561715.32,online_payment,M00317,VND,success,atm,D000006,116.55.109.216,mobile_wallet,Hanoi,"9.361706,104.554737",52,F,2022-07-25,active,0.96,0,0,0,auto_approved,0.3205,2022
0018bebe-dabf-434b-a46d-f2d81cb9b521,U001369,2022-04-13 15:57:57,15:57:57,152009.45,cash_withdrawal,M00112,USD,success,pos,D002278,145.137.92.79,credit_card,Da Nang,"18.64938,103.246633",42,M,2021-03-14,active,0.71,0,0,0,auto_approved,0.1181,2022
9e20a253-6cf5-4c09-9c30-6232f6e65228,U001624,2022-12-30 12:24:26,12:24:26,593255.73,online_payment,M00315,USD,success,mobile,D002680,235.69.5.142,mobile_wallet,Bangkok,"13.41629,102.333855",42,F,2021-01-06,blocked,0.93,1,0,0,auto_approved,0.1654,2022
837d25e8-34cf-4e57-971c-01745735c031,U001080,2022-01-29 21:55:47,21:55:47,585547.09,cash_withdrawal,M00175,VND,success,mobile,D001780,114.213.96.18,bank_transfer,Bangkok,"15.415174,108.021959",61,F,2020-02-12,active,0.68,0,1,0,auto_approved,0.5277,2022
84a28003-3e07-4e2b-9d6d-ed2731890a5c,U001560,2022-04-24 19:32:39,19:32:39,975884.17,cash_withdrawal,M00337,USD,success,pos,D001342,184.192.178.78,bank_transfer,Hanoi,"17.872661,108.329655",54,M,2014-04-05,active,0.62,0,0,0,auto_approved,0.0847,2022
375d4ed2-b08a-447f-96ba-ecb1af070d6b,U000614,2022-09-02 23:15:01,23:15:01,3665404.17,bill_payment,M00155,USD,success,pos,D000472,112.51.106.63,credit_card,Singapore,"8.934269,104.636468",39,F,2020-07-22,active,0.78,0,1,0,auto_approved,0.2525,2022
d132fa2d-6c7c-4fbd-8954-1fb9ecadcb1e,U001571,2022-08-05 09:51:35,09:51:35,562706.24,transfer,M00216,VND,success,mobile,D001126,249.169.28.108,debit_card,Hanoi,"18.314346,108.133468",21,M,2022-05-06,active,0.96,0,1,1,pending_review,0.3003,2022
52ae22f8-9a20-4153-9e76-00fe16b7b62a,U000139,2022-05-09 13:32:21,13:32:21,535085.7,online_payment,M00460,USD,success,desktop,D002947,212.62.28.223,mobile_wallet,Kuala Lumpur,"10.508736,107.682383",41,M,2014-12-24,active,0.65,1,0,0,auto_approved,0.2926,2022
3d841ecc-7100-4382-aa25-95160d1d54f2,U000175,2022-10-07 02:39:17,02:39:17,360745.96,bill_payment,M00039,VND,success,mobile,D001323,119.192.158.190,bank_transfer,Kuala Lumpur,"16.701708,105.879627",37,F,2015-10-26,active,0.55,1,0,0,auto_approved,0.2433,2022
1a2f0def-b65d-4420-9fd7-d82de97d9358,U000661,2022-01-03 01:45:29,01:45:29,224594.61,online_payment,M00090,USD,success,atm,D001525,79.31.175.197,debit_card,Ho Chi Minh City,"19.941122,104.83424",70,M,2016-11-23,active,0.75,1,0,0,auto_approved,0.2916,2022
79a0ea14-6afe-45aa-84e5-102eeeba7318,U001731,2022-01-13 05:08:48,05:08:48,214386.21,cash_withdrawal,M00091,USD,success,atm,D001092,114.126.142.86,mobile_wallet,Kuala Lumpur,"18.759921,102.536419",67,M,2014-04-04,active,0.63,0,0,0,auto_approved,0.048,2022
a28e42af-43d8-46bb-a6c3-7ab53c1a6558,U000679,2022-07-29 17:13:05,17:13:05,301228.7,bill_payment,M00147,USD,failed,pos,D000226,70.81.134.54,debit_card,Kuala Lumpur,"9.404777,105.838959",23,M,2019-01-07,active,0.62,0,1,0,auto_approved,0.5249,2022
cb0c2927-e600-4a2d-bbd7-c331e27a7999,U000415,2022-07-24 21:23:14,21:23:14,168641.96,bill_payment,M00500,VND,success,mobile,D002527,22.31.244.173,credit_card,Kuala Lumpur,"12.327673,105.590913",67,F,2022-04-11,active,0.61,0,0,0,auto_approved,0.3074,2022
1d7e7cdd-ad32-43fd-9a73-88e727d62ad1,U001299,2022-01-13 08:57:57,08:57:57,10256.92,purchase,M00454,VND,success,mobile,D002092,169.32.97.163,credit_card,Kuala Lumpur,"20.461838,105.520063",51,M,2014-06-20,active,0.75,0,0,0,auto_approved,0.1141,2022
3f017572-b042-4ee5-bc4c-b801817fe2e9,U001362,2022-08-03 13:55:05,13:55:05,307231.08,purchase,M00397,USD,success,pos,D002240,27.180.16.232,debit_card,Kuala Lumpur,"11.016696,106.513393",68,F,2021-07-21,active,0.92,0,0,0,auto_approved,0.1058,2022
1288d406-3d15-46c5-ad2f-45a4c23ce1da,U001297,2022-07-23 13:42:07,13:42:07,12922.09,purchase,M00009,VND,success,mobile,D002772,105.223.165.112,credit_card,Bangkok,"21.090248,108.350294",60,M,2014-12-29,active,0.51,1,0,0,auto_approved,0.5043,2022
ba618ef0-a9c4-4149-9256-91927cf33e3a,U000126,2022-11-11 12:05:12,12:05:12,561575.09,online_payment,M00093,VND,success,mobile,D002929,199.36.201.253,credit_card,Kuala Lumpur,"13.033594,106.475372",33,M,2018-03-31,active,0.74,0,0,0,auto_approved,0.1599,2022
727cc45d-bad9-424d-be68-991c7999fc75,U000979,2022-05-05 04:03:21,04:03:21,188623.35,online_payment,M00235,USD,success,atm,D002711,204.8.103.89,debit_card,Hanoi,"10.997004,107.803819",69,F,2017-06-23,active,0.96,0,0,0,auto_approved,0.4396,2022
a07f3359-6e78-4a89-8249-6c79c7cea6b5,U001391,2022-09-23 11:39:06,11:39:06,49954.14,purchase,M00470,VND,success,atm,D001996,93.135.71.192,bank_transfer,Kuala Lumpur,"10.660973,106.443385",42,M,2018-07-04,blocked,0.74,0,0,0,auto_approved,0.2153,2022
56249ffa-02d6-489b-98ee-ae6623774a61,U001114,2022-07-11 15:48:23,15:48:23,389749.7,online_payment,M00407,USD,success,pos,D002272,164.125.37.252,mobile_wallet,Ho Chi Minh City,"16.192331,108.935464",31,F,2016-06-26,active,0.63,0,0,0,auto_approved,0.0436,2022
3e26d58a-ff7d-43b5-91f8-8991ad8223d6,U001747,2022-08-26 09:47:48,09:47:48,392606.45,online_payment,M00232,USD,success,pos,D000177,222.53.163.108,mobile_wallet,Singapore,"16.200121,106.998884",46,F,2019-04-07,active,0.46,0,1,1,pending_review,0.5011,2022
f81ae515-17af-475f-89dc-1416e466c0eb,U001677,2022-04-14 23:12:46,23:12:46,786183.1,purchase,M00260,VND,success,mobile,D002010,110.163.155.27,bank_transfer,Ho Chi Minh City,"8.520552,106.073289",23,M,2014-07-05,active,0.69,0,0,0,auto_approved,0.2369,2022
8bc616a9-7655-4515-abca-8adf803cdd0c,U000760,2022-08-28 06:28:20,06:28:20,413802.46,online_payment,M00066,USD,success,pos,D001533,54.100.117.235,bank_transfer,Kuala Lumpur,"9.302037,103.752729",36,F,2019-12-22,active,0.82,0,0,0,auto_approved,0.147,2022
0ac4b137-cd9b-46e3-a727-25db99440adf,U001005,2022-05-16 22:41:13,22:41:13,2799042.21,bill_payment,M00105,VND,success,mobile,D002862,136.10.51.237,debit_card,Kuala Lumpur,"12.804632,105.458221",57,F,2020-05-08,active,0.84,0,0,0,auto_approved,0.2774,2022
923f1acf-a28d-4d08-a1f6-ae8a7e83a9f4,U001424,2022-08-14 18:36:19,18:36:19,336126.84,cash_withdrawal,M00388,VND,success,mobile,D000028,184.100.177.85,credit_card,Ho Chi Minh City,"19.874313,104.159825",47,F,2019-10-05,active,0.55,0,0,0,auto_approved,0.0622,2022
09819368-0c90-4c4e-89c6-b0d18a3c7e38,U001170,2022-10-15 09:48:43,09:48:43,597067.18,purchase,M00324,VND,success,desktop,D000223,210.199.34.100,mobile_wallet,Singapore,"11.556691,104.799322",37,M,2015-07-04,active,0.54,0,0,0,auto_approved,0.0471,2022
17220266-085e-4437-a794-22981bcc8eec,U001172,2022-11-20 18:56:46,18:56:46,710234.66,transfer,M00081,USD,success,mobile,D002097,101.208.74.127,debit_card,Da Nang,"14.987856,108.923333",49,F,2018-02-26,active,0.74,0,0,0,auto_approved,0.0722,2022
41db62f5-4005-442d-826f-1251cd3afc75,U001417,2022-05-10 02:39:26,02:39:26,915484.81,cash_withdrawal,M00421,VND,success,pos,D000107,115.77.73.6,debit_card,Da Nang,"19.856124,105.818533",62,M,2017-04-11,active,0.9,0,0,0,auto_approved,0.0978,2022
7cdcc770-74cf-4125-bc23-032fa9eea189,U000965,2022-12-12 04:47:34,04:47:34,2208653.67,transfer,M00030,USD,success,mobile,D000593,229.95.150.79,credit_card,Kuala Lumpur,"20.535349,108.430072",67,F,2019-06-14,active,0.98,0,0,0,auto_approved,0.4241,2022
8a621ebe-fb05-46a0-900b-f9c17839b4bd,U001452,2022-03-26 09:37:31,09:37:31,572782.35,purchase,M00157,VND,success,pos,D000019,107.80.191.155,mobile_wallet,Kuala Lumpur,"21.633689,105.520054",42,M,2015-10-14,active,0.74,0,0,0,auto_approved,0.2588,2022
59a7d6cd-5485-4a8c-9bef-f81b7599174e,U001429,2022-11-03 04:32:28,04:32:28,3068022.86,purchase,M00475,VND,success,desktop,D001378,138.101.138.243,credit_card,Ho Chi Minh City,"17.125726,102.2569",27,M,2017-12-31,active,0.91,0,1,0,auto_approved,0.3306,2022
4c2e9f41-98af-4932-9e68-cc69e7597733,U001841,2022-05-11 23:26:06,23:26:06,537868.12,purchase,M00297,USD,success,atm,D000992,222.118.96.212,credit_card,Singapore,"13.066181,105.380913",48,M,2017-10-20,active,0.6,0,1,0,auto_approved,0.5878,2022
0be11c2c-33d0-47b9-a044-c28d948077cc,U000265,2022-04-23 07:27:08,07:27:08,609724.43,transfer,M00407,VND,success,atm,D000868,122.206.41.196,debit_card,Kuala Lumpur,"9.006625,102.3363",29,M,2017-06-30,active,0.67,0,0,0,auto_approved,0.066,2022
c77e3a2d-18c6-479a-af1e-fef3965fc1e9,U001040,2022-05-17 01:17:14,01:17:14,86349.74,online_payment,M00293,USD,success,atm,D002727,249.218.33.19,mobile_wallet,Bangkok,"20.901687,103.981048",27,M,2014-11-22,active,0.52,0,0,0,auto_approved,0.1266,2022
a9ae5ed6-b9f1-48e0-aee3-b9b760529c54,U001907,2022-07-14 18:00:52,18:00:52,289041.89,transfer,M00452,VND,success,pos,D001078,68.231.59.178,bank_transfer,Da Nang,"13.059491,105.25354",25,M,2022-03-09,active,0.58,0,1,0,auto_approved,0.4749,2022
6a35db41-8cf9-4451-ae88-2a7dcc08922e,U000737,2022-11-27 11:06:46,11:06:46,354038.73,online_payment,M00455,VND,success,pos,D001768,78.136.47.200,debit_card,Da Nang,"12.625604,108.884712",31,F,2020-01-18,active,0.68,0,0,0,auto_approved,0.4415,2022
01a7303d-4ada-4612-b155-79a552875ccc,U001290,2022-12-17 04:06:41,04:06:41,432608.0,bill_payment,M00131,USD,success,desktop,D002961,216.7.116.65,debit_card,Bangkok,"18.562625,106.27293",41,M,2018-06-22,active,0.99,0,0,0,auto_approved,0.4365,2022
b7d6bf89-ff2c-49d5-9e8e-38685dbd5b49,U000051,2022-05-19 10:28:56,10:28:56,25155.4,transfer,M00359,USD,success,desktop,D001168,111.189.82.95,bank_transfer,Hanoi,"21.868555,105.035312",35,F,2020-05-05,under_review,0.85,0,0,0,auto_approved,0.2009,2022
e90c8d0e-da21-42da-b699-41e224020c34,U001215,2022-05-18 17:59:04,17:59:04,699837.3,purchase,M00018,USD,success,mobile,D001484,245.30.169.173,debit_card,Da Nang,"18.339544,106.717953",44,F,2019-09-09,active,0.9,0,0,0,auto_approved,0.3229,2022
3dcc6536-1539-47af-bb14-be0775cd3d3d,U001452,2022-02-22 03:24:48,03:24:48,996325.76,transfer,M00121,VND,success,desktop,D001580,102.47.187.19,debit_card,Da Nang,"18.370725,104.447783",59,M,2016-09-10,active,0.75,0,0,0,auto_approved,0.0371,2022
48687562-97c3-4817-a320-28cdef1c5188,U000166,2022-07-28 04:23:48,04:23:48,71316.02,bill_payment,M00263,VND,success,pos,D002208,227.10.38.17,bank_transfer,Singapore,"9.895095,102.886995",48,F,2017-08-20,under_review,0.46,0,0,0,auto_approved,0.1237,2022
dba15057-bcc1-4d30-a41a-0025d3c3f07c,U000895,2022-12-07 04:15:48,04:15:48,1166047.77,bill_payment,M00038,USD,success,mobile,D000203,24.192.48.235,mobile_wallet,Da Nang,"12.62068,108.500741",38,F,2021-08-31,active,0.84,0,0,0,auto_approved,0.0859,2022
7d4a1fc4-2894-457d-ac0a-9b2d9a8d26e1,U001501,2022-01-27 21:05:42,21:05:42,408231.57,online_payment,M00346,USD,success,desktop,D002429,225.69.159.37,mobile_wallet,Da Nang,"15.158514,108.189081",64,M,2016-01-26,active,0.66,0,0,0,auto_approved,0.1749,2022
17919c4d-7b65-4ec1-b34b-e592fe278d89,U001283,2022-03-31 14:01:11,14:01:11,559617.81,transfer,M00238,VND,success,mobile,D002849,208.201.185.61,credit_card,Ho Chi Minh City,"13.140366,107.424667",47,M,2018-07-27,active,1.0,0,0,0,auto_approved,0.321,2022
0bcd4d00-4e4a-45c5-8f2b-5d983d929087,U001033,2022-02-08 12:33:17,12:33:17,503478.92,cash_withdrawal,M00218,VND,success,atm,D001030,142.98.196.228,debit_card,Kuala Lumpur,"12.951177,103.662791",35,M,2015-12-02,active,0.99,0,0,0,auto_approved,0.0775,2022
2792e339-a2ba-4d71-bcfe-8d5a7a6f3057,U000551,2022-12-18 21:12:30,21:12:30,71274.85,cash_withdrawal,M00133,USD,success,pos,D002830,219.242.26.94,mobile_wallet,Singapore,"18.648031,104.326297",29,M,2017-01-06,active,0.6,0,0,0,auto_approved,0.4055,2022
03822c45-76db-410e-a07b-e59b670f9c07,U000967,2022-07-10 17:26:28,17:26:28,205005.92,transfer,M00011,USD,success,desktop,D000276,44.202.230.30,mobile_wallet,Hanoi,"8.889083,103.200641",26,M,2021-06-01,active,1.0,0,0,0,auto_approved,0.202,2022
c239bfaf-d657-4689-873c-aa2ed5639bd3,U000389,2022-10-31 16:12:16,16:12:16,1073058.85,cash_withdrawal,M00071,USD,success,desktop,D001745,92.141.77.49,mobile_wallet,Kuala Lumpur,"12.500714,108.220431",44,F,2016-07-13,active,0.91,0,0,0,auto_approved,0.2517,2022
2e124d2d-dd83-4736-b9e6-960b2fbd0696,U001862,2022-07-07 21:03:17,21:03:17,311328.43,cash_withdrawal,M00295,VND,success,atm,D000671,186.108.171.8,mobile_wallet,Kuala Lumpur,"14.610059,102.463955",48,F,2019-10-08,active,0.48,0,1,0,auto_approved,0.4755,2022
4a24c39a-471d-49b7-8b80-32b1fca90732,U001270,2022-03-02 01:02:16,01:02:16,925287.34,transfer,M00187,VND,success,desktop,D002515,191.207.241.84,credit_card,Singapore,"9.357594,104.116992",23,M,2019-08-25,active,0.69,0,0,0,auto_approved,0.0879,2022
516b763d-537b-4769-b936-9255912b1e7a,U000467,2022-05-04 17:57:34,17:57:34,319042.4,online_payment,M00133,VND,success,atm,D002446,7.48.83.185,mobile_wallet,Ho Chi Minh City,"12.487692,102.977364",28,M,2015-04-19,active,0.59,1,0,0,auto_approved,0.5374,2022
07f7dcc4-f2ce-4ee1-9a51-99d59c8b7e9e,U000766,2022-05-28 20:35:53,20:35:53,997742.21,bill_payment,M00313,VND,success,desktop,D001518,28.64.218.174,mobile_wallet,Bangkok,"16.535513,104.651169",25,M,2021-09-30,active,0.76,2,1,0,auto_approved,0.2758,2022
ef040277-eff3-4645-a890-87b08ab69b57,U000803,2022-05-06 21:05:58,21:05:58,29538.71,bill_payment,M00126,VND,success,mobile,D002803,131.244.36.84,bank_transfer,Ho Chi Minh City,"13.208708,103.861799",57,M,2016-10-16,active,0.63,0,0,0,auto_approved,0.4425,2022
d699addf-4c0c-43b1-8fa7-a64a38c9b78a,U001439,2022-05-13 10:44:22,10:44:22,1252206.43,online_payment,M00040,USD,success,pos,D001826,94.36.32.150,bank_transfer,Kuala Lumpur,"8.37575,102.029672",24,M,2016-08-31,active,0.52,0,0,0,auto_approved,0.395,2022
ecb42871-dc4c-4529-b841-f7d220e94769,U000848,2022-01-23 18:21:51,18:21:51,1029207.7,cash_withdrawal,M00010,USD,success,desktop,D001882,26.179.112.168,mobile_wallet,Ho Chi Minh City,"12.246869,105.970764",45,M,2018-08-15,active,0.92,0,0,0,auto_approved,0.2248,2022
fc0082bf-7b64-439b-a151-a054996b66ed,U001664,2022-05-22 08:44:35,08:44:35,1591193.16,bill_payment,M00087,USD,success,pos,D001221,203.143.229.170,bank_transfer,Da Nang,"12.114588,105.180126",22,F,2022-01-12,active,0.75,1,0,0,auto_approved,0.2586,2022
616b8b58-941b-46e4-9843-a087dbe33618,U000982,2022-05-20 00:41:14,00:41:14,470097.35,online_payment,M00289,VND,success,mobile,D002449,115.228.76.137,bank_transfer,Kuala Lumpur,"20.881827,105.692509",68,F,2021-01-16,active,0.8,0,0,0,auto_approved,0.2656,2022
d91975af-9882-4547-afc5-9ea8195a8ade,U001969,2022-10-21 06:24:47,06:24:47,2058113.82,bill_payment,M00282,VND,success,pos,D001333,107.110.64.168,debit_card,Ho Chi Minh City,"15.177013,104.464452",67,F,2019-12-12,active,0.81,2,1,0,auto_approved,0.5966,2022
248c1fd5-849b-4bd3-b159-cc2ce67f2ab9,U001186,2022-09-07 09:06:38,09:06:38,11120.9,transfer,M00232,VND,success,pos,D001559,215.220.93.16,bank_transfer,Kuala Lumpur,"8.524382,103.189069",28,F,2015-07-14,active,0.88,0,0,0,auto_approved,0.1824,2022
600fd752-a4ec-49c8-8501-18552fd86a2d,U000257,2022-07-28 05:44:08,05:44:08,271918.59,online_payment,M00107,VND,success,mobile,D002326,201.174.198.194,mobile_wallet,Kuala Lumpur,"20.708243,105.38403",53,M,2021-06-17,active,0.86,1,0,0,auto_approved,0.2524,2022
77adedbe-62e3-4921-b543-5b967610bb17,U001156,2022-05-12 01:07:20,01:07:20,34301.34,bill_payment,M00371,VND,success,mobile,D002033,230.195.17.1,debit_card,Kuala Lumpur,"8.057361,108.397608",48,M,2015-10-11,active,0.6,0,1,0,auto_approved,0.2353,2022
f3cf19d7-8dc1-491a-94a4-6ab6b4894c77,U000474,2022-05-28 20:42:15,20:42:15,105964.1,purchase,M00207,VND,success,atm,D001614,129.198.165.99,credit_card,Singapore,"8.798125,108.926692",27,F,2022-01-21,under_review,0.71,0,0,0,auto_approved,0.0278,2022
88da1072-0976-48e3-8fff-56ef460d92fa,U001691,2022-05-03 07:42:42,07:42:42,859713.9,online_payment,M00234,USD,success,desktop,D002587,238.189.163.131,credit_card,Ho Chi Minh City,"8.822434,103.130716",47,F,2021-11-04,active,0.46,0,0,0,auto_approved,0.3878,2022
dc13116f-a0fb-4232-9db1-574980a7b003,U001727,2022-01-28 09:40:01,09:40:01,120176.96,cash_withdrawal,M00369,VND,pending,desktop,D001156,240.216.26.226,credit_card,Bangkok,"19.320401,103.672132",39,M,2016-04-08,active,0.55,0,0,0,auto_approved,0.4305,2022
94e1f833-1725-4300-8907-ec1c7dbbf95e,U000625,2022-03-29 19:34:03,19:34:03,211027.13,transfer,M00274,VND,success,atm,D000715,123.54.154.199,mobile_wallet,Bangkok,"21.305281,103.032745",23,M,2016-12-18,active,0.84,0,0,0,auto_approved,0.2026,2022
29911fb8-8f7c-4cfa-92a4-09f8b77ce1a6,U001694,2022-10-29 18:44:02,18:44:02,1319075.48,cash_withdrawal,M00153,USD,success,mobile,D001194,21.230.52.255,debit_card,Ho Chi Minh City,"20.224797,104.041851",34,M,2018-04-08,under_review,0.66,0,0,0,auto_approved,0.1167,2022
fc1a7fcf-f843-4067-b8e2-98e915c6bf55,U001431,2022-03-19 20:26:03,20:26:03,389142.92,online_payment,M00380,VND,success,mobile,D000668,53.214.21.23,mobile_wallet,Ho Chi Minh City,"17.28286,107.166205",31,M,2014-05-05,active,0.68,0,0,0,auto_approved,0.2068,2022
947c1253-588e-4d84-a76f-f5f3e2904787,U001863,2022-06-10 00:04:59,00:04:59,382889.81,online_payment,M00464,USD,success,desktop,D001437,142.27.9.22,mobile_wallet,Hanoi,"17.975255,108.212423",45,M,2015-09-04,active,0.82,0,1,0,auto_approved,0.2873,2022
f25dca10-6c02-4860-ab4e-bfa5c35b49d9,U001583,2022-05-22 15:32:14,15:32:14,233023.02,cash_withdrawal,M00334,USD,pending,desktop,D002161,143.150.231.20,credit_card,Singapore,"13.126339,107.191219",70,F,2022-04-08,active,0.92,0,0,0,auto_approved,0.2157,2022
6ff6cbb5-256c-4aa0-aa65-456f74abd909,U001131,2022-05-27 21:02:03,21:02:03,332824.29,cash_withdrawal,M00368,VND,success,atm,D000041,60.9.116.162,credit_card,Ho Chi Minh City,"19.360737,103.215232",67,M,2016-02-24,active,0.85,0,0,0,auto_approved,0.0129,2022
021cf983-5e3c-43a9-81a3-b9db8b937616,U001331,2022-12-17 09:14:13,09:14:13,464069.08,online_payment,M00349,USD,success,atm,D001456,39.84.49.252,credit_card,Ho Chi Minh City,"14.498103,106.623599",40,F,2018-02-14,active,0.89,0,1,0,auto_approved,0.3725,2022
76c1730d-9a5b-4829-9515-66b4c15b3f43,U000848,2022-05-10 21:47:58,21:47:58,341778.81,bill_payment,M00061,VND,success,desktop,D001022,192.13.189.11,mobile_wallet,Kuala Lumpur,"14.962204,108.14461",33,M,2016-12-30,active,0.91,1,0,0,auto_approved,0.3725,2022
84135e50-eb12-48cf-adbe-ddcc38faf4af,U000484,2022-09-02 01:36:06,01:36:06,122415.43,purchase,M00440,VND,success,desktop,D000130,54.67.228.255,debit_card,Hanoi,"20.788663,102.350731",20,F,2020-06-29,active,0.54,0,0,0,auto_approved,0.2038,2022
a58a20c7-6d02-476d-954a-4f1555d830cc,U001834,2022-05-08 23:13:15,23:13:15,467073.93,online_payment,M00439,USD,success,mobile,D001491,104.216.127.54,bank_transfer,Singapore,"13.671722,107.198069",23,M,2022-04-03,active,0.56,0,0,0,auto_approved,0.071,2022
54985837-dbd3-4231-b50f-d22cd1228075,U000755,2022-01-14 11:56:45,11:56:45,55207.42,online_payment,M00324,USD,success,atm,D001875,65.4.42.132,credit_card,Bangkok,"19.623992,104.132819",18,F,2018-01-26,active,0.7,1,0,0,auto_approved,0.1972,2022
6c137fff-cef2-498f-8ba3-448857596e8b,U001813,2022-01-31 06:30:54,06:30:54,256203.55,bill_payment,M00320,VND,success,pos,D001876,170.150.89.129,mobile_wallet,Kuala Lumpur,"11.158704,105.902294",38,M,2020-01-06,active,0.93,0,0,0,auto_approved,0.0334,2022
a86eaa92-67b6-4bf0-9c75-9315b439f43c,U000531,2022-06-21 02:03:12,02:03:12,266190.63,cash_withdrawal,M00455,USD,success,pos,D002804,222.188.173.201,credit_card,Da Nang,"20.114877,105.934453",45,M,2015-05-24,active,0.93,1,0,0,auto_approved,0.3694,2022
83460933-0203-45c2-9939-5d311727d2d3,U000128,2022-01-24 09:25:48,09:25:48,463367.89,bill_payment,M00273,USD,success,desktop,D002370,104.180.108.127,credit_card,Hanoi,"14.711269,102.167053",59,F,2014-12-08,active,0.83,0,0,0,auto_approved,0.3744,2022
cf561d3c-bf4a-4030-95d5-7ce8d5cdc88c,U000043,2022-07-04 03:24:26,03:24:26,205856.38,transfer,M00322,USD,success,atm,D002834,107.197.72.236,debit_card,Hanoi,"21.141511,103.166654",50,M,2021-06-08,active,0.73,0,0,0,auto_approved,0.0397,2022
978ba031-50b4-4fd5-818a-144b39769749,U000204,2022-09-05 13:03:15,13:03:15,1548978.15,cash_withdrawal,M00066,VND,success,mobile,D001132,228.72.47.72,bank_transfer,Ho Chi Minh City,"18.340984,104.561603",52,M,2021-02-11,active,0.56,0,0,0,auto_approved,0.3751,2022
da0fa59e-07c6-44da-abd4-afc88fe7b465,U001507,2022-05-20 11:11:08,11:11:08,2310516.15,transfer,M00404,USD,success,pos,D001848,14.231.188.122,mobile_wallet,Singapore,"9.580378,102.569026",30,M,2017-11-29,active,0.61,0,0,0,auto_approved,0.1434,2022
2b5aa930-514a-4007-aa84-586cb56ca65b,U001886,2022-01-11 01:53:05,01:53:05,1013885.52,bill_payment,M00043,USD,success,desktop,D002479,221.95.215.33,credit_card,Da Nang,"8.833655,103.58312",18,M,2021-01-21,active,0.6,0,0,0,auto_approved,0.1628,2022
d0be10e6-370a-43eb-a8bf-6067a7d8cbe6,U000539,2022-02-28 09:36:15,09:36:15,103312.51,bill_payment,M00200,VND,success,mobile,D001665,111.222.200.87,bank_transfer,Kuala Lumpur,"18.969198,105.909066",24,M,2014-01-11,active,0.54,2,1,0,auto_approved,0.202,2022
07adb458-b2cd-4e84-9844-ad69e129fddb,U000325,2022-03-16 03:15:37,03:15:37,1490588.56,cash_withdrawal,M00239,VND,success,pos,D001850,210.241.226.29,mobile_wallet,Kuala Lumpur,"14.930978,106.717722",55,M,2019-06-22,active,1.0,0,0,0,auto_approved,0.4004,2022
6eb3fb0f-9050-42ef-9601-e3108092ac22,U001669,2022-04-09 22:07:03,22:07:03,1762419.46,online_payment,M00480,VND,success,pos,D001484,40.187.109.182,credit_card,Singapore,"14.625208,108.525656",50,M,2018-08-18,active,0.45,2,1,0,auto_approved,0.1966,2022
2e5cff94-c479-49b4-92a3-d13fa2a8982f,U000361,2022-08-28 20:30:21,20:30:21,32911.2,transfer,M00443,USD,success,atm,D001468,210.217.200.196,bank_transfer,Kuala Lumpur,"17.80323,104.755921",43,F,2014-10-16,active,0.88,0,0,0,auto_approved,0.2029,2022
4bf25e1a-bbbe-431f-adb5-bae5c297dc97,U000109,2022-11-15 08:12:14,08:12:14,853378.55,purchase,M00130,USD,success,mobile,D001674,110.101.112.209,mobile_wallet,Hanoi,"14.905259,108.44052",55,F,2020-06-21,active,0.62,0,0,0,auto_approved,0.3058,2022
6bf68d9e-4157-4154-910e-d56ac4479560,U000352,2022-04-26 17:55:26,17:55:26,392009.74,online_payment,M00375,USD,success,atm,D002843,223.0.133.153,credit_card,Da Nang,"11.256015,102.726013",60,M,2018-08-09,active,0.65,2,1,0,auto_approved,0.3199,2022
1dc25735-5b39-4697-a0a0-469f834b4a51,U001206,2022-05-24 21:52:14,21:52:14,54826.71,bill_payment,M00184,USD,success,desktop,D000736,24.82.26.47,bank_transfer,Kuala Lumpur,"17.405789,106.42963",29,F,2015-08-05,active,0.77,0,0,0,auto_approved,0.2775,2022
8a79dfea-f985-4deb-9f26-518128f1d2ab,U001701,2022-08-12 17:29:02,17:29:02,10452.54,transfer,M00397,VND,success,pos,D001291,178.225.161.89,credit_card,Kuala Lumpur,"12.069044,106.56332",29,F,2019-06-04,active,0.86,0,0,0,auto_approved,0.432,2022
6c9d2e51-9f72-4d98-9af4-590bb174bc72,U001986,2022-03-22 01:13:54,01:13:54,214505.25,transfer,M00355,USD,success,desktop,D000792,5.94.223.111,bank_transfer,Ho Chi Minh City,"10.855234,102.094903",21,F,2018-01-13,active,0.98,0,0,0,auto_approved,0.1464,2022
9e2a6f60-592d-4125-9d20-ef0803c09a23,U000817,2022-05-31 11:18:33,11:18:33,893616.33,purchase,M00426,USD,success,desktop,D001572,15.248.208.248,bank_transfer,Hanoi,"10.435595,105.83865",22,F,2017-05-25,active,0.69,3,1,0,auto_approved,0.2006,2022
aea28f5c-9c7c-4a1a-b666-bf364cd5a501,U000288,2022-11-07 06:02:10,06:02:10,248810.28,bill_payment,M00407,USD,success,desktop,D002486,235.223.246.105,bank_transfer,Singapore,"11.196652,104.448095",20,F,2018-11-26,active,0.49,0,0,0,auto_approved,0.2879,2022
9b2469ad-7a05-49f5-909e-b49930dc3aeb,U000213,2022-03-14 04:51:44,04:51:44,1246009.39,cash_withdrawal,M00322,VND,success,atm,D001918,131.24.244.185,debit_card,Ho Chi Minh City,"12.040279,103.784161",37,M,2019-08-07,active,0.96,0,0,0,auto_approved,0.063,2022
c7fcd241-04b8-42c2-b00a-3e174d7524cb,U001627,2022-07-25 13:36:28,13:36:28,78527.37,purchase,M00160,VND,success,atm,D000449,216.85.169.70,mobile_wallet,Hanoi,"9.579671,106.765197",31,M,2019-11-29,active,0.63,0,0,0,auto_approved,0.1377,2022
79786a5a-e209-45c6-828c-970d3146cead,U001850,2022-11-30 01:38:42,01:38:42,1184252.52,online_payment,M00358,USD,success,pos,D000713,177.241.105.173,credit_card,Bangkok,"16.641673,103.116957",51,M,2019-07-21,active,0.56,0,0,0,auto_approved,0.2175,2022
7b54fc80-0d98-4998-a06e-f09d6b3b5e28,U001397,2022-05-20 03:00:03,03:00:03,319138.89,bill_payment,M00089,VND,success,mobile,D002352,125.211.45.136,credit_card,Bangkok,"19.294878,105.29926",55,F,2014-12-03,active,0.97,0,0,0,auto_approved,0.2011,2022
5a3c2a34-254a-477e-9a0b-d6bcbb6d1ec2,U000448,2022-03-16 15:31:41,15:31:41,493862.25,bill_payment,M00062,VND,success,mobile,D000420,72.25.110.131,mobile_wallet,Kuala Lumpur,"10.500764,105.435008",47,M,2017-12-19,active,0.67,0,0,0,auto_approved,0.3304,2022
a642e889-22fd-46bb-a181-79c84f38595e,U001067,2022-07-14 16:04:35,16:04:35,264911.87,purchase,M00033,VND,success,pos,D002922,222.80.192.110,debit_card,Bangkok,"9.734452,103.826078",43,F,2015-10-04,active,0.73,1,0,0,auto_approved,0.2584,2022
948ddf6e-f510-455b-8b73-a75650ad2672,U000808,2022-04-30 00:58:26,00:58:26,37094.88,purchase,M00139,VND,pending,desktop,D000824,227.158.104.81,debit_card,Hanoi,"21.606757,105.026283",19,M,2018-03-31,active,0.52,0,0,0,auto_approved,0.335,2022
b52c7b58-8b42-479e-8055-61bc11fae425,U000034,2022-07-09 20:31:25,20:31:25,334909.22,purchase,M00243,USD,success,pos,D001673,80.140.234.52,mobile_wallet,Ho Chi Minh City,"18.177892,104.933492",68,M,2021-12-13,active,0.6,0,0,0,auto_approved,0.4285,2022
51768dba-9275-4945-8a01-5714a3e48b84,U001952,2022-10-14 06:00:50,06:00:50,24670.78,bill_payment,M00417,USD,success,pos,D001766,52.117.165.154,bank_transfer,Kuala Lumpur,"20.447277,106.875037",46,F,2016-06-23,active,0.55,0,0,0,auto_approved,0.3868,2022
60c3d6f6-54aa-4011-9ba3-d4f4dadc8485,U000230,2022-11-04 04:34:51,04:34:51,248773.13,bill_payment,M00294,USD,success,mobile,D002066,140.65.237.208,credit_card,Da Nang,"21.493322,107.049875",24,F,2015-06-28,active,0.66,0,0,0,auto_approved,0.0582,2022
c50ba24a-9242-423e-b7c3-52bda70426c0,U001649,2022-05-09 19:45:52,19:45:52,1050064.12,online_payment,M00063,VND,success,desktop,D001750,228.239.142.156,credit_card,Da Nang,"15.29472,103.502348",30,M,2016-01-02,active,0.84,0,0,0,auto_approved,0.265,2022
17e323e6-c0d1-4564-9664-ee23bb1751ec,U000124,2022-11-30 05:31:50,05:31:50,492506.41,bill_payment,M00224,VND,success,mobile,D000734,139.244.184.111,bank_transfer,Bangkok,"15.777706,102.093541",66,M,2017-03-01,active,0.72,0,0,0,auto_approved,0.1361,2022
fad84cd8-bb78-4ba8-9e70-3748323fe4b4,U001503,2022-03-04 16:10:20,16:10:20,603735.61,online_payment,M00143,USD,success,mobile,D002854,8.148.48.143,credit_card,Hanoi,"18.180199,107.411628",60,F,2018-03-23,active,0.96,2,1,0,auto_approved,0.5971,2022
92b0b271-e095-47e4-85c9-b47e5728fca6,U000374,2022-07-21 23:57:59,23:57:59,110121.92,bill_payment,M00407,VND,success,atm,D001118,145.2.56.146,mobile_wallet,Da Nang,"21.675334,104.947367",54,F,2020-12-17,active,0.49,1,0,0,auto_approved,0.299,2022
3aba89b4-0448-4147-b049-f939c6f6fc57,U001489,2022-11-16 04:53:30,04:53:30,1410441.58,transfer,M00459,VND,success,pos,D002770,165.181.16.151,credit_card,Hanoi,"18.807116,108.4799",64,F,2015-07-26,active,0.68,0,0,0,auto_approved,0.1854,2022
29d3406a-9f7a-4f79-a34d-adb35e4a00a3,U001856,2022-04-17 05:33:46,05:33:46,80865.44,transfer,M00004,VND,success,mobile,D002124,67.83.176.189,credit_card,Ho Chi Minh City,"17.168805,104.34983",25,F,2018-10-10,active,0.56,0,0,0,auto_approved,0.3609,2022
49ad5fd7-5a2d-4707-835e-e82fecac31e4,U000671,2022-04-27 17:40:19,17:40:19,2168024.37,cash_withdrawal,M00169,USD,success,atm,D000572,231.161.130.212,debit_card,Kuala Lumpur,"8.444499,104.691249",47,M,2020-10-17,active,0.5,0,0,0,auto_approved,0.2059,2022
12a42cc5-9427-46a7-baa8-14a757f689db,U000080,2022-03-03 02:42:47,02:42:47,127690.88,transfer,M00077,USD,success,mobile,D001651,74.209.226.15,mobile_wallet,Bangkok,"12.174122,106.260971",63,F,2019-03-10,active,0.64,0,0,0,auto_approved,0.1352,2022
06a04bea-8721-42ab-8569-564bcb2d1261,U000037,2022-08-29 08:31:29,08:31:29,1956956.36,purchase,M00259,USD,failed,atm,D000445,25.134.162.9,credit_card,Da Nang,"21.729405,105.462164",18,F,2021-11-14,active,0.93,0,0,0,auto_approved,0.2804,2022
7dc43887-5468-4f7d-9266-9a4a8384b0c1,U001334,2022-07-03 13:58:32,13:58:32,1360162.03,cash_withdrawal,M00224,USD,success,mobile,D002335,130.196.163.209,mobile_wallet,Da Nang,"17.139113,105.910909",24,F,2015-05-28,active,0.78,1,0,0,auto_approved,0.4279,2022
18eaf354-2005-448e-9d01-bb802b7c0d45,U000608,2022-12-07 04:31:05,04:31:05,755339.32,transfer,M00125,VND,success,atm,D001464,93.93.49.209,debit_card,Da Nang,"19.451774,107.601525",33,M,2015-08-13,active,0.73,0,1,0,auto_approved,0.4531,2022
e07ec797-279a-4067-9541-f5edcbd43b0c,U001386,2022-09-23 14:40:39,14:40:39,545423.03,transfer,M00104,VND,success,desktop,D000172,35.219.245.105,mobile_wallet,Ho Chi Minh City,"17.32469,102.197284",65,M,2018-07-10,active,0.47,0,0,0,auto_approved,0.1383,2022
4a3171b0-5d1a-4db7-aaec-a03193b538cc,U001592,2022-03-11 10:07:10,10:07:10,91580.71,online_payment,M00389,USD,success,atm,D001427,12.133.253.168,debit_card,Bangkok,"14.894546,103.738322",65,M,2018-12-11,active,0.9,0,0,0,auto_approved,0.174,2022
024eb8e2-555e-4944-95c1-04347605d024,U001312,2022-07-30 11:51:15,11:51:15,868441.86,transfer,M00465,USD,success,pos,D001681,17.200.197.159,bank_transfer,Bangkok,"20.284255,108.893988",38,F,2021-07-13,active,0.97,0,0,0,auto_approved,0.3736,2022
4dad36cf-32c3-410f-9809-b6df67f62e22,U000888,2022-11-05 22:00:49,22:00:49,241120.95,cash_withdrawal,M00227,VND,pending,pos,D000385,212.234.54.147,bank_transfer,Singapore,"18.829815,108.120409",48,M,2015-05-15,active,0.91,0,0,0,auto_approved,0.3717,2022
56166a70-bd73-4f50-b623-0e10229bdac0,U001881,2022-06-22 15:09:42,15:09:42,1554904.59,cash_withdrawal,M00257,USD,success,mobile,D001932,215.38.145.248,bank_transfer,Hanoi,"13.427382,103.843191",40,F,2016-07-21,active,0.99,0,0,0,auto_approved,0.2565,2022
7fcd48ec-3d52-4115-acf6-7839b7116e80,U001728,2022-05-05 06:24:19,06:24:19,947501.29,online_payment,M00123,VND,success,mobile,D001394,97.192.208.248,mobile_wallet,Bangkok,"18.330632,108.337471",46,M,2016-01-16,active,0.57,0,0,0,auto_approved,0.0576,2022
ee9cadd6-224f-4c53-bce2-ccef33fc66d1,U000540,2022-11-18 06:42:45,06:42:45,203079.58,online_payment,M00014,USD,success,mobile,D002192,110.33.15.216,mobile_wallet,Hanoi,"18.671528,104.968627",44,M,2017-08-29,active,0.73,1,0,0,auto_approved,0.1099,2022
bdb19d3a-fec1-4a8f-9620-0488d41fcde4,U000146,2022-11-14 08:55:13,08:55:13,178185.21,online_payment,M00140,VND,success,mobile,D002285,227.46.194.98,credit_card,Bangkok,"21.565232,105.807535",22,F,2021-10-13,active,0.79,0,0,0,auto_approved,0.2149,2022
2b35944f-d782-4b0c-8af2-2eb855b2c724,U001075,2022-08-27 09:47:33,09:47:33,750431.15,online_payment,M00282,VND,success,desktop,D002034,250.93.90.169,debit_card,Ho Chi Minh City,"19.758245,102.380027",50,F,2015-03-01,active,0.79,0,0,0,auto_approved,0.0922,2022
efe37000-129d-4309-814f-90b4868c29f0,U000753,2022-09-28 05:39:19,05:39:19,128496.05,purchase,M00473,USD,success,pos,D002191,7.221.61.16,bank_transfer,Singapore,"9.778829,105.46256",49,F,2015-08-13,active,0.54,0,0,0,auto_approved,0.0998,2022
ac8d43fe-02a7-42a6-bf62-594d4caf2699,U000869,2022-07-25 15:31:26,15:31:26,1196016.73,transfer,M00453,VND,success,atm,D002170,185.97.16.146,bank_transfer,Ho Chi Minh City,"20.940727,103.227353",48,F,2022-01-11,active,0.78,0,0,0,auto_approved,0.3487,2022
8ce047d2-9754-4670-85f5-f843ae00d345,U000495,2022-10-15 00:39:15,00:39:15,115709.36,transfer,M00314,USD,success,pos,D001811,181.149.92.194,bank_transfer,Bangkok,"21.32043,102.349449",23,M,2017-04-07,active,0.51,2,1,0,auto_approved,0.4655,2022
da804677-fa27-4b5d-979d-fa0097981e4d,U001725,2022-05-18 00:32:39,00:32:39,316022.51,bill_payment,M00480,USD,pending,atm,D001603,129.24.123.245,bank_transfer,Ho Chi Minh City,"21.199573,105.990376",48,F,2014-11-06,active,0.71,0,0,0,auto_approved,0.0656,2022
18814764-345e-4d32-b9f3-5daf378fb1b2,U001803,2022-06-26 13:08:35,13:08:35,635186.34,bill_payment,M00067,VND,success,mobile,D001269,176.70.109.152,credit_card,Da Nang,"15.187637,105.242627",27,M,2019-07-22,active,0.61,0,0,0,auto_approved,0.3686,2022
f106ef71-118c-468f-b49f-aadc07b84e9d,U000453,2022-01-07 12:53:38,12:53:38,1414307.59,transfer,M00238,USD,success,pos,D001010,212.7.71.255,mobile_wallet,Bangkok,"18.461777,105.719642",38,F,2014-05-25,active,0.9,0,0,0,auto_approved,0.3203,2022
fe5a5dcf-63d1-4ecf-8cca-e082cd1c7383,U000962,2022-08-17 13:15:46,13:15:46,885700.35,purchase,M00350,USD,success,pos,D001747,99.175.140.181,mobile_wallet,Kuala Lumpur,"8.470435,106.921297",24,F,2017-04-04,blocked,0.86,0,0,0,auto_approved,0.0807,2022
fd0c028c-83fb-4898-a22e-456cc921cfa1,U001069,2022-09-08 15:48:37,15:48:37,181690.67,bill_payment,M00318,VND,success,mobile,D002280,63.151.43.182,credit_card,Hanoi,"19.199283,102.582518",41,M,2015-11-23,active,0.78,0,0,0,auto_approved,0.1696,2022
9d3c551b-f471-488b-b674-ec00e8444d78,U001487,2022-05-31 20:21:45,20:21:45,1692911.36,purchase,M00260,USD,success,mobile,D002087,40.169.24.242,mobile_wallet,Ho Chi Minh City,"15.129667,103.238408",49,M,2015-12-28,active,0.75,0,0,0,auto_approved,0.3537,2022
573bcff6-76c6-4d31-87c4-066c49fdd29e,U001049,2022-05-09 02:51:48,02:51:48,379724.99,cash_withdrawal,M00046,VND,success,atm,D001580,59.161.133.199,debit_card,Hanoi,"20.4454,108.646119",34,F,2022-02-22,active,0.6,0,0,0,auto_approved,0.1884,2022
336cb2fa-60ce-49f1-b482-9672327aab40,U001707,2022-02-07 04:30:15,04:30:15,796029.93,bill_payment,M00178,VND,success,mobile,D001152,204.149.157.218,credit_card,Hanoi,"9.751124,107.167688",19,F,2019-01-12,active,0.89,1,0,0,auto_approved,0.0812,2022
6cfb78ac-1bb6-4426-818d-e4e62d7351ad,U001884,2022-02-04 19:56:18,19:56:18,1125029.17,cash_withdrawal,M00370,USD,success,pos,D002542,69.152.11.17,debit_card,Da Nang,"12.455425,107.019031",39,M,2014-09-03,active,0.7,0,0,0,auto_approved,0.0544,2022
476b2be4-dea8-4dd9-9995-8c2451a0b7b3,U001965,2022-01-31 00:34:11,00:34:11,188145.85,online_payment,M00440,USD,success,atm,D000425,89.222.134.154,bank_transfer,Da Nang,"16.914519,108.225424",24,F,2015-07-20,active,0.47,2,1,1,pending_review,0.4278,2022
9d8b7cd8-46b9-499f-885e-055aead39d06,U000693,2022-06-16 23:01:02,23:01:02,379561.48,cash_withdrawal,M00003,USD,success,atm,D000218,190.203.211.217,credit_card,Bangkok,"10.109947,104.366489",19,M,2020-08-02,active,0.88,0,0,0,auto_approved,0.0385,2022
30267ecc-5d14-436a-aab4-452b7358f505,U001424,2022-02-18 07:25:30,07:25:30,361358.82,transfer,M00400,USD,success,desktop,D002438,223.79.221.32,mobile_wallet,Singapore,"19.193622,106.066025",27,M,2017-07-19,active,0.59,0,0,0,auto_approved,0.0839,2022
bc7ee3ea-a69f-423d-a232-604ec7d04959,U001569,2022-08-04 06:49:20,06:49:20,319525.23,online_payment,M00272,VND,success,desktop,D002760,185.7.65.21,debit_card,Kuala Lumpur,"8.066558,107.333339",19,M,2020-12-08,active,0.58,0,0,0,auto_approved,0.1871,2022
d23a5bc5-c3f6-49e2-a650-4b81f8a251d0,U001422,2022-03-10 01:31:49,01:31:49,1189379.5,transfer,M00297,VND,success,mobile,D001551,9.3.111.219,debit_card,Singapore,"21.75718,103.648449",63,M,2016-09-28,active,0.55,0,1,0,auto_approved,0.4647,2022
64e43d92-4634-4f3c-ba32-6221c3d74dcf,U000194,2022-06-25 14:15:28,14:15:28,241050.03,transfer,M00103,VND,success,atm,D002080,254.199.138.125,credit_card,Kuala Lumpur,"8.719042,104.351937",39,F,2020-04-19,active,0.72,0,0,0,auto_approved,0.3592,2022
d66ad0b6-2b34-4a16-846e-bd4c461dc925,U000511,2022-04-04 11:48:06,11:48:06,474323.96,bill_payment,M00195,VND,success,atm,D001089,206.72.52.51,debit_card,Da Nang,"9.184114,103.946757",52,F,2015-01-03,active,0.93,0,0,0,auto_approved,0.0368,2022
04cf2f21-601c-4dc6-b1ce-5a0607adf2c0,U000939,2022-01-27 15:58:18,15:58:18,411552.71,bill_payment,M00359,USD,success,desktop,D001598,116.146.23.236,debit_card,Singapore,"17.884003,104.26574",59,F,2020-01-16,active,0.76,0,0,0,auto_approved,0.3172,2022
a79548e7-116a-47ea-9ae5-42fa4de64b0b,U000093,2022-03-31 20:30:57,20:30:57,249938.8,bill_payment,M00125,USD,success,mobile,D001673,75.106.171.76,credit_card,Bangkok,"20.443171,106.933132",45,M,2016-10-30,under_review,0.75,0,0,0,auto_approved,0.3311,2022
78418d70-c82e-4818-92fd-b1825433fe9e,U001453,2022-12-17 05:28:39,05:28:39,977239.91,cash_withdrawal,M00381,VND,success,atm,D001519,204.165.62.45,bank_transfer,Singapore,"20.973631,105.987462",56,M,2020-12-22,active,0.68,0,0,0,auto_approved,0.2772,2022
2c54982e-319b-4bde-8c65-0c373c303c50,U000067,2022-04-07 08:39:31,08:39:31,153760.79,bill_payment,M00151,USD,success,desktop,D001299,115.176.197.12,bank_transfer,Bangkok,"11.574116,104.806175",57,F,2021-10-25,active,0.9,0,0,0,auto_approved,0.3595,2022
c0bd9336-e7ce-4f3a-a307-f10c9251b93d,U000336,2022-03-29 23:25:40,23:25:40,393466.05,purchase,M00382,USD,success,atm,D002508,46.145.90.74,debit_card,Ho Chi Minh City,"8.59645,104.360001",23,M,2019-03-09,active,0.7,1,0,0,auto_approved,0.4649,2022
3f9d896e-4746-4d19-b921-aa707dfff774,U000611,2022-06-06 17:25:42,17:25:42,1319529.02,online_payment,M00464,VND,success,pos,D000298,12.164.72.206,bank_transfer,Hanoi,"20.900723,105.659852",66,F,2020-02-05,active,0.7,0,0,0,auto_approved,0.0906,2022
52fda296-6956-461c-9801-ac040fb3ed1b,U001094,2022-01-21 05:02:59,05:02:59,167027.22,purchase,M00012,VND,success,desktop,D002057,27.72.48.219,bank_transfer,Bangkok,"18.183249,103.935929",41,M,2021-06-18,active,0.71,0,0,0,auto_approved,0.2212,2022
ebe29455-0dfb-4f49-ae81-a5e441bdc80d,U000012,2022-09-11 12:56:26,12:56:26,1980119.95,transfer,M00116,USD,success,mobile,D002985,96.127.194.246,debit_card,Kuala Lumpur,"16.439543,108.635561",51,M,2018-10-30,under_review,0.64,3,1,0,auto_approved,0.1905,2022
4aeb33d8-0819-469f-8395-f00b20f43984,U001643,2022-04-07 10:06:04,10:06:04,104912.36,bill_payment,M00243,VND,success,atm,D001569,154.102.80.147,credit_card,Da Nang,"8.340982,104.387237",53,F,2018-07-23,active,0.63,0,0,0,auto_approved,0.0426,2022
c5012752-6e2b-4e46-8429-0b76414fc9ad,U001984,2022-09-13 06:49:21,06:49:21,1091292.99,cash_withdrawal,M00271,VND,success,mobile,D002952,40.5.62.19,mobile_wallet,Ho Chi Minh City,"10.647533,104.275585",34,F,2022-07-23,active,0.71,0,0,0,auto_approved,0.4368,2022
a152629c-4d3a-43b4-9b37-c0bbb3536a8d,U001954,2022-05-11 21:22:37,21:22:37,446782.14,bill_payment,M00349,USD,success,desktop,D000877,28.11.217.48,credit_card,Da Nang,"13.464714,104.24184",67,F,2015-07-16,active,0.67,1,0,0,auto_approved,0.1213,2022
993cf33f-1033-4e76-a628-0fe68acaf627,U000278,2022-01-28 22:26:14,22:26:14,311424.97,cash_withdrawal,M00291,VND,success,atm,D002965,15.26.246.49,mobile_wallet,Ho Chi Minh City,"10.242111,104.729991",34,M,2020-07-07,under_review,0.71,0,0,0,auto_approved,0.2741,2022
5fb055f3-d089-4dc3-9b26-de7cb3f1b3d1,U000594,2022-11-24 02:41:32,02:41:32,600811.81,purchase,M00498,VND,success,mobile,D000856,242.111.4.212,bank_transfer,Singapore,"10.723621,102.296563",41,M,2018-12-27,active,0.87,0,0,0,auto_approved,0.1287,2022
2e336d6e-2843-4352-8939-98973fd49063,U000176,2022-07-27 17:59:35,17:59:35,1297730.08,cash_withdrawal,M00020,VND,success,mobile,D000359,229.57.153.180,credit_card,Kuala Lumpur,"12.885934,103.512662",67,F,2021-09-01,under_review,0.86,0,0,0,auto_approved,0.4305,2022
8ff1686d-3a82-445c-a9c9-78b34a9d868d,U001578,2022-10-31 23:35:49,23:35:49,1278524.22,cash_withdrawal,M00200,VND,success,desktop,D000231,173.93.251.131,debit_card,Bangkok,"8.381733,108.305035",29,M,2020-11-22,active,0.88,0,1,0,auto_approved,0.5086,2022
69a52ffd-672f-4925-9a8f-f84218b8bfae,U000084,2022-10-13 15:57:37,15:57:37,596834.42,transfer,M00157,USD,failed,pos,D002146,72.108.11.115,debit_card,Da Nang,"17.110928,107.845875",22,M,2019-09-06,active,0.98,0,0,0,auto_approved,0.1463,2022
8440f770-1803-4c75-9e2b-f473963182d9,U001420,2022-11-08 21:57:52,21:57:52,1133134.18,online_payment,M00083,VND,success,desktop,D002263,222.0.190.139,credit_card,Singapore,"9.299146,103.644074",48,F,2020-07-31,active,0.58,0,0,0,auto_approved,0.0405,2022
d4145912-36ce-4126-9d03-5808d3ce687c,U001511,2022-03-04 01:42:09,01:42:09,59697.65,purchase,M00351,VND,success,atm,D002155,108.133.42.171,bank_transfer,Da Nang,"9.276502,102.017142",67,F,2016-10-16,active,0.66,0,1,1,pending_review,0.2776,2022
9359eba1-851e-47f5-b0df-7135da458993,U001367,2022-03-28 23:15:28,23:15:28,217566.53,online_payment,M00040,USD,success,atm,D001762,171.157.2.162,credit_card,Da Nang,"13.724439,105.096845",21,F,2018-04-01,active,0.92,0,0,0,auto_approved,0.4342,2022
99a6cb61-a7c2-4abd-be11-f734250d270c,U001646,2022-09-18 21:44:58,21:44:58,643954.95,purchase,M00329,USD,success,pos,D001947,221.161.35.207,bank_transfer,Kuala Lumpur,"14.31246,108.532068",62,M,2017-05-24,active,0.81,1,0,0,auto_approved,0.5364,2022
c4d997b0-5203-4e4c-a1a2-3b30ba5b4f63,U001259,2022-10-09 18:32:57,18:32:57,359645.05,bill_payment,M00231,VND,success,atm,D002823,225.70.186.87,bank_transfer,Ho Chi Minh City,"17.455452,103.403749",68,F,2021-11-30,blocked,0.55,1,0,0,auto_approved,0.2354,2022
f6e4a686-0f18-4bd9-ae00-a02a1f5ac840,U000055,2022-11-19 04:55:37,04:55:37,191624.41,cash_withdrawal,M00038,VND,success,atm,D000038,52.69.151.15,mobile_wallet,Da Nang,"14.374276,105.161672",20,M,2020-05-04,active,0.79,2,1,0,auto_approved,0.1982,2022
3fe40020-916b-4e5c-b894-3fb951c32c75,U001044,2022-12-27 14:20:04,14:20:04,1154964.91,transfer,M00186,USD,success,desktop,D001148,79.67.235.35,credit_card,Bangkok,"12.56546,106.2218",44,F,2022-02-17,active,0.85,0,0,0,auto_approved,0.1581,2022
7e216921-f693-4576-b7b3-ecea66783766,U001627,2022-02-17 17:34:17,17:34:17,451469.89,purchase,M00456,VND,success,atm,D001720,14.137.193.141,credit_card,Ho Chi Minh City,"13.788366,104.579099",45,M,2020-10-01,active,0.58,1,0,0,auto_approved,0.215,2022
e4b9bb69-152a-4a16-a433-3e34ff03b0e1,U001166,2022-05-18 19:06:11,19:06:11,843875.3,bill_payment,M00337,USD,success,mobile,D002705,102.120.108.6,bank_transfer,Singapore,"11.494788,105.718783",51,F,2020-03-31,active,0.91,0,0,0,auto_approved,0.377,2022
d73878b6-f5dd-4046-86cf-a189d7d3c6ed,U000396,2022-07-19 08:22:19,08:22:19,338695.38,bill_payment,M00424,USD,success,mobile,D001079,99.215.120.115,mobile_wallet,Bangkok,"19.712873,103.747824",36,M,2015-11-21,active,0.46,0,0,0,auto_approved,0.1469,2022
43a6381f-8f6e-4dec-be3b-c9470b51d520,U001065,2022-06-20 21:36:27,21:36:27,368586.4,transfer,M00006,USD,success,mobile,D002063,195.79.122.193,debit_card,Kuala Lumpur,"11.641632,102.688025",35,M,2015-09-12,active,0.85,0,0,0,auto_approved,0.2868,2022
574db65f-8024-4901-aec5-844a2b60ad0a,U001839,2022-11-04 03:58:32,03:58:32,158362.54,cash_withdrawal,M00422,VND,success,desktop,D002897,83.46.219.55,mobile_wallet,Singapore,"21.858158,103.798402",33,F,2015-05-29,active,0.77,0,0,0,auto_approved,0.2046,2022
1d3d8018-07b4-47c3-9b00-9acc544e4dc8,U000141,2022-05-18 20:02:09,20:02:09,386680.81,bill_payment,M00128,USD,failed,desktop,D000503,133.123.118.24,credit_card,Ho Chi Minh City,"12.764636,103.452214",59,M,2021-05-24,active,0.97,0,0,0,auto_approved,0.3576,2022
096bded6-d23b-4bf8-a517-03fe1ca81ecb,U001016,2022-04-08 23:16:49,23:16:49,908328.27,transfer,M00260,USD,success,atm,D000959,136.87.214.149,mobile_wallet,Singapore,"17.363157,102.63107",62,F,2017-03-18,active,0.67,0,0,0,auto_approved,0.1458,2022
e0b15b16-b691-4797-bd7c-af17cafe6c97,U001616,2022-11-26 13:00:21,13:00:21,173097.84,transfer,M00324,USD,success,pos,D001211,198.224.171.111,debit_card,Singapore,"14.452041,105.382403",32,F,2020-09-01,active,0.77,1,1,0,auto_approved,0.5344,2022
e689e69a-c759-46d4-8189-35ca9cf40a8e,U000228,2022-01-23 12:48:19,12:48:19,56329.79,online_payment,M00410,VND,success,mobile,D001767,39.142.139.41,credit_card,Hanoi,"10.872729,103.930947",32,M,2014-07-25,active,0.58,2,1,0,auto_approved,0.2483,2022
ef4d4fd4-993f-4714-abb6-c98e9be40a5a,U000833,2022-08-18 11:55:54,11:55:54,130037.25,online_payment,M00284,VND,success,desktop,D000412,187.139.61.141,credit_card,Hanoi,"12.684066,107.641688",37,M,2018-11-11,active,0.71,0,0,0,auto_approved,0.2424,2022
a4855952-3921-43c6-9416-bc460f8b68cf,U001675,2022-11-26 00:23:45,00:23:45,879280.55,online_payment,M00253,VND,success,mobile,D000605,223.163.161.201,debit_card,Hanoi,"21.522211,105.300103",43,F,2017-12-29,active,0.95,0,0,0,auto_approved,0.2291,2022
d03fbf71-3f7e-4933-a64f-5f0f5116c49a,U000041,2022-07-03 19:30:20,19:30:20,484521.37,bill_payment,M00142,VND,success,desktop,D002768,124.23.137.13,bank_transfer,Hanoi,"19.392312,108.841005",55,M,2018-10-08,active,0.7,0,0,0,auto_approved,0.3317,2022
a1e7e80c-c11e-4eb4-abf2-460754f989fc,U001443,2022-12-08 09:44:58,09:44:58,26011.96,purchase,M00360,USD,success,atm,D002196,126.187.253.232,mobile_wallet,Singapore,"12.023643,107.277745",40,M,2020-05-03,active,0.92,0,0,0,auto_approved,0.2152,2022
1855bc43-167e-4ade-a6f2-7a3ef08489bc,U001285,2022-11-08 12:10:45,12:10:45,393999.87,bill_payment,M00375,VND,success,desktop,D001694,120.67.92.44,credit_card,Singapore,"12.212782,103.309105",51,F,2016-11-20,active,0.88,1,0,0,auto_approved,0.2593,2022
cbd62543-8e45-46c7-b0f6-a95b6fa9d443,U001371,2022-09-16 12:56:24,12:56:24,361311.58,transfer,M00314,VND,success,desktop,D001882,83.224.80.192,mobile_wallet,Bangkok,"12.063515,107.202376",66,M,2014-08-28,blocked,0.94,0,0,0,auto_approved,0.4475,2022
2135a160-4675-43cc-8329-a355838b6736,U000760,2022-08-01 11:33:48,11:33:48,256500.86,cash_withdrawal,M00129,USD,success,mobile,D002640,102.146.196.51,credit_card,Ho Chi Minh City,"16.321893,102.119281",55,M,2017-05-15,active,0.85,1,0,0,auto_approved,0.1446,2022
5e517c5a-1bf0-4ae6-9a88-77ab09462bdc,U001175,2022-11-19 02:44:55,02:44:55,178228.16,cash_withdrawal,M00374,USD,failed,desktop,D000311,243.191.201.238,debit_card,Bangkok,"15.674231,104.495047",54,M,2017-04-04,active,0.8,0,0,0,auto_approved,0.1975,2022
4eafaac6-62aa-43f4-bc3d-9b14761c3823,U001229,2022-02-20 12:30:25,12:30:25,391404.1,transfer,M00036,USD,success,mobile,D000152,87.205.1.84,bank_transfer,Ho Chi Minh City,"15.483946,108.611889",45,F,2021-12-25,active,0.94,0,0,0,auto_approved,0.3045,2022
8a791b8d-bea3-4dd9-82ec-dd59b536dfd1,U001641,2022-10-13 16:38:51,16:38:51,201071.17,online_payment,M00398,VND,success,pos,D001380,68.237.234.126,debit_card,Bangkok,"13.010922,107.856182",30,M,2015-04-20,active,0.97,0,0,0,auto_approved,0.0266,2022
4e52fb4a-2702-4dcb-8b80-93e2a1b2e6e1,U001597,2022-05-05 03:30:00,03:30:00,599084.56,cash_withdrawal,M00453,USD,success,atm,D001404,126.105.178.116,debit_card,Hanoi,"12.824385,106.013927",33,M,2019-06-19,active,0.73,2,1,0,auto_approved,0.2328,2022
2658c9f7-3a49-462c-85ba-f9538745e659,U001802,2022-05-26 00:20:19,00:20:19,167812.63,cash_withdrawal,M00061,USD,success,atm,D001303,128.135.220.173,debit_card,Bangkok,"13.786858,107.271177",66,M,2016-03-08,under_review,0.84,0,0,0,auto_approved,0.0569,2022
b3c26158-41ec-4dfb-b663-fe838e48e0eb,U000493,2022-06-16 22:50:43,22:50:43,1745632.44,purchase,M00404,VND,success,mobile,D001854,16.61.118.182,debit_card,Ho Chi Minh City,"19.129931,104.296309",42,M,2016-12-24,active,0.91,0,0,0,auto_approved,0.4195,2022
a88ac033-c2f0-4c95-b595-c3f63dc41efa,U001625,2022-01-23 03:17:29,03:17:29,703942.3,online_payment,M00109,VND,success,desktop,D000514,254.49.249.145,debit_card,Singapore,"8.515481,107.382607",18,F,2021-07-03,active,0.96,0,0,0,auto_approved,0.3864,2022
f2517edf-b7cf-4313-bbd5-fc1224b38b07,U000799,2022-04-20 04:45:08,04:45:08,617374.72,bill_payment,M00345,VND,success,atm,D000973,156.145.62.30,bank_transfer,Ho Chi Minh City,"12.962796,104.734575",22,M,2021-05-29,active,0.6,0,0,0,auto_approved,0.1153,2022
c0620675-0002-4131-bd5a-0e3ece02ac81,U001625,2022-09-19 02:49:47,02:49:47,25893.5,purchase,M00482,VND,success,mobile,D002399,87.29.207.55,bank_transfer,Hanoi,"17.93349,106.273886",18,F,2016-09-27,under_review,0.69,1,0,0,auto_approved,0.4872,2022
0127630b-56aa-495e-801f-db8e1c7582aa,U001448,2022-10-09 19:27:19,19:27:19,417852.31,cash_withdrawal,M00239,VND,success,pos,D002123,175.203.69.173,debit_card,Da Nang,"19.267817,108.001873",30,M,2019-12-08,active,0.99,0,0,0,auto_approved,0.2303,2022
3bcca481-d4b5-4c5b-95cf-89d1459d9f29,U000716,2022-10-08 08:19:08,08:19:08,447917.56,online_payment,M00021,VND,success,atm,D001242,46.196.5.201,credit_card,Kuala Lumpur,"9.037837,105.613467",20,F,2016-04-01,active,0.8,0,1,1,pending_review,0.4018,2022
0f0797ff-b4a2-42d1-923d-b1e88a1ea4df,U001459,2022-07-24 00:34:38,00:34:38,1429.38,cash_withdrawal,M00041,USD,success,atm,D001664,129.20.142.139,mobile_wallet,Hanoi,"15.350801,102.638438",32,M,2020-11-16,active,0.97,0,0,0,auto_approved,0.2774,2022
14c604b3-d37f-40ff-9aec-022c07a00bc8,U000028,2022-12-29 07:13:53,07:13:53,2176056.58,cash_withdrawal,M00337,USD,success,desktop,D000105,195.206.137.67,debit_card,Da Nang,"16.544876,105.217519",67,F,2019-06-13,active,0.75,0,0,0,auto_approved,0.4054,2022
19e76709-4be2-47d3-b631-ce4ec91f8319,U000293,2022-08-06 17:39:04,17:39:04,365770.79,cash_withdrawal,M00022,USD,success,pos,D002107,91.140.172.109,debit_card,Singapore,"20.523158,105.089171",53,F,2016-03-30,active,0.46,0,0,0,auto_approved,0.2573,2022
736f553d-1ba4-4f2d-9a57-fae574b4ae7c,U000607,2022-04-12 20:51:29,20:51:29,993977.93,cash_withdrawal,M00443,USD,success,pos,D002596,45.137.245.19,bank_transfer,Hanoi,"10.163088,106.264161",22,M,2017-08-07,active,0.59,0,0,0,auto_approved,0.2825,2022
1a4898b7-85bc-4522-8dad-4e82eeebb1d3,U001858,2022-05-27 18:46:39,18:46:39,452569.69,cash_withdrawal,M00019,VND,success,atm,D001458,84.63.53.140,credit_card,Bangkok,"20.532804,107.691734",39,F,2016-02-07,active,0.6,0,0,0,auto_approved,0.4398,2022
642e9c06-c79b-4c1b-8285-f38d664fc3b1,U001453,2022-01-29 16:50:28,16:50:28,685049.97,purchase,M00500,USD,success,desktop,D000783,70.13.37.249,credit_card,Kuala Lumpur,"8.004702,104.933429",20,M,2018-09-23,active,0.66,0,0,0,auto_approved,0.267,2022
7ca1e3ed-8463-4b93-a552-559c0de42999,U000867,2022-11-18 11:19:29,11:19:29,731209.08,online_payment,M00306,USD,success,pos,D000212,62.225.140.125,bank_transfer,Kuala Lumpur,"18.089174,104.446703",69,M,2016-06-08,active,0.62,0,0,0,auto_approved,0.3825,2022
a4e83626-1835-4468-a0dc-4fd899fb1221,U000191,2022-02-07 18:02:36,18:02:36,817328.93,online_payment,M00421,USD,success,atm,D000484,175.142.41.88,mobile_wallet,Ho Chi Minh City,"21.562715,106.544261",38,M,2019-09-09,active,0.51,0,0,0,auto_approved,0.4335,2022
6465ce99-c1f7-4f91-a769-89e2dcf17363,U001282,2022-08-02 14:33:55,14:33:55,622623.28,cash_withdrawal,M00426,USD,success,mobile,D002342,34.51.127.105,credit_card,Hanoi,"18.000159,102.983688",36,F,2019-03-21,under_review,0.48,0,0,0,auto_approved,0.4458,2022
fa26aa65-c7b1-46da-a24f-746dfbfbeff8,U001573,2022-10-09 07:46:28,07:46:28,96294.93,purchase,M00131,VND,success,pos,D000264,63.12.72.110,bank_transfer,Bangkok,"20.739174,102.007975",39,M,2015-06-30,under_review,0.98,0,0,0,auto_approved,0.0788,2022
f59cccf8-1616-494c-ad53-744348dd6944,U000308,2022-06-12 16:29:11,16:29:11,1546652.11,bill_payment,M00306,USD,success,atm,D000797,68.48.51.130,mobile_wallet,Singapore,"9.756505,108.856649",43,F,2022-04-03,active,0.7,0,0,0,auto_approved,0.0399,2022
7bcf0c1a-f1f5-49cf-9a19-ed1d6dc09fc6,U000102,2022-11-01 20:57:30,20:57:30,138446.58,cash_withdrawal,M00498,VND,success,atm,D002195,130.26.19.77,mobile_wallet,Singapore,"8.982047,106.25539",60,F,2018-07-28,active,0.56,0,0,0,auto_approved,0.0822,2022
3942f31b-9124-4945-bc23-dcc9816c549b,U001525,2022-11-09 18:51:29,18:51:29,703630.3,online_payment,M00169,USD,success,mobile,D002202,92.250.99.241,debit_card,Hanoi,"21.141921,105.220343",25,F,2017-05-03,active,0.8,0,0,0,auto_approved,0.4369,2022
023300e7-e4a3-43c8-a67f-fcc209a48e06,U001403,2022-04-02 20:27:10,20:27:10,2473280.58,transfer,M00250,USD,success,mobile,D002912,154.216.243.40,credit_card,Bangkok,"15.658941,104.920419",32,M,2021-05-27,active,0.8,0,0,0,auto_approved,0.0281,2022
1af33bf5-5d38-4b12-99c4-01b8b4cb79a8,U001903,2022-05-22 03:26:46,03:26:46,196982.02,bill_payment,M00307,VND,success,mobile,D002755,145.70.170.3,bank_transfer,Singapore,"21.761116,103.553084",62,F,2020-04-25,active,0.59,0,0,0,auto_approved,0.1195,2022
6adc57b7-0215-412a-99b8-660ba8ec6022,U000814,2022-06-03 13:28:32,13:28:32,155419.62,cash_withdrawal,M00338,VND,success,atm,D001405,245.62.91.213,mobile_wallet,Kuala Lumpur,"18.491952,104.485036",66,M,2021-05-28,active,0.55,0,0,0,auto_approved,0.2901,2022
464d0bf6-8884-4258-a786-d7d02f6c9e21,U001738,2022-02-20 15:31:28,15:31:28,306946.12,bill_payment,M00278,VND,success,desktop,D002114,139.245.215.194,mobile_wallet,Hanoi,"9.838609,108.55181",70,F,2018-10-17,active,0.78,0,0,0,auto_approved,0.0667,2022
f99104c4-44ab-44aa-89a1-9183040a5446,U001473,2022-06-26 07:00:44,07:00:44,294808.71,cash_withdrawal,M00421,USD,success,atm,D002659,162.103.5.198,credit_card,Singapore,"20.8512,106.074126",24,F,2014-09-15,active,0.77,0,0,0,auto_approved,0.3485,2022
169e2413-e581-4d3c-9627-4c0533f5bc49,U001931,2022-12-19 00:19:50,00:19:50,51857.66,online_payment,M00069,USD,success,atm,D000693,183.154.67.118,credit_card,Kuala Lumpur,"17.543744,103.94049",50,F,2021-10-23,active,0.66,1,0,0,auto_approved,0.1626,2022
9010e032-e1a7-4fb6-81ba-958f29f58a05,U000599,2022-12-19 09:57:54,09:57:54,431026.97,cash_withdrawal,M00042,VND,success,mobile,D000476,19.44.67.14,credit_card,Singapore,"14.424402,103.191007",32,M,2015-03-21,active,1.0,0,0,0,auto_approved,0.0311,2022
9c9866b5-4984-4394-a77c-01e501249756,U000065,2022-07-15 14:29:13,14:29:13,101537.32,transfer,M00244,VND,success,desktop,D002217,112.53.158.25,bank_transfer,Ho Chi Minh City,"17.871685,107.468615",55,M,2017-03-10,active,0.97,0,0,0,auto_approved,0.3464,2022
9f131ef4-77b5-41ab-b64d-ac80b390680b,U001616,2022-08-26 18:02:30,18:02:30,1589020.71,purchase,M00442,VND,success,atm,D000529,205.19.85.226,debit_card,Singapore,"19.843162,106.13216",58,F,2020-09-10,active,0.63,1,0,0,auto_approved,0.4853,2022
9921cf59-4e4e-4d33-b302-445a6d46f213,U000728,2022-08-27 23:11:47,23:11:47,1349264.61,purchase,M00208,VND,pending,atm,D000632,200.30.61.168,debit_card,Singapore,"8.134917,108.116561",34,F,2022-03-18,active,0.89,0,0,0,auto_approved,0.0328,2022
11dce53a-8dd3-4011-8dd1-ff28a9cc4172,U000081,2022-11-17 20:35:04,20:35:04,1123783.1,transfer,M00171,VND,success,desktop,D000523,141.251.73.198,debit_card,Hanoi,"12.590146,105.905211",46,F,2020-08-12,active,0.61,0,0,0,auto_approved,0.1671,2022
8b21135c-40d1-4ade-8fb0-43921aa7b5ac,U001059,2022-06-07 12:52:26,12:52:26,1084610.67,bill_payment,M00146,USD,success,mobile,D000864,232.66.148.53,debit_card,Bangkok,"8.169772,103.959166",23,M,2016-10-18,active,0.62,0,0,0,auto_approved,0.0623,2022
d0bc9476-4b16-4f06-9c4e-5591cf24a9bf,U000040,2022-05-17 14:16:39,14:16:39,299637.93,cash_withdrawal,M00208,USD,success,desktop,D001985,46.23.237.191,bank_transfer,Da Nang,"14.840939,104.201918",65,F,2015-09-27,active,0.71,0,0,0,auto_approved,0.1919,2022
7e75a727-f7a3-49ba-86fc-dad7d80fbb13,U001223,2022-02-09 05:49:07,05:49:07,221950.46,online_payment,M00072,USD,success,pos,D002220,211.234.62.222,mobile_wallet,Hanoi,"18.953001,108.714322",34,M,2020-10-08,active,0.76,0,0,0,auto_approved,0.0323,2022
6b62a2a9-3b1e-4f16-8376-d9e004cbb6dc,U000676,2022-08-01 00:16:09,00:16:09,1662315.31,cash_withdrawal,M00353,VND,success,mobile,D000705,57.118.168.215,bank_transfer,Kuala Lumpur,"17.832763,103.735031",24,F,2014-10-15,active,0.72,0,0,0,auto_approved,0.3151,2022
78d527ae-c22a-4f83-90d6-f903673fc687,U000233,2022-08-01 10:55:49,10:55:49,1250560.57,cash_withdrawal,M00225,USD,success,mobile,D001704,175.208.70.33,bank_transfer,Ho Chi Minh City,"9.552126,106.018636",27,F,2019-05-05,active,0.94,0,0,0,auto_approved,0.2897,2022
0bdb7f41-47e0-4597-97b8-303c5bdb82c7,U000469,2022-12-24 20:41:11,20:41:11,337861.34,transfer,M00432,VND,success,desktop,D001142,224.32.164.225,mobile_wallet,Hanoi,"11.46912,102.557013",61,F,2015-07-25,active,0.75,0,0,0,auto_approved,0.1428,2022
db790fdb-195c-42ef-95af-9bd3a1570ba9,U001784,2022-04-12 06:09:30,06:09:30,1193520.5,online_payment,M00469,VND,success,pos,D002001,152.84.76.90,mobile_wallet,Kuala Lumpur,"11.737633,102.658521",33,M,2016-09-29,blocked,0.89,1,0,0,auto_approved,0.1365,2022
2c5d4ca1-156d-4ed5-8fdf-c90767c2455c,U000020,2022-04-15 13:24:00,13:24:00,3591.06,online_payment,M00242,VND,success,mobile,D002759,234.24.27.178,bank_transfer,Singapore,"20.411961,105.931409",62,M,2019-10-18,active,0.67,0,0,0,auto_approved,0.0102,2022
c5196f7d-c19f-4880-a7d8-af9e454ab379,U000152,2022-04-08 11:02:00,11:02:00,28234.13,bill_payment,M00021,USD,success,mobile,D000260,133.67.249.143,bank_transfer,Ho Chi Minh City,"10.817539,107.98478",52,M,2016-08-24,active,0.52,0,0,0,auto_approved,0.2314,2022
a5304914-e441-4d9a-b96c-c4f24268803f,U000297,2022-04-15 04:40:22,04:40:22,875602.38,transfer,M00453,USD,success,atm,D002056,125.47.101.219,debit_card,Ho Chi Minh City,"20.752213,107.291444",60,F,2015-12-27,active,0.62,0,0,0,auto_approved,0.3733,2022
6a9fc6f6-1070-4079-a91d-72ab746ed243,U000401,2022-08-03 14:55:27,14:55:27,74801.76,online_payment,M00035,USD,success,atm,D000328,49.229.201.122,mobile_wallet,Singapore,"8.403355,105.600099",49,M,2015-05-11,active,0.55,0,0,0,auto_approved,0.1627,2022
e2ce924e-7628-4277-8c1b-eb656cfe9936,U000383,2022-08-04 05:41:23,05:41:23,138114.72,purchase,M00022,USD,success,pos,D002424,64.80.228.136,credit_card,Kuala Lumpur,"11.215302,107.503976",30,F,2018-02-09,active,0.74,0,0,0,auto_approved,0.1326,2022
4a7924ed-f12b-4960-bc42-901bc1b0cd51,U001033,2022-03-20 08:13:58,08:13:58,648914.52,bill_payment,M00019,VND,pending,atm,D001686,186.37.20.217,credit_card,Hanoi,"11.466763,104.869327",48,M,2016-03-08,active,0.46,0,0,0,auto_approved,0.3655,2022
3080f010-3e64-4c9f-878b-7594156fb2bb,U001390,2022-08-15 12:44:53,12:44:53,439442.15,transfer,M00374,USD,success,mobile,D001755,64.182.78.110,bank_transfer,Singapore,"9.367083,102.044309",37,F,2016-10-11,active,0.47,0,0,0,auto_approved,0.2385,2022
c34ac2ad-42b7-4f07-8bd6-b18fe79a37b1,U000600,2022-11-28 10:00:52,10:00:52,31718.28,purchase,M00440,VND,success,pos,D000916,78.197.22.103,bank_transfer,Singapore,"17.099516,108.228719",45,F,2015-02-03,active,0.99,0,0,0,auto_approved,0.1435,2022
c55b013c-37c2-4bb3-a30a-8318f176bc57,U000396,2022-02-10 15:26:20,15:26:20,160838.7,online_payment,M00119,USD,success,pos,D000546,116.154.16.45,credit_card,Da Nang,"9.401759,108.909355",23,F,2020-02-26,active,0.78,0,0,0,auto_approved,0.4445,2022
1e89c5b7-0328-402b-ba24-c3e4eedda225,U001596,2022-11-02 12:19:53,12:19:53,2599650.05,purchase,M00006,VND,success,mobile,D001280,3.144.249.148,bank_transfer,Bangkok,"18.152067,107.705271",34,F,2018-10-16,active,0.47,0,0,0,auto_approved,0.1061,2022
f12acbe6-9615-4130-b16a-d105ec33e81d,U000063,2022-08-27 17:32:30,17:32:30,485179.86,bill_payment,M00348,USD,success,mobile,D002306,21.24.234.94,bank_transfer,Hanoi,"18.368407,107.187041",38,M,2017-08-20,under_review,0.92,2,1,0,auto_approved,0.0898,2022
e1a69d2d-de92-49e0-bd9d-d52521f8296c,U001505,2022-03-07 04:42:33,04:42:33,837614.89,transfer,M00100,VND,success,pos,D000057,102.142.184.184,mobile_wallet,Kuala Lumpur,"21.3097,108.820733",55,M,2014-04-19,active,0.56,0,0,0,auto_approved,0.3639,2022
11af69d9-49e2-4cf7-85d3-ba07eab916c5,U001106,2022-02-11 17:49:16,17:49:16,31641.81,transfer,M00218,USD,failed,desktop,D000911,29.109.66.9,credit_card,Da Nang,"15.924219,104.083011",55,F,2021-05-19,active,0.72,0,0,0,auto_approved,0.0244,2022
e2b93e86-965f-4025-bf55-f1bbb9764755,U000592,2022-11-25 04:00:29,04:00:29,858658.74,transfer,M00197,USD,success,atm,D001926,47.133.30.85,bank_transfer,Kuala Lumpur,"12.733324,106.604363",23,F,2015-03-10,active,0.6,0,0,0,auto_approved,0.3541,2022
f3b01312-867e-4984-91a2-78f4cd2a3eb3,U000005,2022-02-10 20:49:57,20:49:57,3051803.91,purchase,M00228,USD,success,atm,D000017,228.206.11.25,credit_card,Bangkok,"15.31252,106.839364",69,F,2017-05-04,active,0.5,0,1,0,auto_approved,0.6217,2022
ce63527d-b7da-4a02-a448-606190cb4af0,U000531,2022-07-11 05:25:01,05:25:01,532704.76,transfer,M00227,USD,success,mobile,D002437,145.83.3.9,credit_card,Bangkok,"10.581244,103.198637",25,M,2015-11-09,active,0.76,0,0,0,auto_approved,0.2221,2022
c88bdaaa-db4d-434b-9cf6-cc148b4fb492,U001622,2022-06-29 12:48:57,12:48:57,442678.25,cash_withdrawal,M00348,VND,success,desktop,D000993,83.5.19.164,bank_transfer,Kuala Lumpur,"13.426287,108.126976",51,M,2019-09-07,active,0.5,0,0,0,auto_approved,0.0969,2022
f168ecd1-904d-4569-8a0d-19a92ded0d2f,U001476,2022-07-03 07:30:51,07:30:51,2125333.53,online_payment,M00053,USD,success,atm,D002505,199.201.41.46,debit_card,Da Nang,"12.295873,102.598786",64,M,2019-09-23,active,0.5,0,0,0,auto_approved,0.3362,2022
e9378f9f-98dc-4907-b9b3-2451f74d6580,U000617,2022-11-30 06:39:01,06:39:01,176301.54,purchase,M00005,USD,success,atm,D001937,134.252.227.59,debit_card,Da Nang,"16.476605,106.784642",58,M,2016-05-27,active,0.49,1,0,0,auto_approved,0.5512,2022
d4fb5dca-1f79-46a4-b621-e1f172d898fb,U001510,2022-10-05 15:59:28,15:59:28,367044.18,transfer,M00451,USD,success,desktop,D000004,251.242.93.107,bank_transfer,Bangkok,"18.533984,108.912735",46,M,2020-06-09,active,0.7,0,0,0,auto_approved,0.2017,2022
a61d1565-2382-4802-837a-9e27c6807bf6,U000646,2022-11-02 11:12:19,11:12:19,575811.63,bill_payment,M00341,USD,success,atm,D001472,68.211.230.255,credit_card,Da Nang,"20.166448,105.806727",40,F,2015-07-16,active,0.76,0,0,0,auto_approved,0.3335,2022
a5c3f602-df9b-4ff3-9090-b7d3d86a05d6,U001925,2022-06-20 16:07:48,16:07:48,30248.6,bill_payment,M00164,USD,success,atm,D001156,14.224.61.170,bank_transfer,Ho Chi Minh City,"11.647173,103.501785",54,F,2017-11-12,active,0.69,0,1,0,auto_approved,0.3801,2022
36ac4779-5cb7-45a3-9be7-136fba462b2d,U001202,2022-12-24 08:12:29,08:12:29,368904.2,bill_payment,M00441,VND,success,desktop,D000499,47.216.240.81,mobile_wallet,Hanoi,"21.696786,102.172623",21,F,2020-06-25,under_review,0.53,0,0,0,auto_approved,0.102,2022
e82b1440-b261-4f22-a224-683aeb82fbfc,U000425,2022-03-25 14:54:36,14:54:36,1394158.77,bill_payment,M00052,USD,success,pos,D000407,166.35.21.67,bank_transfer,Da Nang,"10.281922,108.080433",22,F,2020-02-19,active,0.95,0,0,0,auto_approved,0.1875,2022
6385a933-0ce2-4581-aafb-72f756e496a1,U001059,2022-10-14 10:34:43,10:34:43,586072.48,bill_payment,M00351,VND,success,desktop,D001670,84.160.254.48,bank_transfer,Ho Chi Minh City,"10.605437,106.077587",66,F,2020-04-13,active,0.69,2,1,0,auto_approved,0.3176,2022
b13e5712-0d8b-4107-84ec-292360da92c8,U000557,2022-04-26 11:47:57,11:47:57,745201.39,purchase,M00430,VND,success,desktop,D002912,119.119.156.95,credit_card,Kuala Lumpur,"20.47011,106.26875",51,M,2017-05-25,active,0.78,0,0,0,auto_approved,0.4496,2022
69600157-2a42-41a9-bf95-8d6e25ca1906,U001090,2022-05-17 22:51:22,22:51:22,289823.45,cash_withdrawal,M00080,VND,success,pos,D000099,26.109.238.111,debit_card,Singapore,"9.673512,104.288718",56,F,2016-09-05,active,0.85,0,1,0,auto_approved,0.3939,2022
b3f7646e-8da7-4e89-bdb1-9b919dab4bf7,U001048,2022-04-28 05:08:04,05:08:04,985246.52,bill_payment,M00219,USD,success,mobile,D001733,173.248.243.210,mobile_wallet,Ho Chi Minh City,"11.882867,102.019817",60,M,2020-07-17,active,1.0,0,0,0,auto_approved,0.2676,2022
670a05b6-a171-4554-9025-dd832c7c55da,U000447,2022-07-07 16:16:11,16:16:11,612565.68,bill_payment,M00393,VND,success,desktop,D002000,195.137.145.45,bank_transfer,Hanoi,"19.226608,105.179821",32,M,2019-11-18,active,0.63,0,0,0,auto_approved,0.0456,2022
038104cb-99be-41f0-8650-8c32133c3388,U001881,2022-06-12 13:15:56,13:15:56,72598.97,transfer,M00043,VND,success,atm,D001043,93.72.169.115,debit_card,Hanoi,"20.635765,104.525406",32,F,2018-03-15,active,0.55,0,0,0,auto_approved,0.0171,2022
f711b7a9-2098-4a32-859d-536ea137200a,U001438,2022-12-29 12:19:39,12:19:39,12751.59,purchase,M00139,VND,success,atm,D000894,123.37.116.31,debit_card,Kuala Lumpur,"16.753998,108.57885",38,M,2018-10-06,active,0.57,0,1,0,auto_approved,0.4957,2022
0b55ed95-9803-4754-a808-70ff91e3ac4c,U001845,2022-01-24 21:50:54,21:50:54,528249.52,bill_payment,M00172,USD,success,mobile,D001291,46.49.140.31,debit_card,Bangkok,"21.752267,102.380331",22,F,2015-07-17,active,0.51,1,0,0,auto_approved,0.5527,2022
d0d9a688-5fbf-46af-82bd-75846f6b5a7a,U001240,2022-03-26 04:03:30,04:03:30,290106.4,cash_withdrawal,M00204,VND,success,atm,D002003,153.205.26.251,mobile_wallet,Ho Chi Minh City,"15.889207,104.183541",35,M,2021-07-26,active,0.89,0,0,0,auto_approved,0.4362,2022
193aa866-e752-4600-bf76-2fe8818b226d,U000334,2022-02-22 03:51:56,03:51:56,516832.17,purchase,M00050,USD,success,desktop,D002675,131.61.138.227,debit_card,Kuala Lumpur,"17.000184,105.341639",27,M,2020-06-17,under_review,0.57,0,0,0,auto_approved,0.2801,2022
042b1b47-7cfd-4940-abc2-098dd699b0b8,U000784,2022-03-24 14:48:33,14:48:33,227319.31,cash_withdrawal,M00478,USD,success,desktop,D001687,221.45.225.181,bank_transfer,Bangkok,"14.782689,103.641501",43,M,2016-03-20,blocked,0.51,0,0,0,auto_approved,0.4038,2022
f81825b2-d2b0-4621-b927-0ecd3461ce4a,U001732,2022-08-23 05:09:43,05:09:43,1037951.74,cash_withdrawal,M00391,VND,success,desktop,D002763,171.10.91.68,debit_card,Hanoi,"9.085417,102.596142",64,F,2018-07-02,active,0.97,0,0,0,auto_approved,0.0761,2022
2c9fe3e7-fd14-4107-8e8f-6831900af4bd,U001242,2022-01-16 08:12:29,08:12:29,211471.43,bill_payment,M00132,USD,success,pos,D000735,208.99.46.37,credit_card,Bangkok,"17.302427,106.664243",26,F,2021-03-05,active,0.8,0,0,0,auto_approved,0.0692,2022
da8e38c1-0ce8-44ff-a589-92f1efd9df4c,U001664,2022-03-11 15:00:10,15:00:10,1036908.42,online_payment,M00243,VND,success,pos,D000082,239.124.77.62,mobile_wallet,Bangkok,"13.913292,108.17967",70,F,2017-03-30,active,0.69,0,0,0,auto_approved,0.2111,2022
10e9230d-1814-4ee1-bffa-751dfb0bee77,U000262,2022-12-02 07:10:24,07:10:24,310967.66,bill_payment,M00121,USD,success,desktop,D000056,101.32.95.66,bank_transfer,Hanoi,"10.990614,106.24706",21,M,2019-02-04,active,0.92,0,0,0,auto_approved,0.034,2022
c585a661-ae13-4d46-97ff-ee19709b36b3,U000419,2022-03-06 00:14:59,00:14:59,1102267.97,cash_withdrawal,M00191,VND,success,pos,D001561,237.120.5.208,bank_transfer,Kuala Lumpur,"19.078303,106.566998",25,F,2015-10-17,active,0.76,0,0,0,auto_approved,0.1342,2022
adc31882-f44a-4c5d-808b-d662f7aef279,U000627,2022-05-29 08:25:33,08:25:33,656185.56,purchase,M00209,USD,success,mobile,D000707,178.131.171.116,debit_card,Bangkok,"10.232251,105.546005",35,F,2015-01-04,active,0.49,0,0,0,auto_approved,0.3279,2022
92354b91-b82e-4396-9da2-a9f2b1aa3ae6,U001186,2022-02-20 07:40:00,07:40:00,590372.95,cash_withdrawal,M00113,USD,success,atm,D002729,34.175.241.72,debit_card,Singapore,"9.557361,104.523444",21,M,2016-08-13,active,0.59,1,0,0,auto_approved,0.2676,2022
76e8337a-731a-4daf-90ef-a3a32a967008,U000035,2022-06-07 20:37:42,20:37:42,106099.53,purchase,M00026,VND,success,atm,D000146,214.178.212.255,mobile_wallet,Hanoi,"16.428198,108.806974",27,F,2018-08-12,active,0.58,2,1,1,pending_review,0.2982,2022
9409b1cc-a98e-4704-8f20-cdd030c39aef,U000970,2022-09-09 19:37:18,19:37:18,792909.54,purchase,M00476,USD,success,desktop,D000017,78.183.17.202,bank_transfer,Hanoi,"11.692661,107.30146",37,M,2021-05-22,active,0.78,0,0,0,auto_approved,0.202,2022
cc2b2036-9167-4d3e-8705-cc8d746f39af,U000366,2022-02-06 20:19:51,20:19:51,1068929.08,transfer,M00319,VND,success,pos,D000753,138.139.61.244,credit_card,Ho Chi Minh City,"10.025236,105.877013",34,M,2017-03-31,active,0.79,0,0,0,auto_approved,0.0945,2022
e6b6a13c-16d2-4680-97d5-8c13646beb68,U000788,2022-07-26 23:37:11,23:37:11,126116.82,transfer,M00389,VND,success,desktop,D001683,56.47.230.60,bank_transfer,Bangkok,"20.032449,105.891249",31,M,2015-12-23,active,0.93,0,0,0,auto_approved,0.2911,2022
8ca57c74-394d-4abe-a1ad-fbc77cd88576,U000474,2022-06-18 22:51:40,22:51:40,2396515.11,transfer,M00150,VND,success,atm,D001614,152.34.23.162,bank_transfer,Bangkok,"15.927516,108.104936",66,M,2016-03-06,active,0.72,0,0,0,auto_approved,0.4494,2022
41840b18-a608-4c45-b103-d962228f451a,U000088,2022-05-07 05:48:45,05:48:45,125344.12,purchase,M00195,VND,success,pos,D000981,161.195.100.180,debit_card,Ho Chi Minh City,"17.583098,107.37524",28,F,2018-07-06,active,0.78,0,0,0,auto_approved,0.2968,2022
0a97f8dd-e77d-4f7c-aef5-64223746783c,U000176,2022-02-11 10:42:00,10:42:00,8254.73,online_payment,M00369,VND,success,atm,D002421,171.188.202.221,credit_card,Hanoi,"8.128341,103.264468",25,M,2019-01-23,blocked,0.98,0,0,0,auto_approved,0.1743,2022
65bb63cf-84a1-4b58-bb41-ddeec8b54c8b,U001932,2022-11-12 21:14:09,21:14:09,295795.83,bill_payment,M00281,USD,success,mobile,D001756,146.52.0.129,bank_transfer,Kuala Lumpur,"13.048501,106.411503",51,M,2016-11-29,active,0.89,0,0,0,auto_approved,0.3258,2022
887fe3f4-7b36-47bb-b34a-faa2ba36d6ea,U000660,2022-12-13 05:49:51,05:49:51,22211.32,bill_payment,M00127,USD,success,pos,D000062,226.37.244.113,credit_card,Hanoi,"11.400003,104.237225",23,M,2021-09-28,blocked,0.81,0,0,0,auto_approved,0.3761,2022
9fcd5019-08eb-42de-a2b1-7249aa80cc82,U001116,2022-10-05 23:03:01,23:03:01,7912.54,transfer,M00075,VND,success,mobile,D000811,198.151.89.123,mobile_wallet,Ho Chi Minh City,"9.560478,106.877175",54,F,2020-07-24,active,0.88,0,0,0,auto_approved,0.1321,2022
0f00ce89-a5e8-4380-8a93-cf2ec01b49aa,U001861,2022-04-13 03:33:16,03:33:16,137994.29,transfer,M00208,USD,success,desktop,D000058,94.183.142.198,bank_transfer,Da Nang,"16.898968,106.34018",54,F,2020-12-16,active,0.88,0,0,0,auto_approved,0.0552,2022
3bb1fed3-3aa4-4590-adcb-a474db0afaf5,U001610,2022-07-01 02:29:56,02:29:56,1758739.93,bill_payment,M00287,VND,success,mobile,D000378,134.203.194.151,mobile_wallet,Ho Chi Minh City,"8.272742,105.598146",43,F,2021-01-14,active,0.6,0,0,0,auto_approved,0.0521,2022
587b5835-cee9-4da6-82c2-3cbd336a228d,U001257,2022-04-30 05:41:56,05:41:56,6861.95,purchase,M00114,VND,success,mobile,D000613,112.60.133.147,credit_card,Da Nang,"14.725685,106.257514",30,F,2019-04-04,active,0.51,0,0,0,auto_approved,0.1499,2022
645c8f3b-3409-472e-82ed-9c65d3896bd9,U001031,2022-02-13 11:49:28,11:49:28,845329.95,purchase,M00410,USD,pending,pos,D002938,164.96.181.234,bank_transfer,Singapore,"8.770969,104.842832",63,M,2014-03-23,under_review,0.83,1,0,0,auto_approved,0.3998,2022
1d9e49ed-c06c-4add-aa03-51f002026978,U000550,2022-02-17 00:31:11,00:31:11,1185898.36,bill_payment,M00004,USD,success,atm,D001205,76.230.109.2,mobile_wallet,Da Nang,"10.75149,103.297462",65,F,2016-07-01,active,0.93,0,0,0,auto_approved,0.0352,2022
f25e4de1-dbbf-45ae-9594-418ca2e89e4e,U000036,2022-02-06 01:38:03,01:38:03,845385.4,online_payment,M00395,USD,success,mobile,D002661,247.167.102.213,credit_card,Singapore,"15.891336,103.987171",68,M,2015-09-25,active,0.96,0,0,0,auto_approved,0.4349,2022
f04df97e-dcfd-4afe-a7e6-a12de79cabe0,U000613,2022-02-26 02:37:33,02:37:33,2240759.75,online_payment,M00040,USD,success,mobile,D000647,47.75.16.217,mobile_wallet,Bangkok,"20.983602,104.454643",31,F,2019-08-29,active,0.52,1,0,0,auto_approved,0.3654,2022
0c6b6eec-934a-4f7f-8717-c85f93ec2ebd,U000002,2022-10-06 15:33:20,15:33:20,218959.7,transfer,M00476,USD,success,pos,D002471,183.120.156.19,credit_card,Bangkok,"12.991623,104.704212",32,M,2019-11-10,active,0.56,0,0,0,auto_approved,0.2493,2022
977c4902-ca1b-40c7-9ef1-4c56e46c7911,U000856,2022-10-22 13:57:56,13:57:56,1275085.03,bill_payment,M00040,VND,success,desktop,D002158,4.92.234.43,bank_transfer,Ho Chi Minh City,"18.969305,106.203693",45,M,2018-09-23,active,0.88,0,0,0,auto_approved,0.3321,2022
cbd49ed9-93c9-4666-95b7-da8c530464f3,U001494,2022-09-10 08:43:34,08:43:34,324348.93,transfer,M00154,USD,success,pos,D000858,32.40.33.117,bank_transfer,Bangkok,"15.416765,103.632137",40,F,2020-09-21,active,0.87,0,0,0,auto_approved,0.0692,2022
59572703-3870-458f-8269-777860e65ec2,U000754,2022-04-04 10:34:01,10:34:01,633687.36,cash_withdrawal,M00395,USD,success,atm,D001735,42.1.94.125,bank_transfer,Kuala Lumpur,"17.877278,107.340667",35,F,2018-07-10,active,0.53,2,1,0,auto_approved,0.3716,2022
91b72b5e-eb6f-47e7-a332-fdc9e63e12f8,U001830,2022-02-24 05:41:57,05:41:57,592905.45,transfer,M00221,VND,success,mobile,D000988,204.107.197.187,mobile_wallet,Singapore,"13.368053,102.97616",41,F,2014-06-06,active,0.68,0,0,0,auto_approved,0.2987,2022
709bec04-45ac-4b26-851b-cf8b12f68855,U001213,2022-07-15 23:15:23,23:15:23,421226.7,online_payment,M00391,USD,success,mobile,D001848,96.141.158.30,debit_card,Da Nang,"14.49599,103.182101",20,F,2019-09-29,active,0.78,0,0,0,auto_approved,0.3611,2022
4a858b31-bdd6-4b58-8bf4-02f1d9baa17d,U001936,2022-06-04 01:29:59,01:29:59,760764.22,bill_payment,M00078,USD,success,pos,D001790,175.212.79.119,credit_card,Da Nang,"8.980318,103.131389",49,F,2017-04-28,active,0.8,0,0,0,auto_approved,0.2804,2022
64508a07-3ac8-45de-99ea-fdbdfc41845b,U001990,2022-12-10 05:43:19,05:43:19,22667.5,cash_withdrawal,M00176,VND,success,mobile,D001779,179.172.172.137,bank_transfer,Hanoi,"9.23575,103.539231",35,M,2016-04-07,active,0.74,0,0,0,auto_approved,0.1386,2022
2069719f-cbcb-40a3-a7d4-d41966c4a992,U000908,2022-10-02 22:45:44,22:45:44,72932.59,online_payment,M00313,USD,success,pos,D002537,112.70.244.57,bank_transfer,Da Nang,"17.494487,103.578441",18,M,2019-08-29,active,0.66,0,0,0,auto_approved,0.4474,2022
db376e65-4e02-441b-9c91-992da9ece491,U000157,2022-06-29 07:14:21,07:14:21,1969628.97,purchase,M00362,VND,success,desktop,D001391,239.100.199.43,credit_card,Da Nang,"21.726871,106.013707",51,F,2020-06-13,active,0.61,0,0,0,auto_approved,0.2388,2022
88dedb97-108f-44e6-91e8-e4e05833fae4,U000398,2022-01-08 13:14:45,13:14:45,4066150.2,purchase,M00251,VND,success,atm,D000596,154.173.73.252,bank_transfer,Kuala Lumpur,"21.7312,104.703487",61,F,2018-10-24,under_review,0.53,0,1,0,auto_approved,0.4775,2022
024f9057-92a2-47ea-a661-0bb6191b558d,U001022,2022-08-30 05:35:00,05:35:00,807034.29,bill_payment,M00202,USD,success,pos,D001312,40.21.248.206,credit_card,Singapore,"17.255101,103.023639",26,M,2021-03-18,active,0.72,1,0,0,auto_approved,0.6259,2022
0bc09d63-c3cb-4a57-a56e-3967136c095f,U000452,2022-12-09 03:32:24,03:32:24,227983.85,online_payment,M00216,USD,success,desktop,D002713,190.180.23.38,debit_card,Bangkok,"12.809414,108.687413",26,M,2020-06-04,active,0.71,0,0,0,auto_approved,0.258,2022
6fde94d8-3f9c-4651-9844-b2f1526a049f,U000960,2022-11-14 17:36:59,17:36:59,193583.26,transfer,M00264,USD,success,atm,D002851,177.136.183.188,credit_card,Bangkok,"12.180102,105.265655",64,F,2019-09-03,active,0.76,0,0,0,auto_approved,0.4146,2022
ab6214f0-446d-44d5-8833-698b8a04ccd1,U001198,2022-12-31 19:05:51,19:05:51,277665.16,transfer,M00219,VND,failed,pos,D000779,149.223.82.167,credit_card,Hanoi,"18.676178,107.552151",40,M,2019-04-02,active,0.87,0,0,0,auto_approved,0.417,2022
8da64ec5-8c6f-4788-ad8d-71cdbe923d16,U001361,2022-11-15 10:11:52,10:11:52,4716.26,purchase,M00402,VND,success,mobile,D002695,201.68.217.193,credit_card,Bangkok,"20.667951,107.111071",47,F,2020-06-01,active,0.49,0,0,0,auto_approved,0.0807,2022
3af5bb63-9f40-4edc-b2a1-3c535f6a45ba,U001295,2022-07-16 14:55:01,14:55:01,614120.8,transfer,M00243,VND,success,desktop,D001541,8.104.76.178,bank_transfer,Kuala Lumpur,"19.940591,104.545501",52,F,2021-05-02,active,0.96,1,0,0,auto_approved,0.5582,2022
1bfb1726-eee6-4f5e-b4db-9473676fb5c0,U000542,2022-10-23 19:26:28,19:26:28,1298049.07,purchase,M00140,VND,success,mobile,D002840,44.102.54.99,mobile_wallet,Singapore,"16.038393,107.860767",52,F,2020-05-20,active,0.58,0,1,0,auto_approved,0.3009,2022
731ea65f-a673-40f3-9306-9387bee00d62,U000313,2022-02-26 06:42:22,06:42:22,633938.03,cash_withdrawal,M00049,USD,success,atm,D000891,199.37.56.51,credit_card,Kuala Lumpur,"14.91568,103.389492",49,M,2020-06-06,active,0.56,0,0,0,auto_approved,0.1649,2022
03dc56fd-945e-4e4c-8931-a8e386714092,U001916,2022-10-05 02:02:46,02:02:46,151944.88,transfer,M00452,VND,success,atm,D001480,198.52.159.98,bank_transfer,Singapore,"21.412557,102.357768",31,F,2017-06-15,active,0.89,0,0,0,auto_approved,0.4348,2022
368518b8-10ce-4748-a741-2fab3fad7a56,U001550,2022-06-10 19:50:40,19:50:40,320106.95,online_payment,M00189,VND,success,mobile,D001303,50.131.245.80,mobile_wallet,Da Nang,"8.835956,103.050791",65,F,2018-03-25,active,0.99,0,0,0,auto_approved,0.0156,2022
9e50384a-4363-4317-9f4b-4ae232fe19c8,U000669,2022-06-14 21:30:33,21:30:33,266997.33,transfer,M00309,USD,failed,mobile,D001251,144.72.94.92,bank_transfer,Bangkok,"20.969905,102.87343",63,M,2018-04-23,active,0.96,0,0,0,auto_approved,0.0914,2022
9834bfdb-0e6a-4806-a5e1-6dc44c948aee,U001910,2022-03-03 05:22:57,05:22:57,197376.82,cash_withdrawal,M00065,USD,success,desktop,D000847,229.252.87.76,debit_card,Bangkok,"8.802521,102.93945",20,M,2019-04-16,active,0.59,0,0,0,auto_approved,0.3082,2022
676b08d8-56aa-4f8b-b0d1-dd5100a2f941,U001634,2022-11-11 18:57:36,18:57:36,1005221.29,bill_payment,M00408,VND,success,mobile,D001707,106.198.7.184,debit_card,Kuala Lumpur,"11.78458,105.814436",36,F,2022-02-12,active,0.86,0,0,0,auto_approved,0.3612,2022
df6602f1-4cf7-4b9c-9ca0-8be4a9b09f42,U000827,2022-05-12 11:36:21,11:36:21,482409.78,transfer,M00240,VND,success,pos,D001082,189.31.38.73,mobile_wallet,Ho Chi Minh City,"9.483081,106.108065",27,M,2016-09-27,active,0.83,0,0,0,auto_approved,0.0765,2022
882e65a0-61dc-4287-9207-94f5c9ecf50d,U001814,2022-07-29 11:05:13,11:05:13,148443.29,transfer,M00176,VND,success,pos,D002598,187.119.76.104,credit_card,Bangkok,"18.797935,103.28931",30,M,2019-07-16,active,0.66,0,0,0,auto_approved,0.2225,2022
167dc2c1-68c9-44dd-be96-91e1e2eb0c64,U001246,2022-08-24 09:52:13,09:52:13,2134468.21,bill_payment,M00201,USD,success,atm,D001705,192.208.246.169,debit_card,Hanoi,"17.318548,106.527611",27,F,2016-12-22,active,0.92,0,0,0,auto_approved,0.3689,2022
e010e2d1-a386-483e-94fc-d6003e9bbd4e,U001498,2022-01-30 00:19:25,00:19:25,125669.21,purchase,M00262,USD,success,pos,D001903,53.211.130.112,credit_card,Ho Chi Minh City,"9.86464,105.504064",18,F,2018-08-10,active,0.52,2,1,0,auto_approved,0.5295,2022
c59836f2-3889-48e2-89c3-89ed68156742,U000649,2022-06-23 15:49:30,15:49:30,1145726.36,purchase,M00051,USD,success,pos,D001010,110.74.40.211,mobile_wallet,Singapore,"13.681008,104.490945",61,F,2020-01-31,active,0.74,0,1,0,auto_approved,0.3092,2022
ce33357d-09d8-46fb-a479-10562340097c,U001315,2022-07-14 00:54:53,00:54:53,41487.5,online_payment,M00160,USD,success,pos,D000058,2.13.212.107,bank_transfer,Da Nang,"21.115963,106.246639",50,F,2022-02-24,active,0.69,0,0,0,auto_approved,0.1223,2022
85c83372-9deb-475f-a230-25a17026f3f5,U001387,2022-02-18 16:49:38,16:49:38,2709849.61,purchase,M00482,USD,success,desktop,D001191,100.19.168.172,bank_transfer,Kuala Lumpur,"19.546924,104.452697",32,M,2014-08-27,active,0.72,0,0,0,auto_approved,0.0594,2022
f7091cdd-f465-47ef-b922-b0da336d0d68,U000553,2022-09-01 06:34:07,06:34:07,557576.75,cash_withdrawal,M00147,VND,success,desktop,D001883,156.59.36.14,debit_card,Hanoi,"9.484656,107.978005",30,M,2020-04-25,active,0.56,2,1,0,auto_approved,0.4287,2022
b535501d-fb07-4e9a-a815-ac86b51bf66c,U001115,2022-10-18 14:07:53,14:07:53,1378874.91,cash_withdrawal,M00455,USD,success,mobile,D000277,171.136.57.135,bank_transfer,Hanoi,"10.459537,107.793691",59,M,2020-09-30,active,0.61,0,1,0,auto_approved,0.5354,2022
97d8bbc4-0bec-4246-b95c-1c49ee36b489,U001477,2022-11-22 03:22:19,03:22:19,186859.35,cash_withdrawal,M00179,USD,success,pos,D002707,177.202.153.106,bank_transfer,Bangkok,"14.875662,107.03741",57,M,2019-03-11,active,0.9,0,0,0,auto_approved,0.1443,2022
3483ee58-93f4-49af-8beb-9730653e3bb5,U001492,2022-05-27 09:57:49,09:57:49,1362886.71,bill_payment,M00072,USD,success,pos,D000302,159.133.77.37,credit_card,Kuala Lumpur,"20.616926,105.967862",40,F,2021-10-23,active,0.85,1,0,0,auto_approved,0.3192,2022
b99f4bc5-3aa5-41fc-b536-55baf2edc7dc,U001622,2022-05-11 11:17:17,11:17:17,1816603.3,transfer,M00134,USD,success,mobile,D002863,217.116.181.76,debit_card,Hanoi,"19.842565,107.701346",29,F,2014-06-30,active,0.84,0,0,0,auto_approved,0.2597,2022
45430186-e2ba-437e-8e8f-40c139feb3df,U000172,2022-11-16 06:08:22,06:08:22,945928.07,cash_withdrawal,M00404,USD,pending,atm,D002428,86.63.202.234,bank_transfer,Bangkok,"18.953386,105.844364",63,F,2020-03-05,active,0.77,1,1,1,pending_review,0.5027,2022
4da7394a-204b-422c-87a7-fb4261fc335b,U001678,2022-07-16 16:25:44,16:25:44,84589.21,transfer,M00140,USD,success,desktop,D001840,178.58.134.149,credit_card,Ho Chi Minh City,"10.900058,108.465663",51,M,2020-07-26,active,0.61,0,0,0,auto_approved,0.3163,2022
399fc00d-d11a-4b80-99bc-a652b3eda4a6,U001325,2022-12-29 12:39:10,12:39:10,30399.01,cash_withdrawal,M00482,USD,success,mobile,D001689,33.218.127.118,debit_card,Da Nang,"14.865,108.225842",42,M,2022-10-18,under_review,0.46,0,0,0,auto_approved,0.2942,2022
a805accf-f9f9-47d1-b679-3e88b08a8ef1,U000928,2022-10-31 16:32:17,16:32:17,501238.46,purchase,M00324,USD,success,desktop,D000352,180.74.190.89,credit_card,Hanoi,"12.900827,103.257238",39,F,2016-05-13,under_review,0.66,0,0,0,auto_approved,0.2123,2022
0655b487-071d-4b6e-a3c0-d3ba78392e04,U000496,2022-04-13 06:40:06,06:40:06,1423413.02,purchase,M00406,USD,success,desktop,D000957,143.94.152.233,credit_card,Kuala Lumpur,"14.216046,106.510464",26,F,2020-04-03,active,1.0,0,0,0,auto_approved,0.3754,2022
7ad22b31-9aec-4570-b8ec-b9976f6b6b36,U001355,2022-07-11 11:49:15,11:49:15,49185.04,transfer,M00400,USD,success,pos,D001965,227.248.49.99,bank_transfer,Bangkok,"13.312707,108.467765",55,F,2019-12-16,active,0.83,0,0,0,auto_approved,0.1081,2022
3b0f9604-2501-45fc-bd53-5e32aea5b34f,U001393,2022-02-15 19:23:30,19:23:30,371149.84,bill_payment,M00384,USD,success,desktop,D000068,87.30.90.198,debit_card,Hanoi,"10.458504,105.454012",44,M,2017-03-27,active,0.88,0,0,0,auto_approved,0.0143,2022
3ac84a08-4d46-48c4-8041-3c8ba9a0a318,U001026,2022-01-09 13:48:07,13:48:07,270940.26,cash_withdrawal,M00154,USD,success,atm,D000800,247.150.219.55,debit_card,Kuala Lumpur,"19.023119,108.467332",35,M,2016-11-23,active,0.63,0,0,0,auto_approved,0.288,2022
14d7a2fd-c5ff-43e9-b325-15ed28910c1d,U000184,2022-09-21 16:53:03,16:53:03,272888.11,purchase,M00244,VND,success,pos,D002686,35.136.24.62,mobile_wallet,Hanoi,"11.211329,105.453684",56,M,2022-03-24,active,0.57,0,0,0,auto_approved,0.3826,2022
c28b829a-bf72-4302-89e6-b4f1ac215352,U000857,2022-01-14 10:40:52,10:40:52,555476.43,transfer,M00129,USD,success,atm,D002296,181.42.135.206,bank_transfer,Hanoi,"10.002235,106.053122",25,M,2017-06-04,active,0.94,0,0,0,auto_approved,0.2335,2022
ebae0b8b-4c03-43b6-90e0-2bdf9e59f16c,U000869,2022-01-25 19:57:09,19:57:09,367896.93,transfer,M00247,VND,success,atm,D000438,229.74.227.138,debit_card,Ho Chi Minh City,"18.669537,107.719801",67,M,2014-05-08,active,0.94,1,0,0,auto_approved,0.1379,2022
b6ad002d-ad50-433d-af3a-d338e88729dc,U001355,2022-03-06 05:43:38,05:43:38,97691.36,transfer,M00209,USD,success,atm,D000761,15.130.17.121,credit_card,Da Nang,"8.319552,106.830536",69,M,2019-10-11,active,0.81,0,0,0,auto_approved,0.4306,2022
28ff35dd-e638-4c50-9415-582858957230,U001732,2022-03-20 21:43:55,21:43:55,576370.15,cash_withdrawal,M00234,USD,success,atm,D001868,160.57.34.58,bank_transfer,Hanoi,"13.858057,107.478743",33,M,2019-11-08,active,0.58,0,0,0,auto_approved,0.029,2022
f7c6ff97-63ee-4aa1-8aca-490fbc6d5f61,U000925,2022-10-18 13:38:35,13:38:35,278886.62,transfer,M00379,USD,success,desktop,D002901,33.246.40.188,credit_card,Kuala Lumpur,"20.626602,104.523319",27,F,2022-09-03,active,0.69,0,0,0,auto_approved,0.012,2022
b79e3324-6086-4535-aced-f10f3348abde,U001975,2022-12-02 21:35:33,21:35:33,1187181.21,transfer,M00360,USD,success,desktop,D002261,182.228.251.72,bank_transfer,Bangkok,"8.048434,105.782013",31,F,2020-11-01,active,0.95,0,0,0,auto_approved,0.2566,2022
22ef6278-31c8-41b8-826b-c837302f08bc,U001660,2022-09-26 18:51:44,18:51:44,92580.14,bill_payment,M00463,USD,success,mobile,D001995,238.29.196.114,mobile_wallet,Ho Chi Minh City,"18.250053,103.894888",30,F,2017-04-15,active,0.48,1,0,0,auto_approved,0.5333,2022
0f6df66e-6f43-4260-97e9-f87f879d438d,U001027,2022-05-15 09:51:00,09:51:00,203319.79,bill_payment,M00151,VND,success,mobile,D001581,10.77.129.19,mobile_wallet,Hanoi,"21.673012,107.865755",27,F,2020-12-01,active,0.98,0,0,0,auto_approved,0.0483,2022
2f78183a-fa6c-4b2a-8c49-f0147c01a3c0,U001931,2022-08-03 19:06:02,19:06:02,269959.65,purchase,M00497,USD,success,desktop,D002512,114.207.105.93,credit_card,Singapore,"20.748404,105.274087",64,M,2016-04-11,active,0.57,0,0,0,auto_approved,0.3004,2022
00cdef72-b689-4490-8fe1-cb7c9e26d818,U000009,2022-02-16 15:51:04,15:51:04,46094.46,online_payment,M00074,USD,success,pos,D002253,151.230.250.22,debit_card,Ho Chi Minh City,"12.006827,108.731349",42,M,2014-01-20,active,0.93,1,0,0,auto_approved,0.4422,2022
78908465-f431-489c-9b33-6581f81ab46b,U000692,2022-11-19 06:44:15,06:44:15,38768.42,transfer,M00277,USD,success,desktop,D000104,162.239.144.29,mobile_wallet,Ho Chi Minh City,"13.960826,103.108274",56,M,2015-08-06,active,0.99,0,0,0,auto_approved,0.2203,2022
29784b7b-2ec4-4dfc-9a2c-54f41e85b95c,U000056,2022-12-15 15:05:32,15:05:32,69257.92,purchase,M00257,USD,success,desktop,D000121,84.82.122.97,mobile_wallet,Da Nang,"20.216745,105.949481",29,F,2018-02-26,active,0.9,0,0,0,auto_approved,0.0372,2022
42ceb96f-e543-4484-9e3f-13932899806e,U000806,2022-08-04 07:37:41,07:37:41,1242914.96,cash_withdrawal,M00124,USD,success,atm,D002621,81.26.78.135,credit_card,Da Nang,"12.659833,105.409738",58,M,2019-03-22,active,0.66,0,0,0,auto_approved,0.1584,2022
3214b216-0e36-42e5-af42-d174c54b871c,U000934,2022-03-30 12:56:29,12:56:29,159859.67,cash_withdrawal,M00396,VND,failed,pos,D002047,3.4.205.34,mobile_wallet,Da Nang,"14.485805,102.065916",66,F,2016-03-12,active,0.78,0,0,0,auto_approved,0.1259,2022
4e4ca4a8-2de5-4516-a4dc-17ff662ae5cb,U001118,2022-07-25 13:46:38,13:46:38,340312.1,bill_payment,M00028,VND,success,pos,D002389,174.112.1.48,credit_card,Ho Chi Minh City,"12.426451,108.650042",49,M,2021-03-10,active,0.49,0,0,0,auto_approved,0.0304,2022
ca8780cc-673a-4e75-bd3f-ab8eea538a87,U001013,2022-05-28 06:44:17,06:44:17,215399.83,online_payment,M00252,USD,success,desktop,D002689,124.215.145.52,bank_transfer,Kuala Lumpur,"12.622795,104.594378",23,M,2016-07-12,active,0.54,0,1,0,auto_approved,0.4549,2022
bf9978f0-36c7-42e6-9d43-6c650818848e,U001113,2022-08-02 06:02:31,06:02:31,103946.42,transfer,M00129,USD,success,mobile,D001366,25.242.117.135,debit_card,Hanoi,"9.790935,105.886087",24,F,2018-12-11,active,0.74,1,0,0,auto_approved,0.3822,2022
ec3567af-c95a-4814-ac3f-47112714a398,U000128,2022-10-10 18:05:58,18:05:58,12445.09,transfer,M00435,VND,success,atm,D001541,182.226.55.188,credit_card,Kuala Lumpur,"9.436368,106.022157",21,F,2021-05-02,active,0.52,0,0,0,auto_approved,0.2607,2022
058a63a3-404f-42df-8dd7-b1465db8b304,U001094,2022-08-06 07:06:22,07:06:22,1094191.13,cash_withdrawal,M00325,USD,success,desktop,D002085,177.10.128.91,debit_card,Hanoi,"11.93256,105.006739",55,M,2016-05-12,active,0.65,0,0,0,auto_approved,0.2155,2022
4dc18f84-29e0-439f-a725-c9bb6048a176,U001527,2022-10-04 23:33:57,23:33:57,409130.82,online_payment,M00475,VND,success,pos,D002217,253.155.194.21,debit_card,Ho Chi Minh City,"12.888687,104.124134",47,F,2016-01-28,active,0.73,0,1,0,auto_approved,0.5648,2022
0c92c7d9-3b4d-40d4-a470-fae2a17b45cc,U000340,2022-11-16 09:16:24,09:16:24,400029.82,bill_payment,M00156,USD,success,mobile,D002053,77.31.61.175,bank_transfer,Bangkok,"19.19555,108.012124",21,F,2021-10-19,active,0.74,0,0,0,auto_approved,0.401,2022
3f645681-1890-4257-865a-4a01898ee319,U001878,2022-09-12 17:52:25,17:52:25,1240635.32,purchase,M00186,USD,success,atm,D002431,28.220.183.196,debit_card,Bangkok,"21.424527,108.134581",62,F,2019-09-21,active,0.84,1,0,0,auto_approved,0.2849,2022
d7934958-ecf0-449b-9f18-fbf35b372cf9,U001244,2022-08-16 03:13:36,03:13:36,367781.12,purchase,M00091,VND,success,desktop,D001041,184.221.3.28,debit_card,Kuala Lumpur,"18.411212,107.740234",69,M,2016-01-10,active,0.46,0,0,0,auto_approved,0.2037,2022
8beed1ca-a715-4d91-95e1-037692243ae4,U000409,2022-07-18 00:38:21,00:38:21,3243557.51,transfer,M00016,VND,success,pos,D002544,127.67.155.61,mobile_wallet,Singapore,"12.938137,105.246471",26,M,2018-12-30,active,0.97,0,1,1,pending_review,0.5784,2022
3014c893-60f3-4b88-941a-d96557edc2da,U000388,2022-04-29 23:38:59,23:38:59,54631.98,purchase,M00268,USD,success,mobile,D002314,188.216.234.76,debit_card,Da Nang,"9.775692,107.569015",31,F,2017-09-28,under_review,0.53,0,0,0,auto_approved,0.2972,2022
45088fb9-d43c-4415-a1df-63b789eb150a,U000121,2022-11-28 17:17:07,17:17:07,368692.82,bill_payment,M00108,VND,success,pos,D000250,36.70.220.162,mobile_wallet,Da Nang,"9.129789,104.920425",68,F,2017-07-19,active,0.46,0,0,0,auto_approved,0.3846,2022
76890efc-c193-40d0-9a77-27ffd947ac18,U000028,2022-04-12 00:32:56,00:32:56,1365451.35,online_payment,M00028,USD,success,atm,D001991,132.38.238.114,credit_card,Da Nang,"8.327514,104.155295",56,M,2015-04-28,active,0.99,0,0,0,auto_approved,0.3588,2022
92074a4e-1168-448d-8148-d3b3f43e70f6,U001423,2022-09-10 18:20:09,18:20:09,238228.15,purchase,M00340,USD,success,pos,D002808,185.19.155.164,credit_card,Singapore,"11.058351,108.220853",70,F,2017-01-25,active,0.55,0,0,0,auto_approved,0.0519,2022
5d54c811-bb9b-40bf-a65b-bc9d01b08bbe,U001416,2022-12-31 05:30:14,05:30:14,207453.26,purchase,M00180,USD,success,atm,D001012,101.76.11.186,bank_transfer,Kuala Lumpur,"20.11105,102.302693",64,F,2021-10-17,active,0.84,0,0,0,auto_approved,0.2132,2022
c77e48be-bd65-42c5-9fad-1831d2c80434,U000452,2022-03-26 02:18:25,02:18:25,696774.7,online_payment,M00307,USD,success,desktop,D001175,148.70.225.89,credit_card,Bangkok,"14.326574,102.044726",58,M,2017-07-20,active,0.86,0,0,0,auto_approved,0.3368,2022
9558f445-0d7b-4b85-848a-d611a58a7daa,U001138,2022-07-08 02:51:55,02:51:55,801828.24,bill_payment,M00317,VND,success,atm,D001071,102.70.62.70,credit_card,Da Nang,"13.857528,104.878741",54,F,2018-05-11,active,0.5,0,0,0,auto_approved,0.1894,2022
1180842f-4056-4311-a653-e29f09368c55,U001193,2022-12-20 16:03:00,16:03:00,471563.18,bill_payment,M00278,USD,success,pos,D001329,82.68.181.61,debit_card,Ho Chi Minh City,"8.522803,103.906267",42,M,2021-03-08,active,0.6,0,0,0,auto_approved,0.2254,2022
ccbb2243-9f77-495f-92f5-a5fd1e83f148,U000298,2022-08-01 14:35:10,14:35:10,208914.2,transfer,M00398,VND,success,desktop,D002461,57.238.115.201,credit_card,Ho Chi Minh City,"9.174451,102.059849",66,F,2015-04-25,active,0.98,0,0,0,auto_approved,0.2821,2022
a5cc06e0-4d5d-432b-8780-85742eaee087,U000555,2022-02-15 08:00:35,08:00:35,507691.9,online_payment,M00488,VND,success,desktop,D000317,248.4.38.112,credit_card,Bangkok,"13.51401,105.859116",70,M,2015-07-23,active,0.66,0,0,0,auto_approved,0.3501,2022
b3f590cc-f85f-4762-b13b-488820034445,U000231,2022-01-05 14:20:28,14:20:28,1414146.78,purchase,M00031,VND,success,atm,D000416,176.112.119.152,mobile_wallet,Kuala Lumpur,"16.52964,102.326936",25,M,2017-12-28,active,0.46,0,0,0,auto_approved,0.1239,2022
84ee451b-b93f-423e-9607-3a736a09790f,U001484,2022-06-22 13:57:50,13:57:50,481070.57,purchase,M00341,USD,success,pos,D002484,234.244.216.202,debit_card,Bangkok,"13.949553,105.491052",36,F,2019-03-14,active,0.6,0,0,0,auto_approved,0.309,2022
bbf8be59-1640-4633-888b-3c59ca7a55a7,U001697,2022-06-20 07:50:22,07:50:22,915199.03,bill_payment,M00308,VND,success,pos,D000300,59.222.144.27,mobile_wallet,Ho Chi Minh City,"9.335601,106.806986",62,M,2015-11-29,active,0.54,0,0,0,auto_approved,0.0186,2022
b4a7b7fd-cc8e-4f5a-a4be-6abbae1734bb,U000894,2022-01-30 14:08:15,14:08:15,502794.91,online_payment,M00157,USD,success,atm,D002617,253.39.173.18,debit_card,Singapore,"18.609839,103.677723",53,M,2016-03-12,active,0.61,0,0,0,auto_approved,0.3423,2022
90e87229-c727-4f68-a022-5752afe6ea96,U000404,2022-02-12 14:05:24,14:05:24,838116.95,online_payment,M00319,VND,success,mobile,D001207,130.79.50.242,bank_transfer,Da Nang,"13.999124,102.973628",47,M,2014-12-22,blocked,0.8,2,1,1,pending_review,0.5247,2022
4db78c38-3f74-4ba4-8aaa-38c75d144df8,U001452,2022-12-08 20:36:19,20:36:19,324663.77,purchase,M00400,VND,success,atm,D001419,101.51.40.172,mobile_wallet,Bangkok,"13.517086,107.147091",22,M,2017-08-26,active,0.79,0,0,0,auto_approved,0.3063,2022
5046acf8-0e0d-4f67-80a1-521e513240e8,U001606,2022-10-18 19:20:17,19:20:17,399843.85,bill_payment,M00320,VND,success,pos,D000637,220.244.255.69,mobile_wallet,Ho Chi Minh City,"9.476616,107.465722",58,F,2022-04-19,active,0.6,0,0,0,auto_approved,0.0863,2022
6e1d9735-eb21-41f7-839a-130bcf3e4dfa,U001805,2022-01-28 08:49:44,08:49:44,331921.03,cash_withdrawal,M00376,USD,success,desktop,D002458,3.22.14.239,debit_card,Hanoi,"15.019208,105.294018",33,F,2015-06-17,active,0.51,0,0,0,auto_approved,0.016,2022
b4ce7021-59e5-464a-be54-0d759015485c,U000159,2022-10-04 06:14:40,06:14:40,281013.89,purchase,M00406,USD,success,desktop,D001558,215.161.133.129,credit_card,Singapore,"18.551621,107.412877",69,M,2015-01-09,active,0.97,1,0,0,auto_approved,0.4982,2022
c71337ee-8cd6-4029-862e-3ef4c573f741,U000765,2022-01-26 12:21:17,12:21:17,117398.69,online_payment,M00271,USD,success,desktop,D002408,160.204.20.119,bank_transfer,Bangkok,"19.280242,103.340656",27,M,2018-12-01,active,0.83,0,0,0,auto_approved,0.4321,2022
eab06a97-7752-422a-9b47-8dcc28d4fce4,U001603,2022-04-23 06:08:17,06:08:17,611601.74,online_payment,M00045,VND,success,pos,D000934,158.24.2.179,debit_card,Ho Chi Minh City,"19.487605,104.517763",64,F,2021-04-14,active,0.74,0,1,0,auto_approved,0.2481,2022
6b7a7b92-3912-4630-a23c-123d00242235,U001350,2022-11-05 15:20:35,15:20:35,266118.11,online_payment,M00089,USD,success,atm,D002600,8.45.176.120,debit_card,Bangkok,"21.916846,103.02312",42,F,2022-04-24,active,0.6,0,0,0,auto_approved,0.1013,2022
f9bb5ac4-1022-4d94-8f4a-8771523991ac,U001382,2022-12-10 18:45:19,18:45:19,369102.64,bill_payment,M00007,USD,success,desktop,D002837,16.70.24.8,debit_card,Kuala Lumpur,"10.338149,106.015948",49,M,2016-07-03,active,0.62,0,0,0,auto_approved,0.283,2022
c1d5948a-ed87-49be-b75d-7ac1854fe52e,U000898,2022-06-10 11:48:44,11:48:44,3302816.99,transfer,M00112,USD,pending,atm,D002018,209.178.113.129,credit_card,Ho Chi Minh City,"16.731331,106.810892",42,F,2019-09-30,active,0.51,0,1,0,auto_approved,0.5236,2022
7cd17a1f-9257-4ab0-95f4-f22b8a368c4d,U001052,2022-01-01 16:58:01,16:58:01,186981.56,purchase,M00237,USD,success,atm,D002098,227.228.231.230,credit_card,Singapore,"20.797998,104.108246",29,F,2016-12-12,active,0.51,0,0,0,auto_approved,0.3151,2022
f446f0f1-d8ca-45fa-9507-b0f3275d160b,U001049,2022-03-31 14:13:41,14:13:41,662507.05,cash_withdrawal,M00055,USD,success,atm,D000051,10.215.115.82,bank_transfer,Da Nang,"15.584043,108.188455",37,M,2018-11-16,active,0.73,0,0,0,auto_approved,0.4031,2022
204b162c-aa27-475f-af56-1468202a5ecd,U001328,2022-10-17 19:21:29,19:21:29,159363.0,bill_payment,M00209,VND,success,desktop,D000723,1.209.161.64,bank_transfer,Kuala Lumpur,"16.260311,105.428858",36,M,2018-04-29,active,0.88,0,0,0,auto_approved,0.2551,2022
9bd705fa-5071-4e93-8283-2bcad353b930,U001823,2022-12-28 14:07:17,14:07:17,66255.32,bill_payment,M00107,USD,success,atm,D000042,190.215.177.60,bank_transfer,Ho Chi Minh City,"19.801958,103.160486",49,F,2017-07-23,active,0.54,0,0,0,auto_approved,0.1327,2022
c8904907-0740-46ec-a4be-235359836ef8,U000923,2022-05-22 17:31:39,17:31:39,580646.28,cash_withdrawal,M00170,VND,success,pos,D000397,16.222.144.52,debit_card,Bangkok,"20.892479,104.990922",56,M,2020-09-24,active,0.65,0,0,0,auto_approved,0.0841,2022
8c8473ba-2d5b-4600-a4cd-6f38977dc3f1,U001913,2022-03-05 16:51:15,16:51:15,411504.34,online_payment,M00136,USD,success,desktop,D000914,143.70.24.117,bank_transfer,Hanoi,"20.380269,104.811943",54,M,2019-10-31,active,0.92,0,0,0,auto_approved,0.071,2022
7f269455-1f5c-4be0-b4bf-2a8f50a625d7,U000655,2022-02-23 20:50:17,20:50:17,182146.53,cash_withdrawal,M00201,VND,success,desktop,D000200,62.58.254.206,credit_card,Bangkok,"9.942163,107.849492",60,F,2014-01-17,active,0.69,1,0,0,auto_approved,0.2322,2022
940a0ea9-0ea9-42e5-a7dd-3517a6d7e636,U000206,2022-01-21 23:59:30,23:59:30,308349.67,transfer,M00331,VND,failed,atm,D001200,66.114.215.27,credit_card,Da Nang,"18.548616,103.117219",55,F,2017-01-28,active,0.71,0,0,0,auto_approved,0.3553,2022
87c5ec33-734b-4399-9cc9-395781be9d9e,U001950,2022-07-31 15:26:02,15:26:02,326792.2,purchase,M00335,USD,success,desktop,D002710,124.217.100.132,mobile_wallet,Singapore,"9.171293,107.723353",36,F,2020-03-14,active,0.51,0,0,0,auto_approved,0.2455,2022
4d20d548-39eb-4fda-b34e-ed6b0f4999a5,U000092,2022-12-01 13:59:10,13:59:10,234294.77,online_payment,M00013,USD,failed,atm,D000879,229.200.53.14,debit_card,Singapore,"13.085663,108.420301",63,F,2015-02-12,active,0.7,0,0,0,auto_approved,0.1269,2022
1e817a24-6c43-4d95-bb35-8825a979563d,U001242,2022-04-14 01:17:10,01:17:10,1564284.19,cash_withdrawal,M00315,USD,success,atm,D001985,178.149.224.237,mobile_wallet,Bangkok,"19.656013,102.228612",68,M,2015-04-14,active,0.88,0,0,0,auto_approved,0.1741,2022
8a35ce52-578a-4db5-a564-0dd14573b5a2,U001796,2022-11-30 12:55:55,12:55:55,567687.22,cash_withdrawal,M00039,VND,success,pos,D001190,115.219.159.83,bank_transfer,Hanoi,"9.311956,103.799339",27,M,2017-04-05,active,0.58,0,1,1,pending_review,0.4119,2022
5a6bc342-5fb3-4bce-a52d-9f64fc616d5e,U001812,2022-09-09 14:03:45,14:03:45,70291.39,purchase,M00029,VND,failed,mobile,D000104,15.95.103.162,credit_card,Hanoi,"14.351075,104.610217",19,F,2015-08-02,active,0.79,0,0,0,auto_approved,0.038,2022
9f94b12f-cb22-4b43-8b81-a59f6c7148d2,U001858,2022-04-01 03:01:18,03:01:18,839430.26,transfer,M00356,VND,success,desktop,D001333,72.34.89.114,debit_card,Bangkok,"8.488794,104.668243",46,M,2018-04-03,active,0.98,1,0,0,auto_approved,0.4467,2022
6e82b3b0-f78d-4375-9c17-ae62b55bc02e,U001977,2022-04-06 08:25:55,08:25:55,272102.66,purchase,M00150,VND,success,pos,D000055,195.54.58.68,debit_card,Singapore,"13.70911,106.779797",45,F,2015-11-21,active,0.59,0,0,0,auto_approved,0.2843,2022
69d9baba-e8f1-492a-b886-ca4599fd4382,U000027,2022-06-30 13:20:42,13:20:42,144009.82,online_payment,M00498,VND,success,pos,D002843,55.108.113.61,bank_transfer,Hanoi,"15.648167,107.461779",39,M,2021-04-28,active,0.83,0,0,0,auto_approved,0.2204,2022
bcc335b4-3edf-430f-b7d7-031aa75d651d,U000813,2022-10-10 10:52:51,10:52:51,1016554.2,bill_payment,M00476,USD,pending,mobile,D000173,73.194.251.211,bank_transfer,Singapore,"13.944308,106.103221",23,M,2014-08-15,active,0.76,0,1,0,auto_approved,0.3869,2022
85f1ff3c-a7db-4d11-8471-823fcd9e6e01,U000495,2022-02-12 13:36:00,13:36:00,301666.57,purchase,M00141,USD,success,desktop,D002981,48.70.42.32,debit_card,Ho Chi Minh City,"13.165265,108.55525",46,F,2020-04-15,active,0.51,0,0,0,auto_approved,0.0521,2022
d8633f8a-f95a-4d9a-8599-8df4663802a2,U001486,2022-09-28 00:22:58,00:22:58,669135.06,bill_payment,M00480,USD,success,atm,D002111,106.74.121.251,bank_transfer,Kuala Lumpur,"9.083642,103.862689",69,F,2016-10-10,active,0.77,0,1,0,auto_approved,0.2539,2022
fba9bd0d-7719-4052-9218-69349de9d835,U000893,2022-07-01 12:10:51,12:10:51,2811649.98,purchase,M00166,USD,success,atm,D002617,185.156.47.40,credit_card,Hanoi,"8.872976,103.490242",65,F,2017-03-09,active,0.46,0,0,0,auto_approved,0.2643,2022
adf70d41-c2bc-44b2-ac19-90557e6608ad,U000924,2022-04-02 04:29:27,04:29:27,318840.37,purchase,M00010,USD,success,atm,D002502,171.86.104.184,mobile_wallet,Da Nang,"15.157371,106.212775",19,M,2020-11-27,active,0.94,1,0,0,auto_approved,0.3239,2022
a7283412-8deb-418d-9bb7-babd86bcfd63,U000129,2022-03-25 08:49:24,08:49:24,2353485.08,transfer,M00318,USD,success,desktop,D000131,106.168.189.29,bank_transfer,Kuala Lumpur,"11.591697,104.998061",34,M,2021-12-13,active,0.56,0,0,0,auto_approved,0.2354,2022
5670bcf4-18ef-45f0-b21a-aca24547dc33,U000705,2022-08-21 04:48:17,04:48:17,1097319.91,cash_withdrawal,M00425,VND,success,desktop,D002153,209.34.125.121,bank_transfer,Singapore,"9.541151,105.046831",25,F,2019-07-18,blocked,0.92,0,1,1,pending_review,0.3833,2022
1133ffaf-94c9-41bc-bc87-0a91a1aa7358,U001714,2022-02-12 02:13:25,02:13:25,1300336.33,cash_withdrawal,M00461,USD,success,atm,D001457,183.32.41.83,debit_card,Singapore,"16.844507,105.957489",27,F,2021-07-28,active,0.63,0,0,0,auto_approved,0.0415,2022
7cc2d9ce-9441-4aee-b744-0b1354c4b622,U000346,2022-09-10 08:43:58,08:43:58,346782.87,transfer,M00203,USD,pending,mobile,D001706,30.31.62.77,credit_card,Da Nang,"8.907099,107.461145",26,F,2016-11-18,active,0.67,0,1,0,auto_approved,0.2558,2022
bb03b9f2-52b0-4215-9194-9888adee4d5a,U001496,2022-07-13 03:13:41,03:13:41,48884.66,transfer,M00369,VND,success,mobile,D000782,13.45.191.195,debit_card,Ho Chi Minh City,"17.218569,107.34779",52,F,2018-05-15,active,0.89,0,0,0,auto_approved,0.4136,2022
ffbd176b-2c66-4182-b17d-c255ea3bf6d1,U000069,2022-04-06 11:25:12,11:25:12,8401.97,transfer,M00396,USD,success,desktop,D002753,149.174.180.68,mobile_wallet,Hanoi,"19.505924,102.373971",69,F,2021-10-25,active,0.77,0,0,0,auto_approved,0.431,2022
fd6d769d-6b10-4b91-8d76-3c2ac67e651d,U000080,2022-11-02 17:34:00,17:34:00,1265118.66,online_payment,M00364,VND,failed,atm,D001132,124.63.141.49,credit_card,Ho Chi Minh City,"16.784409,103.056998",48,F,2022-05-14,active,0.62,0,0,0,auto_approved,0.3616,2022
0f742d6b-91f2-4dd1-8024-5935a5b29aee,U000948,2022-12-22 07:38:53,07:38:53,55491.69,online_payment,M00447,USD,success,desktop,D000560,204.97.68.36,bank_transfer,Da Nang,"18.872245,103.453956",48,M,2017-08-12,active,0.98,0,0,0,auto_approved,0.4143,2022
66ce68a1-5b18-49e4-ad3d-7b947df1fc59,U000450,2022-09-10 04:41:31,04:41:31,731249.33,cash_withdrawal,M00351,VND,success,desktop,D000193,50.81.253.238,debit_card,Ho Chi Minh City,"14.225164,104.86686",22,F,2015-08-06,active,0.96,0,0,0,auto_approved,0.3652,2022
fa959852-9929-48e0-ac27-2683a66de0dc,U000649,2022-12-07 15:21:27,15:21:27,1950351.54,bill_payment,M00206,USD,success,atm,D000051,69.193.38.78,mobile_wallet,Bangkok,"15.794799,108.714536",58,F,2015-02-13,active,0.9,1,0,0,auto_approved,0.2665,2022
fa3981d9-617c-46e5-a469-ca768c22b715,U001307,2022-12-01 20:51:04,20:51:04,2225398.25,online_payment,M00379,USD,success,mobile,D002902,2.2.122.20,mobile_wallet,Da Nang,"18.850139,105.85162",56,M,2017-12-22,active,0.77,0,0,0,auto_approved,0.448,2022
8e6b5e5d-b4e8-4961-8e30-671110eedd57,U001801,2022-02-10 09:16:26,09:16:26,1442611.31,cash_withdrawal,M00315,VND,success,atm,D002256,117.68.23.13,mobile_wallet,Bangkok,"18.280477,108.566207",19,F,2021-04-29,active,0.87,0,0,0,auto_approved,0.3557,2022
cb85a969-8129-4b6a-b211-bbf8472a16b4,U001243,2022-02-02 13:21:29,13:21:29,753408.2,online_payment,M00435,VND,failed,mobile,D000125,224.67.190.213,debit_card,Da Nang,"8.878026,106.038649",26,M,2015-09-30,active,0.74,0,0,0,auto_approved,0.4147,2022
026ec5ca-b607-497b-bc4e-d658e7e7ddfe,U001887,2022-09-25 12:50:36,12:50:36,145357.14,purchase,M00082,VND,success,atm,D002353,79.254.179.142,bank_transfer,Kuala Lumpur,"19.135391,103.566551",25,F,2018-11-14,active,0.68,0,0,0,auto_approved,0.3108,2022
3fa39dbe-d912-451b-a443-6443411e7ea7,U000061,2022-05-08 14:57:15,14:57:15,1856092.12,bill_payment,M00371,VND,success,pos,D002092,111.60.65.102,mobile_wallet,Singapore,"21.857649,104.211713",67,M,2018-12-01,active,0.83,0,0,0,auto_approved,0.2532,2022
478452a5-a294-4f12-9d43-19c373a54f80,U000770,2022-07-12 13:00:18,13:00:18,270537.1,purchase,M00408,USD,success,desktop,D000847,145.58.2.91,debit_card,Kuala Lumpur,"11.045266,104.916619",42,M,2017-11-05,active,0.72,0,1,0,auto_approved,0.4128,2022
3b43c749-3399-4abf-9d57-2211cc458f63,U000979,2022-06-19 19:03:34,19:03:34,1412841.58,transfer,M00279,VND,success,atm,D002206,172.134.134.9,mobile_wallet,Singapore,"18.089,106.198602",31,M,2017-06-27,active,0.9,0,0,0,auto_approved,0.1792,2022
815d95f2-4e88-440d-9589-7bab21c164c7,U001560,2022-11-07 13:22:49,13:22:49,295621.39,cash_withdrawal,M00198,VND,success,atm,D000513,204.152.187.99,bank_transfer,Singapore,"19.024911,102.830976",28,M,2019-07-06,active,0.85,0,0,0,auto_approved,0.1298,2022
6a4a281c-6c96-4b43-9bf6-a6d21f2689e8,U001723,2022-02-25 06:20:37,06:20:37,2598.92,bill_payment,M00048,USD,success,pos,D001191,73.65.199.237,mobile_wallet,Ho Chi Minh City,"13.291185,107.165068",32,M,2019-09-26,active,0.99,0,0,0,auto_approved,0.1435,2022
57b10988-ede7-4353-af5d-292f7c4079f4,U000263,2022-01-03 23:37:57,23:37:57,7999.85,transfer,M00225,VND,success,desktop,D002594,181.119.196.208,mobile_wallet,Bangkok,"9.95971,103.993132",31,F,2014-12-29,active,0.54,0,1,0,auto_approved,0.1813,2022
4540865d-7b00-4e62-ab59-b7d5a3e3cfbe,U001644,2022-09-23 19:52:28,19:52:28,16676.37,online_payment,M00399,USD,success,atm,D002191,107.26.207.54,mobile_wallet,Bangkok,"18.090568,102.044574",29,M,2016-08-17,active,0.82,0,0,0,auto_approved,0.3401,2022
11f5a94e-cab4-4d2f-bfad-f1574a2ddb10,U000248,2022-01-03 14:58:26,14:58:26,839660.85,online_payment,M00192,VND,success,atm,D002184,157.255.236.128,credit_card,Hanoi,"17.807283,106.084951",30,M,2017-07-04,active,0.69,0,0,0,auto_approved,0.3124,2022
14095c4e-c3fa-48e3-8f05-713a3d52621f,U000429,2022-10-30 04:18:36,04:18:36,833115.18,online_payment,M00372,VND,success,desktop,D001958,188.110.151.169,bank_transfer,Kuala Lumpur,"11.34041,104.321425",63,M,2016-01-20,active,0.78,0,0,0,auto_approved,0.3616,2022
cdec8a0e-9d66-4836-99f3-0bc2bdbf6cb9,U001805,2022-09-17 17:14:44,17:14:44,449509.96,transfer,M00484,USD,success,pos,D000995,5.113.117.246,debit_card,Ho Chi Minh City,"12.52127,104.767408",51,F,2022-05-23,active,0.89,1,0,0,auto_approved,0.1677,2022
b4b41fde-5b8c-49e7-a11a-7268b5c10682,U000441,2022-01-13 22:39:39,22:39:39,4095.88,bill_payment,M00322,USD,success,atm,D001252,86.136.241.66,credit_card,Ho Chi Minh City,"19.985953,102.117592",53,M,2016-01-22,active,0.7,0,0,0,auto_approved,0.0661,2022
1937292d-e315-44d1-96ae-a45ca24c4b04,U000826,2022-09-06 21:44:57,21:44:57,177235.58,online_payment,M00115,USD,success,mobile,D002000,36.212.254.52,mobile_wallet,Singapore,"10.581436,108.115972",26,M,2020-03-31,active,0.67,0,0,0,auto_approved,0.2646,2022
88f22cec-1b23-4121-8593-03ebc794897c,U001676,2022-06-30 09:11:55,09:11:55,3890847.05,bill_payment,M00095,USD,success,atm,D001958,158.85.17.150,mobile_wallet,Bangkok,"19.324606,103.142389",38,F,2019-12-30,active,0.82,0,1,0,auto_approved,0.3879,2022
ca646093-f617-463d-9748-531d01c535d5,U000434,2022-12-05 10:03:50,10:03:50,696134.82,cash_withdrawal,M00271,USD,success,desktop,D002188,236.100.224.234,credit_card,Bangkok,"18.861187,107.382587",39,F,2019-05-07,active,0.58,0,0,0,auto_approved,0.0161,2022
fec3ed4f-cc4b-4905-a085-ed1b240ee4a1,U001457,2022-03-27 11:37:33,11:37:33,2667852.46,online_payment,M00381,VND,success,desktop,D002774,174.107.82.120,bank_transfer,Bangkok,"16.560514,108.701838",30,F,2017-06-06,active,0.75,0,0,0,auto_approved,0.1168,2022
333bfce3-934a-42cc-b8d6-372158cfb160,U001269,2022-05-04 21:44:11,21:44:11,1545991.08,cash_withdrawal,M00022,USD,success,pos,D002000,104.242.206.168,credit_card,Da Nang,"9.886205,106.257472",51,M,2018-04-19,active,0.58,0,0,0,auto_approved,0.3914,2022
83b020f2-90f2-4496-b5a9-a486e6f230e0,U000481,2022-08-02 00:58:30,00:58:30,220072.34,online_payment,M00127,USD,success,atm,D001136,78.70.62.40,credit_card,Kuala Lumpur,"21.454545,108.047373",22,M,2016-02-23,active,0.99,0,1,0,auto_approved,0.4427,2022
1810f272-1907-4d91-99f0-1dc6cda3f328,U000490,2022-03-10 05:04:46,05:04:46,743573.57,cash_withdrawal,M00446,USD,success,pos,D002636,212.238.242.16,mobile_wallet,Kuala Lumpur,"20.840416,105.372994",57,F,2014-04-27,active,0.81,0,0,0,auto_approved,0.3937,2022
2daef596-0bc6-4fb8-9fc4-a957a5a65344,U001939,2022-01-05 15:38:35,15:38:35,70596.28,cash_withdrawal,M00397,VND,success,pos,D002107,53.221.131.101,debit_card,Kuala Lumpur,"11.127267,102.7195",28,M,2014-04-05,active,0.99,0,0,0,auto_approved,0.2464,2022
c7722b33-a634-4187-8257-69e7b9a6880c,U000657,2022-09-07 14:32:13,14:32:13,475448.73,cash_withdrawal,M00360,USD,success,pos,D000601,218.106.35.50,credit_card,Singapore,"14.468538,108.955776",36,M,2015-09-15,active,0.59,0,1,1,pending_review,0.383,2022
7db9d992-f18a-431d-b79b-c57a0605c0cf,U000173,2022-03-22 00:22:21,00:22:21,900680.34,bill_payment,M00137,USD,success,atm,D002926,185.156.24.210,bank_transfer,Hanoi,"18.519145,108.396714",66,M,2019-05-13,active,0.97,0,0,0,auto_approved,0.1479,2022
656404e9-4498-49d8-af85-eb1718186313,U001364,2022-03-09 01:17:22,01:17:22,594412.22,purchase,M00310,VND,success,mobile,D001725,111.42.119.85,debit_card,Ho Chi Minh City,"16.059592,107.802997",26,F,2018-09-26,active,0.99,0,0,0,auto_approved,0.32,2022
54bf5b9e-46f1-44b0-9f5e-c76e444676be,U001761,2022-05-09 00:02:35,00:02:35,1316341.64,cash_withdrawal,M00129,USD,success,desktop,D000901,138.200.228.206,credit_card,Hanoi,"20.426063,103.39933",69,F,2019-07-24,active,0.8,0,0,0,auto_approved,0.3854,2022
498d0e8e-d6f0-4575-a475-40ffe598f360,U000429,2022-09-26 13:16:36,13:16:36,57623.43,transfer,M00234,VND,success,pos,D000579,151.143.15.78,bank_transfer,Hanoi,"15.830511,107.80541",24,F,2016-07-27,active,0.63,0,0,0,auto_approved,0.257,2022
95bcd1b2-9af0-4ac1-97b9-05597294a902,U000898,2022-11-04 00:51:11,00:51:11,222398.93,online_payment,M00135,VND,success,pos,D000669,254.35.8.8,mobile_wallet,Da Nang,"11.613354,105.675647",67,F,2015-05-10,active,0.57,0,0,0,auto_approved,0.1664,2022
93f4e131-91ba-448b-8094-dc1e4abc0e25,U001199,2022-11-05 21:01:36,21:01:36,1844852.67,transfer,M00034,USD,success,mobile,D000039,220.195.71.18,mobile_wallet,Ho Chi Minh City,"19.494025,105.859303",20,M,2020-02-14,active,0.87,0,0,0,auto_approved,0.3505,2022
60836521-20fe-4f54-95c0-f06fc05739a3,U001407,2022-04-17 17:01:30,17:01:30,54783.65,purchase,M00021,USD,success,mobile,D000961,123.25.117.44,mobile_wallet,Bangkok,"11.191422,102.13223",43,F,2018-08-03,active,0.71,0,0,0,auto_approved,0.0928,2022
01177fb0-2de8-46ae-bdf1-a23e109be72c,U000896,2022-11-21 13:16:32,13:16:32,822043.6,cash_withdrawal,M00377,VND,success,atm,D001306,43.219.40.128,mobile_wallet,Kuala Lumpur,"12.163379,106.859831",57,M,2018-08-04,active,0.79,0,0,0,auto_approved,0.0186,2022
5357f9e8-495d-4d05-b99c-b21c762bdb58,U001429,2022-11-11 04:48:40,04:48:40,875155.27,transfer,M00009,VND,success,pos,D000048,126.44.141.229,mobile_wallet,Ho Chi Minh City,"15.05164,104.804751",53,M,2016-09-13,active,0.72,0,1,0,auto_approved,0.4315,2022
a9f08517-4fc1-4356-bc85-25c86e1bc3c5,U001308,2022-10-18 11:46:21,11:46:21,378612.43,bill_payment,M00286,USD,success,pos,D000144,165.9.4.215,credit_card,Ho Chi Minh City,"19.874843,107.881911",23,M,2022-01-02,active,0.66,0,0,0,auto_approved,0.2123,2022
ceff9bd8-6fa6-4ccf-a3f0-4dcf1ab97f5b,U000513,2022-05-19 07:23:46,07:23:46,778415.15,online_payment,M00133,USD,success,mobile,D000578,17.209.248.4,bank_transfer,Bangkok,"16.083185,103.389602",63,F,2019-07-14,active,0.78,0,0,0,auto_approved,0.2994,2022
45476bf4-b950-4dff-be06-9626b06c3f18,U001333,2022-12-11 12:54:12,12:54:12,446067.64,cash_withdrawal,M00378,USD,failed,desktop,D000006,115.206.169.199,mobile_wallet,Da Nang,"16.820947,106.790097",25,M,2016-03-26,active,0.97,0,1,0,auto_approved,0.5935,2022
a54c351a-66a0-4d7b-8bff-139abf6a9751,U001063,2022-07-20 19:44:20,19:44:20,1043237.15,online_payment,M00230,USD,success,mobile,D000436,174.135.241.108,bank_transfer,Hanoi,"14.144492,104.86472",24,F,2022-04-28,active,0.71,0,0,0,auto_approved,0.2639,2022
eedd0ba4-0250-4cf6-9f50-831aae858013,U000427,2022-06-22 04:19:41,04:19:41,1974299.75,cash_withdrawal,M00187,USD,success,mobile,D002216,107.16.180.56,bank_transfer,Hanoi,"16.669648,103.921378",59,F,2018-08-17,active,0.93,0,0,0,auto_approved,0.174,2022
93103915-999f-45eb-8a72-98b0863da8db,U000356,2022-09-13 22:49:04,22:49:04,154743.83,transfer,M00421,VND,success,pos,D002684,232.96.86.209,debit_card,Ho Chi Minh City,"14.793112,102.132959",22,M,2022-03-15,active,0.81,0,0,0,auto_approved,0.3556,2022
755f8286-bbd9-4394-ae0a-b62cb415f19e,U001989,2022-08-22 21:26:16,21:26:16,138444.2,bill_payment,M00474,USD,success,pos,D002006,15.73.141.56,credit_card,Ho Chi Minh City,"18.772833,106.288908",27,M,2014-07-17,active,0.94,0,0,0,auto_approved,0.0643,2022
5d779597-2810-419a-aebf-e88da84be720,U000064,2022-04-14 21:15:25,21:15:25,1123478.43,purchase,M00008,VND,success,atm,D000385,26.90.187.236,debit_card,Bangkok,"8.316812,104.890345",45,F,2018-02-27,active,0.94,0,0,0,auto_approved,0.3518,2022
3e1d1786-9cd4-49b2-ba24-a96ffbeade8c,U001944,2022-01-28 08:59:21,08:59:21,173114.42,purchase,M00122,VND,success,pos,D000945,201.248.115.223,debit_card,Ho Chi Minh City,"20.603499,102.46539",33,M,2016-03-23,active,0.99,0,0,0,auto_approved,0.3029,2022
0be83cdf-48ec-4b1b-9d13-1e5fab96277d,U001364,2022-10-31 06:59:11,06:59:11,877022.12,online_payment,M00262,VND,success,mobile,D001276,38.141.117.85,credit_card,Ho Chi Minh City,"11.49673,102.831962",47,F,2015-11-14,active,0.84,0,1,0,auto_approved,0.2643,2022
a9f070c5-a230-4855-b8d6-7656afb83011,U001799,2022-08-04 12:02:04,12:02:04,398857.8,online_payment,M00071,VND,success,mobile,D000406,82.216.122.134,credit_card,Kuala Lumpur,"13.736536,106.292571",29,F,2016-04-18,active,0.91,0,0,0,auto_approved,0.4356,2022
ad62dacc-9f74-45ff-a775-71a636c5faaf,U000476,2022-09-22 12:14:49,12:14:49,1234536.44,bill_payment,M00137,VND,success,desktop,D002163,212.29.169.252,debit_card,Da Nang,"9.838556,102.984013",61,M,2015-08-20,active,0.47,0,0,0,auto_approved,0.4099,2022
5b8dfa5e-7460-4acd-bdd0-38f10c337f32,U000958,2022-12-12 01:08:01,01:08:01,2264048.86,cash_withdrawal,M00475,USD,success,pos,D001593,136.0.44.18,bank_transfer,Kuala Lumpur,"20.085103,103.24346",36,F,2017-05-25,active,0.98,0,0,0,auto_approved,0.4137,2022
f7b8ca26-5cb9-41eb-990b-6415b39b8770,U000754,2022-10-10 12:16:14,12:16:14,804981.08,bill_payment,M00256,VND,success,desktop,D000465,80.239.33.47,bank_transfer,Singapore,"14.073629,108.691686",26,M,2014-09-29,active,0.94,3,1,1,pending_review,0.327,2022
40f43a63-837e-4d1b-9628-e0f879208d45,U000137,2022-09-02 15:21:50,15:21:50,1983192.96,purchase,M00179,USD,success,desktop,D001971,194.216.27.173,credit_card,Singapore,"16.017991,108.105282",24,F,2020-03-03,active,0.84,1,0,0,auto_approved,0.4806,2022
82704e0f-1589-4e2f-93a8-f54c7f53f1b5,U000079,2022-04-01 11:33:20,11:33:20,43180.7,bill_payment,M00336,VND,success,atm,D000373,137.90.117.195,credit_card,Ho Chi Minh City,"12.390928,105.163211",31,M,2014-03-28,active,0.9,0,0,0,auto_approved,0.2332,2022
29e759cb-38fc-4935-9429-29b05f2fe5c3,U001172,2022-04-12 22:06:52,22:06:52,569592.53,cash_withdrawal,M00445,VND,success,pos,D000013,177.138.222.7,credit_card,Singapore,"16.153754,107.905968",32,F,2015-09-05,active,0.75,0,0,0,auto_approved,0.3114,2022
4b18ae46-6ba7-4bdb-9b0f-08cf1e59cdd7,U000050,2022-12-19 11:08:32,11:08:32,114458.75,purchase,M00341,USD,success,pos,D000804,79.50.133.197,mobile_wallet,Singapore,"15.553937,102.323959",66,F,2019-08-30,active,0.82,0,0,0,auto_approved,0.3165,2022
9cecf98d-2652-4349-8bd6-4e8f1c2ba491,U001656,2022-07-12 09:09:11,09:09:11,1725659.68,bill_payment,M00459,VND,pending,atm,D000847,128.4.97.134,mobile_wallet,Ho Chi Minh City,"13.939163,102.541548",41,F,2019-03-29,active,0.8,0,0,0,auto_approved,0.2577,2022
69796eed-341e-43ed-a171-d580171cd974,U001450,2022-04-05 06:47:05,06:47:05,91972.12,online_payment,M00224,USD,success,atm,D001640,91.123.173.89,credit_card,Hanoi,"16.709832,106.865161",65,F,2015-07-28,active,0.63,0,0,0,auto_approved,0.2437,2022
7eceddf7-a5a1-4cf9-8168-8871f54af673,U000447,2022-10-13 17:34:52,17:34:52,238970.55,bill_payment,M00002,VND,failed,pos,D000069,179.154.143.63,mobile_wallet,Bangkok,"10.879616,103.650744",33,F,2020-06-22,active,0.6,0,0,0,auto_approved,0.3788,2022
a1e7a0e1-7d80-4d89-b8cf-585056976c9d,U001492,2022-03-11 03:22:07,03:22:07,920782.31,transfer,M00107,USD,success,desktop,D000271,61.229.129.135,bank_transfer,Bangkok,"13.453705,108.40412",30,F,2019-08-26,active,0.7,0,0,0,auto_approved,0.421,2022
f840d91d-31c9-4d73-9c9d-e8b06101b236,U000511,2022-12-11 17:20:58,17:20:58,48722.23,transfer,M00304,VND,success,mobile,D001592,31.87.95.207,credit_card,Hanoi,"14.496552,103.290468",50,F,2017-07-16,active,0.95,0,1,0,auto_approved,0.3709,2022
dd5051a3-1807-4e5f-99e6-8343b33bd9b2,U000341,2022-06-25 00:00:59,00:00:59,646098.13,online_payment,M00247,VND,success,pos,D000047,49.0.156.111,mobile_wallet,Da Nang,"16.629163,106.310724",47,F,2015-05-22,active,0.59,0,0,0,auto_approved,0.2727,2022
e92c1924-1f9f-4eb0-aace-85401e71606a,U000332,2022-05-10 02:56:55,02:56:55,229979.33,purchase,M00057,USD,success,pos,D002009,6.62.84.74,mobile_wallet,Singapore,"12.554316,104.180712",37,M,2021-12-24,active,0.51,0,0,0,auto_approved,0.1341,2022
9b124d68-36b9-419b-9fda-07e95d0c2a74,U000557,2022-01-20 18:40:52,18:40:52,682431.89,cash_withdrawal,M00056,USD,success,desktop,D002744,42.117.250.52,bank_transfer,Ho Chi Minh City,"11.619526,102.720084",47,F,2017-09-07,active,0.6,0,0,0,auto_approved,0.2726,2022
028d3773-f38e-4f9f-a9a0-c94c2df5f571,U001418,2022-02-17 22:06:14,22:06:14,654736.73,transfer,M00180,USD,success,mobile,D001635,151.79.12.106,mobile_wallet,Ho Chi Minh City,"19.671358,104.072252",25,M,2020-07-12,active,0.54,1,0,0,auto_approved,0.1748,2022
87a501f2-6239-4601-b6c7-13ebd01ed555,U001255,2022-02-16 04:33:57,04:33:57,145206.14,bill_payment,M00477,USD,success,mobile,D002523,206.81.47.235,mobile_wallet,Hanoi,"21.907783,103.687427",38,F,2016-03-14,active,0.65,0,0,0,auto_approved,0.0332,2022
7fa1754e-b104-49ba-a048-3a373524443b,U000240,2022-05-04 18:28:53,18:28:53,469361.13,transfer,M00060,USD,failed,mobile,D000632,15.235.229.72,credit_card,Hanoi,"15.55725,108.341521",41,F,2017-02-26,active,0.77,0,1,0,auto_approved,0.4109,2022
582d59b4-b4fb-413c-8a02-2a05d7698166,U001243,2022-07-17 03:49:31,03:49:31,544680.13,transfer,M00291,VND,success,atm,D000352,253.226.207.93,mobile_wallet,Hanoi,"21.876536,103.169831",49,F,2015-04-13,active,0.95,0,0,0,auto_approved,0.3442,2022
64becfff-a1fd-4627-b172-ad329c8883cf,U001560,2022-03-03 04:10:51,04:10:51,54440.03,online_payment,M00426,USD,failed,atm,D001103,217.136.165.190,bank_transfer,Da Nang,"21.289435,106.420625",28,F,2021-03-10,active,0.7,1,0,0,auto_approved,0.2774,2022
3f3c8e87-7c5f-472b-9bed-e6f9760cf6d6,U001509,2022-08-21 12:09:21,12:09:21,50286.45,bill_payment,M00022,USD,success,pos,D000268,208.182.171.50,bank_transfer,Hanoi,"10.897414,102.961404",70,F,2015-11-07,active,0.58,0,1,0,auto_approved,0.4851,2022
060cf192-e412-437c-a661-da38ddbdb12e,U001233,2022-12-04 15:33:37,15:33:37,1509066.96,cash_withdrawal,M00090,VND,success,atm,D002084,105.113.227.33,bank_transfer,Da Nang,"10.951933,107.334354",67,F,2021-05-18,active,0.51,0,0,0,auto_approved,0.0309,2022
8bf40d7e-0e27-4d46-82df-12ec302a1c18,U001498,2022-10-16 19:19:57,19:19:57,60565.41,bill_payment,M00040,USD,success,pos,D000496,232.68.28.46,credit_card,Bangkok,"9.024288,105.54831",23,M,2016-11-05,active,0.5,0,0,0,auto_approved,0.0491,2022
759a5feb-a932-41f4-b0ba-7b232b9f58a1,U000208,2022-04-24 06:17:04,06:17:04,671616.18,online_payment,M00115,VND,success,atm,D002413,99.235.98.164,mobile_wallet,Kuala Lumpur,"21.905281,102.057311",54,M,2018-07-01,active,0.93,0,0,0,auto_approved,0.1261,2022
d5a48abf-7309-43bf-af2b-b20ef6b161ba,U000985,2022-02-08 10:11:43,10:11:43,1158674.41,transfer,M00297,VND,success,pos,D001919,216.114.62.164,debit_card,Da Nang,"16.380875,103.010959",63,F,2019-07-24,active,0.68,0,0,0,auto_approved,0.3286,2022
9a474762-9962-461c-8633-d0b3ed129b01,U000923,2022-01-24 10:22:18,10:22:18,235204.23,bill_payment,M00247,VND,success,desktop,D000226,170.122.120.178,credit_card,Hanoi,"10.161283,106.977478",32,M,2021-01-29,active,0.6,0,0,0,auto_approved,0.4212,2022
6ab5bb9d-b96e-42f0-ba65-4e0339618008,U000898,2022-02-03 07:07:03,07:07:03,1471425.95,bill_payment,M00381,VND,success,desktop,D001752,218.229.63.201,debit_card,Ho Chi Minh City,"13.838339,108.832898",32,M,2018-06-14,active,0.77,0,0,0,auto_approved,0.3908,2022
60b79622-5051-4393-9e6b-e349a78c64eb,U000855,2022-02-17 05:46:11,05:46:11,117638.51,online_payment,M00231,VND,success,pos,D001565,135.100.38.41,mobile_wallet,Singapore,"11.804985,106.262756",35,F,2021-05-02,active,0.5,0,0,0,auto_approved,0.1565,2022
b715e7eb-e4f7-49fe-a577-2819eb9a7c3a,U001282,2022-10-18 22:42:06,22:42:06,231168.13,online_payment,M00058,VND,success,mobile,D001123,32.98.71.251,mobile_wallet,Hanoi,"17.229179,108.442846",68,F,2017-03-09,active,0.74,0,0,0,auto_approved,0.2684,2022
d69c21bb-2f07-4292-82c0-027371329c28,U000870,2022-11-13 10:37:12,10:37:12,531018.47,purchase,M00001,VND,success,mobile,D002074,41.248.198.43,bank_transfer,Singapore,"15.800981,105.992162",52,F,2016-11-18,active,0.48,0,0,0,auto_approved,0.4062,2022
52d63fa1-bae4-4693-a86b-349faccccf7b,U001000,2022-06-07 01:24:24,01:24:24,526158.23,purchase,M00013,USD,success,mobile,D000562,5.39.19.67,bank_transfer,Da Nang,"10.877821,105.477258",53,F,2021-10-03,active,0.9,0,0,0,auto_approved,0.3177,2022
748d85d6-e060-49e3-8ddd-2f0203e7d508,U001550,2022-11-24 12:49:06,12:49:06,59278.02,bill_payment,M00158,USD,success,desktop,D000008,15.147.247.132,bank_transfer,Bangkok,"10.517827,104.191326",29,F,2016-03-20,active,0.66,0,0,0,auto_approved,0.4494,2022
c3263428-b8ba-45e2-9c84-288439ccb57f,U001798,2022-05-09 05:31:52,05:31:52,782216.41,bill_payment,M00031,VND,success,atm,D000706,143.47.161.166,debit_card,Kuala Lumpur,"17.436764,108.901796",23,F,2014-11-10,active,0.73,1,0,0,auto_approved,0.4192,2022
7a85a2c0-170a-4f79-8722-6611ab74a695,U000829,2022-10-29 22:55:36,22:55:36,431932.02,bill_payment,M00461,VND,success,pos,D002916,142.91.255.100,debit_card,Da Nang,"14.910026,108.995074",23,M,2017-05-09,active,0.52,0,0,0,auto_approved,0.4113,2022
6c9b0de3-43da-4b05-bd0b-a672531fca02,U001455,2022-09-11 09:21:52,09:21:52,531456.43,online_payment,M00389,USD,success,pos,D002601,94.246.14.88,mobile_wallet,Kuala Lumpur,"16.242027,106.032505",44,M,2018-03-02,active,0.82,1,0,0,auto_approved,0.1321,2022
c8b5474e-6a12-4ce3-b30a-227197388b0a,U000038,2022-04-28 06:27:04,06:27:04,589000.88,bill_payment,M00485,VND,success,atm,D000251,132.239.236.110,debit_card,Ho Chi Minh City,"15.673518,103.940972",48,M,2016-09-22,active,0.72,0,0,0,auto_approved,0.3374,2022
de54fe64-972a-485d-b13f-763598edb2d8,U001861,2022-03-02 10:28:56,10:28:56,651605.63,online_payment,M00382,VND,success,pos,D001089,65.190.25.112,mobile_wallet,Bangkok,"18.543639,107.804906",55,F,2013-12-21,active,0.55,0,0,0,auto_approved,0.3373,2022
aa8180b1-c451-47a6-bcbc-3912755b03ab,U000192,2022-11-15 19:27:57,19:27:57,3296413.68,bill_payment,M00103,USD,success,pos,D002869,50.27.116.128,mobile_wallet,Kuala Lumpur,"19.42078,103.152301",62,F,2022-09-07,under_review,0.5,0,1,0,auto_approved,0.437,2022
c3322e2b-a5fc-4291-8fd1-0471bf8fb6fc,U000229,2022-12-13 16:22:48,16:22:48,1893768.07,purchase,M00339,VND,success,atm,D000780,72.60.126.214,credit_card,Singapore,"15.683079,104.969109",53,M,2017-05-21,active,0.89,0,0,0,auto_approved,0.3335,2022
6efb1c8d-e340-427d-a0e9-5911c09540aa,U000579,2022-04-24 05:33:49,05:33:49,544498.27,bill_payment,M00297,VND,success,mobile,D001924,28.162.114.163,mobile_wallet,Bangkok,"15.010025,108.277741",35,F,2016-02-10,active,0.98,0,0,0,auto_approved,0.2593,2022
ce32edd8-b0db-4577-884a-2ea50dd19f2c,U000046,2022-04-12 12:59:20,12:59:20,368700.7,transfer,M00420,VND,success,mobile,D001084,116.94.51.78,credit_card,Da Nang,"11.518812,107.606392",37,M,2017-07-21,active,0.82,0,0,0,auto_approved,0.0138,2022
a555c2bd-4086-470a-ad78-1c2f77a39ca2,U001165,2022-05-04 11:34:53,11:34:53,1330126.71,purchase,M00143,USD,success,atm,D001304,248.158.139.144,debit_card,Hanoi,"14.059384,106.593929",27,M,2021-08-08,active,0.57,0,0,0,auto_approved,0.3476,2022
a202fe27-2eba-4aea-88cc-f4052a4eaefe,U000418,2022-02-04 21:12:27,21:12:27,715014.66,purchase,M00311,VND,success,atm,D001100,220.25.130.90,credit_card,Singapore,"13.168076,108.653424",26,F,2019-05-10,active,0.66,0,1,0,auto_approved,0.395,2022
407e4b7f-20e5-4067-9125-a4d0104ab195,U000721,2022-01-13 18:41:08,18:41:08,615100.78,online_payment,M00200,VND,success,atm,D000282,21.122.215.54,bank_transfer,Hanoi,"13.952612,102.093363",53,F,2015-07-05,active,0.73,0,0,0,auto_approved,0.045,2022
401972c8-58b6-4141-9c7f-62400a98b4fa,U000064,2022-01-08 07:17:34,07:17:34,153091.29,purchase,M00425,USD,success,pos,D001253,203.3.46.7,mobile_wallet,Singapore,"16.102875,105.54166",31,F,2013-10-24,active,0.98,0,0,0,auto_approved,0.0652,2022
cba9bd6e-279b-4dee-a4dd-4667e3f700bd,U001705,2022-03-10 16:24:19,16:24:19,140390.94,transfer,M00166,USD,success,desktop,D000378,181.32.186.217,mobile_wallet,Da Nang,"21.879358,103.014639",32,M,2020-07-05,active,0.78,0,0,0,auto_approved,0.1176,2022
86fc6065-f0be-40b0-8d1d-904f771014c8,U000843,2022-02-17 16:49:24,16:49:24,322783.66,purchase,M00034,USD,success,atm,D001474,63.105.103.199,mobile_wallet,Ho Chi Minh City,"8.518551,108.900121",49,M,2014-01-25,active,0.55,0,0,0,auto_approved,0.1877,2022
9551f82e-b166-4d7e-b94c-23b24b7ead52,U001254,2022-05-04 19:28:01,19:28:01,617091.45,purchase,M00289,VND,success,mobile,D000004,65.138.139.96,debit_card,Singapore,"12.996653,104.20055",57,M,2015-11-27,active,0.69,1,0,0,auto_approved,0.284,2022
ca9bf5f2-245e-4118-bbe4-8d054ea2ee3b,U001824,2022-06-23 12:08:05,12:08:05,1198393.32,purchase,M00095,USD,success,pos,D001129,93.32.249.20,mobile_wallet,Bangkok,"8.831167,104.48215",26,F,2017-11-19,active,0.56,2,1,0,auto_approved,0.3068,2022
ff8df297-356c-4034-a7cc-1bf622074b84,U001444,2022-09-14 22:27:10,22:27:10,934527.69,purchase,M00254,USD,success,desktop,D000009,184.18.97.188,credit_card,Kuala Lumpur,"17.822432,106.659979",54,F,2018-10-18,active,0.96,0,0,0,auto_approved,0.072,2022
65af8062-77bb-4545-8e07-bde2cdd9e0a0,U001669,2022-12-07 14:52:12,14:52:12,269208.64,cash_withdrawal,M00107,USD,pending,desktop,D002981,203.141.177.178,credit_card,Singapore,"8.476279,102.133172",56,M,2016-01-30,active,0.74,0,0,0,auto_approved,0.1036,2022
b21e6f0c-ecb7-495f-8a35-7f8f46eea18d,U000876,2022-06-25 02:12:23,02:12:23,1576633.93,online_payment,M00131,USD,success,atm,D002589,61.220.184.65,bank_transfer,Kuala Lumpur,"21.119058,106.162963",41,F,2015-12-05,active,0.55,0,0,0,auto_approved,0.2875,2022
57fb9056-0188-42a3-910f-48dd0632af5c,U000035,2022-10-30 00:13:21,00:13:21,433920.73,cash_withdrawal,M00289,USD,success,atm,D002495,139.181.53.92,credit_card,Bangkok,"13.647978,102.578472",48,F,2018-03-15,active,0.88,0,0,0,auto_approved,0.1788,2022
3b8b4097-645a-47d6-98c9-76a086df9ea3,U001188,2022-01-07 06:17:51,06:17:51,131605.33,bill_payment,M00008,USD,success,atm,D002953,237.35.165.1,mobile_wallet,Ho Chi Minh City,"12.621487,108.375953",37,F,2014-09-06,active,0.52,0,0,0,auto_approved,0.2198,2022
bbf09004-f182-4323-8434-77cb25092595,U001295,2022-07-03 01:40:48,01:40:48,10708.84,online_payment,M00440,USD,success,mobile,D000625,239.130.234.63,credit_card,Bangkok,"19.951192,108.769792",70,M,2015-01-12,active,0.47,0,0,0,auto_approved,0.1488,2022
1934c5f9-fbf8-4030-988e-9ea785075acf,U000858,2022-04-08 01:12:53,01:12:53,153539.14,purchase,M00222,USD,success,mobile,D001827,166.6.64.87,bank_transfer,Kuala Lumpur,"8.129855,107.522283",35,F,2017-06-27,active,0.72,0,0,0,auto_approved,0.2962,2022
a0edfe52-19a3-4c75-8a20-9a4b369006b5,U000077,2022-07-15 18:52:33,18:52:33,456795.38,transfer,M00045,USD,success,pos,D000294,191.62.174.133,bank_transfer,Ho Chi Minh City,"19.8958,108.144215",34,F,2019-03-30,active,0.88,0,1,0,auto_approved,0.5259,2022
53f682cb-57da-4740-94b7-62c795fbd1f8,U001163,2022-12-12 12:58:59,12:58:59,593387.68,transfer,M00008,VND,success,desktop,D001423,128.42.93.210,mobile_wallet,Singapore,"8.933557,106.640502",40,F,2018-07-27,active,0.87,0,0,0,auto_approved,0.1536,2022
894def15-8c20-4b76-a83c-319f523bb5a1,U000329,2022-01-28 08:04:29,08:04:29,464455.44,bill_payment,M00282,VND,success,atm,D001749,210.133.167.43,credit_card,Hanoi,"17.200187,103.781883",49,F,2014-04-14,active,0.79,0,0,0,auto_approved,0.3283,2022
eb0e4c8a-eacc-4428-bc0f-129cf0d70773,U001749,2022-01-25 11:13:47,11:13:47,1688799.16,bill_payment,M00271,VND,success,mobile,D002693,142.179.91.56,mobile_wallet,Bangkok,"16.588066,103.178936",70,M,2021-10-24,active,0.66,0,0,0,auto_approved,0.4439,2022
6db57aa8-55e8-4fc4-b094-9ddb2f6fedbb,U000573,2022-10-08 20:07:57,20:07:57,826341.52,purchase,M00002,USD,success,desktop,D001045,116.232.29.66,credit_card,Singapore,"15.930888,103.018375",28,F,2020-02-23,active,0.49,0,0,0,auto_approved,0.2619,2022
e8c61671-a8c6-4fbc-8009-409b14507975,U000853,2022-05-21 20:36:46,20:36:46,358269.34,bill_payment,M00106,VND,success,desktop,D001607,129.22.5.46,debit_card,Ho Chi Minh City,"18.972207,105.667156",55,M,2022-02-02,active,0.76,0,0,0,auto_approved,0.2711,2022
95bbe271-ee6e-4a67-bf16-60bea91a53ad,U001936,2022-09-16 04:53:27,04:53:27,639139.48,bill_payment,M00072,USD,success,atm,D002830,94.180.155.228,mobile_wallet,Da Nang,"14.446848,104.677033",65,F,2020-07-02,active,0.57,0,0,0,auto_approved,0.4216,2022
32a5e327-91ac-4e3b-abbb-729bef2aa566,U001299,2022-07-03 17:21:18,17:21:18,824908.14,purchase,M00396,USD,success,mobile,D000298,89.158.110.101,credit_card,Ho Chi Minh City,"11.635704,102.490096",37,M,2015-11-16,active,0.82,0,0,0,auto_approved,0.3993,2022
864289fc-eed6-430c-a44c-57736a21c396,U001227,2022-11-01 02:02:13,02:02:13,2194425.72,bill_payment,M00040,USD,success,pos,D000015,96.247.108.10,bank_transfer,Hanoi,"11.160646,105.717793",55,F,2017-10-01,active,0.69,0,0,0,auto_approved,0.2297,2022
dc1b7da9-f948-46c8-aaea-5c9ea7e8e28b,U001359,2022-02-27 01:43:12,01:43:12,386796.98,cash_withdrawal,M00010,VND,success,pos,D000524,101.146.161.4,debit_card,Da Nang,"16.347668,104.704779",51,M,2016-03-10,active,0.96,0,0,0,auto_approved,0.0431,2022
557ce289-7161-4028-8a57-5cf518f8afef,U001316,2022-06-14 21:57:30,21:57:30,167531.05,bill_payment,M00418,VND,success,pos,D000401,180.16.142.231,credit_card,Singapore,"9.82356,106.940501",34,F,2020-10-04,active,0.62,0,0,0,auto_approved,0.3314,2022
d1a4175a-8dee-4e63-9537-cf2e1e7d4499,U000170,2022-01-16 23:04:19,23:04:19,935507.87,online_payment,M00111,VND,success,mobile,D000411,157.32.200.222,credit_card,Da Nang,"17.380104,105.738346",65,F,2014-03-21,blocked,0.97,0,0,0,auto_approved,0.3622,2022
52cd979f-5d84-4a48-9627-027101484dbc,U001374,2022-04-01 04:58:08,04:58:08,231777.82,bill_payment,M00102,VND,success,desktop,D001368,192.36.188.153,debit_card,Da Nang,"8.816893,106.641707",20,F,2014-10-10,active,0.99,0,0,0,auto_approved,0.2624,2022
070ad580-27de-410b-9ddc-8f98a2a54cfc,U001415,2022-09-18 08:37:03,08:37:03,235659.79,cash_withdrawal,M00271,VND,success,atm,D000505,130.50.40.89,bank_transfer,Singapore,"9.501182,104.886304",43,F,2017-02-20,active,0.99,0,0,0,auto_approved,0.2647,2022
552724ca-6917-4e8a-8bdb-543a2fbb958d,U001418,2022-12-19 15:04:48,15:04:48,561884.77,bill_payment,M00466,VND,success,mobile,D000057,2.205.230.185,bank_transfer,Hanoi,"16.302214,108.631146",21,F,2022-02-06,active,0.45,0,0,0,auto_approved,0.1586,2022
b9d36371-e998-411a-b98e-0393db92e5e5,U000590,2022-09-09 05:50:20,05:50:20,60000.52,transfer,M00058,USD,success,pos,D000562,157.200.114.24,credit_card,Hanoi,"16.476424,108.435008",33,F,2015-03-24,active,0.84,0,0,0,auto_approved,0.3106,2022
e5ba8fbb-6c5c-4089-919c-11eb5816f366,U000544,2022-10-03 13:48:17,13:48:17,865130.29,purchase,M00037,VND,success,pos,D001367,195.193.220.94,bank_transfer,Ho Chi Minh City,"21.80781,103.195235",41,F,2017-03-29,active,0.72,0,0,0,auto_approved,0.1231,2022
b4aead60-94e6-4408-be18-13676cfa407f,U000746,2022-08-18 05:25:13,05:25:13,516316.6,bill_payment,M00391,VND,success,atm,D002235,215.237.5.182,debit_card,Singapore,"20.127332,108.695009",25,M,2015-07-06,active,0.88,1,0,0,auto_approved,0.2785,2022
596656f5-b0d2-447f-934e-2ae8b9f21c7b,U000565,2022-01-09 10:30:10,10:30:10,47613.41,purchase,M00021,USD,success,pos,D001347,67.97.247.60,mobile_wallet,Singapore,"8.638823,107.293188",70,M,2019-01-04,active,0.64,0,1,0,auto_approved,0.4514,2022
a258baee-99f4-4779-b3ed-1919d420771e,U000926,2022-12-12 18:41:39,18:41:39,125966.72,bill_payment,M00481,USD,success,mobile,D001560,99.124.169.193,debit_card,Kuala Lumpur,"15.35244,107.280511",46,F,2022-02-14,active,0.87,0,0,0,auto_approved,0.271,2022
b6985c74-408b-407e-a771-cbda06a6e5b1,U000655,2022-10-26 06:13:48,06:13:48,83456.01,transfer,M00301,VND,success,desktop,D001031,146.33.174.196,bank_transfer,Bangkok,"9.2893,106.153123",20,M,2020-10-08,active,0.52,0,0,0,auto_approved,0.2219,2022
65e50ce1-d007-4807-b6a8-afb95be87eef,U000680,2022-12-12 21:19:12,21:19:12,137445.1,purchase,M00031,USD,pending,desktop,D002470,245.51.123.167,bank_transfer,Bangkok,"17.638777,105.850227",60,M,2018-05-09,blocked,0.53,0,0,0,auto_approved,0.2409,2022
0c8f7a9e-87e6-442f-9ab7-726c52390215,U001828,2022-07-04 12:30:26,12:30:26,1009181.4,cash_withdrawal,M00086,USD,success,mobile,D000504,190.138.228.95,mobile_wallet,Kuala Lumpur,"19.048227,104.290313",63,M,2021-11-01,active,0.66,1,0,0,auto_approved,0.2274,2022
17c91fc9-41c2-4734-889a-ef0307a8c019,U001940,2022-03-29 04:25:10,04:25:10,24664.7,cash_withdrawal,M00392,VND,success,pos,D002645,195.136.43.233,bank_transfer,Ho Chi Minh City,"8.488992,106.216116",43,M,2015-04-08,active,0.77,0,0,0,auto_approved,0.1227,2022
6ae14f4e-08e7-43f6-9fd4-6983338a6290,U000347,2022-09-20 08:29:09,08:29:09,364275.37,cash_withdrawal,M00461,VND,success,atm,D002511,189.149.255.108,debit_card,Ho Chi Minh City,"19.262682,103.558365",44,M,2018-03-04,active,0.73,0,0,0,auto_approved,0.0411,2022
88b7284a-dbcc-416b-beb3-85db048ea36e,U001523,2022-06-17 12:09:17,12:09:17,196669.43,purchase,M00327,USD,pending,desktop,D001967,194.136.145.78,credit_card,Bangkok,"16.130619,102.150683",68,M,2017-12-09,active,0.69,0,0,0,auto_approved,0.3787,2022
9ced70b7-b2ab-4f55-82b3-bb647a1add47,U000005,2022-10-28 00:38:50,00:38:50,317792.39,bill_payment,M00199,USD,success,desktop,D000385,30.5.142.161,credit_card,Kuala Lumpur,"17.052689,108.996191",63,M,2018-12-31,active,0.94,0,0,0,auto_approved,0.2331,2022
fc954b9b-9d08-43d9-992a-69f2492e2c51,U001415,2022-02-01 20:22:30,20:22:30,680191.75,purchase,M00291,VND,success,pos,D002301,28.170.124.173,debit_card,Da Nang,"15.685422,102.731453",68,M,2015-03-23,active,0.69,0,0,0,auto_approved,0.438,2022
40167a10-6af7-41ac-968f-92b62c9a70c1,U001953,2022-11-05 14:10:28,14:10:28,247140.87,online_payment,M00260,VND,success,desktop,D000316,93.128.154.31,debit_card,Kuala Lumpur,"18.182257,107.427515",45,M,2017-02-07,active,0.87,0,0,0,auto_approved,0.0703,2022
188569f4-81a0-466a-98a0-2e33ba55b566,U001845,2022-10-12 03:08:41,03:08:41,195887.53,transfer,M00447,USD,success,mobile,D001861,176.81.18.81,credit_card,Kuala Lumpur,"14.70134,108.682919",43,M,2017-04-25,active,0.52,1,0,0,auto_approved,0.3794,2022
b3afceea-1ad3-4e58-943c-cbfc6624ad09,U001400,2022-11-06 19:14:29,19:14:29,3257151.11,cash_withdrawal,M00459,USD,success,desktop,D002729,241.61.130.153,mobile_wallet,Kuala Lumpur,"13.4395,102.613721",47,M,2020-04-09,active,0.71,2,1,0,auto_approved,0.5532,2022
4a95eb80-9f11-4c8a-8cad-e1551b201c29,U000958,2022-04-08 16:10:50,16:10:50,644546.74,purchase,M00251,VND,success,mobile,D001967,49.44.172.204,debit_card,Ho Chi Minh City,"8.979701,106.681192",47,F,2014-08-01,active,0.52,0,0,0,auto_approved,0.0742,2022
2ae4b19b-436b-467d-be8a-1e18023ba652,U001906,2022-10-11 10:56:57,10:56:57,238966.24,bill_payment,M00134,USD,success,desktop,D002826,96.204.192.162,mobile_wallet,Hanoi,"21.608832,105.789423",22,F,2015-04-06,active,0.54,0,0,0,auto_approved,0.2312,2022
5e448d31-eec9-44c6-b74b-83462168ba7b,U000189,2022-09-18 22:23:03,22:23:03,323307.05,bill_payment,M00199,VND,success,mobile,D001022,232.141.199.250,mobile_wallet,Da Nang,"10.774883,104.610776",64,M,2019-10-28,active,0.78,0,0,0,auto_approved,0.3127,2022
faf3e979-405c-427c-af5c-a872a28a6fe3,U001452,2022-04-16 17:37:05,17:37:05,268307.17,transfer,M00126,USD,success,desktop,D002911,35.98.139.204,credit_card,Singapore,"14.975849,104.865752",18,M,2017-05-24,active,0.6,0,0,0,auto_approved,0.343,2022
53f530a7-a89e-4978-b426-2c7922277d69,U001132,2022-09-11 04:21:41,04:21:41,719433.49,bill_payment,M00424,USD,success,mobile,D000815,91.3.6.243,credit_card,Kuala Lumpur,"20.155856,106.216415",47,F,2022-03-20,active,0.93,0,0,0,auto_approved,0.1738,2022
6578ec4f-be2a-40d2-843c-a8c382011cf1,U001536,2022-12-09 23:27:39,23:27:39,404336.17,online_payment,M00187,USD,success,atm,D002041,172.134.77.83,debit_card,Bangkok,"10.501098,106.846201",43,F,2019-11-04,active,0.79,0,0,0,auto_approved,0.2397,2022
6af7a530-1f85-44ac-896e-7058c211608d,U001306,2022-11-23 06:38:40,06:38:40,502706.21,online_payment,M00202,USD,success,desktop,D001584,130.232.20.116,bank_transfer,Kuala Lumpur,"13.126998,105.769003",24,M,2018-11-15,active,0.9,2,1,1,pending_review,0.3632,2022
ee7b3677-4481-4647-90f9-710261da4e80,U001870,2022-03-06 17:15:09,17:15:09,17863.68,purchase,M00029,USD,success,atm,D001764,191.221.152.236,mobile_wallet,Hanoi,"16.788157,107.740076",48,M,2021-07-19,active,0.73,1,0,0,auto_approved,0.3206,2022
288dd2ea-eeba-445c-8b1d-a09ecd903e4c,U001716,2022-03-10 14:26:45,14:26:45,777615.41,cash_withdrawal,M00244,USD,success,atm,D001579,49.51.3.172,mobile_wallet,Da Nang,"12.01881,108.171589",56,M,2018-09-12,active,0.97,3,1,0,auto_approved,0.3111,2022
df422f45-a884-4a7e-85b1-a56431891266,U001820,2022-11-03 10:27:29,10:27:29,917699.56,online_payment,M00120,USD,success,desktop,D001185,176.133.117.203,credit_card,Kuala Lumpur,"12.226864,104.700397",64,M,2022-04-05,active,0.63,0,0,0,auto_approved,0.3956,2022
98e05364-2511-403e-a2c2-c8d4ec4f7787,U001659,2022-12-29 09:14:13,09:14:13,347800.45,online_payment,M00027,VND,success,desktop,D002031,191.226.125.18,mobile_wallet,Kuala Lumpur,"9.878472,107.551542",30,F,2021-11-18,active,0.63,1,0,0,auto_approved,0.6149,2022
466458f5-6403-48cb-a2a2-f23b65105581,U000503,2022-11-25 15:13:11,15:13:11,455536.01,purchase,M00031,USD,success,mobile,D002908,69.212.79.166,bank_transfer,Hanoi,"17.717405,107.20871",31,F,2019-01-11,active,0.74,0,0,0,auto_approved,0.3305,2022
5254b82d-a7e5-49eb-91a6-b4cf2bec0e65,U001347,2022-02-08 21:11:47,21:11:47,2448005.93,online_payment,M00250,USD,success,desktop,D000884,122.62.181.36,credit_card,Da Nang,"20.69498,108.750497",19,F,2015-08-19,active,0.83,0,0,0,auto_approved,0.0363,2022
b44a1347-51a0-4c1e-a92f-b6fd7c7a5c09,U000187,2022-09-01 22:08:37,22:08:37,72128.27,transfer,M00352,VND,success,desktop,D002756,64.15.189.34,bank_transfer,Ho Chi Minh City,"9.953797,104.202864",31,F,2022-02-13,active,0.55,0,0,0,auto_approved,0.3553,2022
076b57bd-27d9-45c0-96fb-76270a45acbc,U000578,2022-11-25 03:18:57,03:18:57,347212.43,purchase,M00178,USD,success,pos,D001221,78.52.238.90,debit_card,Bangkok,"20.826264,102.49762",53,F,2018-09-14,active,0.93,1,0,0,auto_approved,0.2002,2022
cbb7ae35-1e18-4b3c-9fd2-3666351c07b3,U000571,2022-02-25 12:49:56,12:49:56,194434.39,online_payment,M00206,VND,success,mobile,D001494,189.30.100.60,bank_transfer,Ho Chi Minh City,"8.750061,106.886655",70,M,2014-12-06,active,0.71,0,0,0,auto_approved,0.2444,2022
de01c22f-89a1-4819-865a-dff243ddd9e6,U001698,2022-04-17 14:23:05,14:23:05,773790.95,online_payment,M00154,VND,success,pos,D002748,229.104.178.30,credit_card,Bangkok,"19.733088,108.964809",55,F,2016-03-07,active,0.99,0,0,0,auto_approved,0.4238,2022
c0a34c5a-28bd-411a-902e-5e5973659cb9,U001034,2022-02-11 03:19:39,03:19:39,264096.86,bill_payment,M00252,VND,success,desktop,D002017,63.242.35.84,credit_card,Singapore,"18.025962,105.474995",39,M,2016-06-05,active,0.74,0,0,0,auto_approved,0.2137,2022
46c30995-96ee-4867-9169-a5136de72247,U001922,2022-06-24 14:30:39,14:30:39,753015.85,online_payment,M00046,USD,success,desktop,D001405,115.201.241.67,credit_card,Hanoi,"13.025224,107.914156",46,M,2019-11-28,active,0.8,0,0,0,auto_approved,0.176,2022
b0110f2b-c0a8-4aec-b66f-18bb342748d6,U000958,2022-11-24 13:45:33,13:45:33,879485.76,purchase,M00214,VND,pending,pos,D002601,183.247.199.48,credit_card,Singapore,"21.985509,106.123576",46,M,2015-12-28,active,0.8,2,1,0,auto_approved,0.4868,2022
07485dab-f41c-415a-a2dc-a336ea2e041b,U001726,2022-03-23 06:31:57,06:31:57,85002.95,transfer,M00100,USD,success,atm,D002754,137.163.41.41,credit_card,Bangkok,"14.172469,106.556629",62,M,2016-10-21,active,0.45,0,0,0,auto_approved,0.3475,2022
fe9d0622-981c-4659-84ff-7def563b6bf9,U000954,2022-09-13 09:47:18,09:47:18,169111.56,transfer,M00471,USD,success,atm,D002354,161.155.209.105,bank_transfer,Da Nang,"17.079555,108.821062",63,M,2015-01-21,active,0.58,0,0,0,auto_approved,0.3785,2022
678524c6-4d34-454f-9c0f-eea816567b1b,U000653,2022-09-10 02:04:30,02:04:30,1089231.86,bill_payment,M00077,USD,pending,pos,D002590,76.38.39.104,mobile_wallet,Kuala Lumpur,"20.81692,108.779608",27,F,2015-07-29,active,0.59,0,0,0,auto_approved,0.3567,2022
9a5e7eea-eccd-4e5e-b0b5-c78dba14fd9d,U000605,2022-04-27 17:25:03,17:25:03,1186202.66,bill_payment,M00122,VND,success,mobile,D001678,162.197.196.112,mobile_wallet,Da Nang,"21.331249,105.040426",29,M,2015-05-20,active,0.58,0,0,0,auto_approved,0.4001,2022
0e426a3e-d8d9-4abe-98ac-fbd1d6a82dd2,U001364,2022-03-09 08:57:22,08:57:22,175395.3,purchase,M00432,VND,success,desktop,D000816,148.248.12.145,bank_transfer,Kuala Lumpur,"20.048571,107.199685",30,F,2018-12-27,blocked,0.48,0,0,0,auto_approved,0.2251,2022
5eac9672-2c62-4b19-a7d0-e1056758c195,U000956,2022-11-19 03:06:24,03:06:24,13632.4,purchase,M00148,VND,success,atm,D002960,255.239.123.68,credit_card,Singapore,"15.157515,108.193971",51,F,2018-04-04,under_review,0.61,0,0,0,auto_approved,0.0364,2022
13c4f961-b40a-4501-b664-3b4f5f495f09,U000694,2022-05-15 09:16:26,09:16:26,789175.76,bill_payment,M00403,USD,success,desktop,D000949,86.10.212.80,debit_card,Da Nang,"18.047907,104.276721",43,M,2016-03-20,active,0.55,1,0,0,auto_approved,0.3162,2022
559514f2-2520-4a30-b4b8-0aa69cc4bc83,U000801,2022-05-27 08:29:49,08:29:49,1000093.78,bill_payment,M00454,USD,pending,mobile,D001702,98.155.135.255,bank_transfer,Bangkok,"19.469019,104.514496",40,M,2018-01-20,active,0.58,1,0,0,auto_approved,0.4931,2022
12ba78d1-9ebb-49c7-a265-6e98217b2683,U000477,2022-10-10 02:13:40,02:13:40,990278.76,purchase,M00147,USD,success,mobile,D000780,40.116.116.198,credit_card,Bangkok,"13.854797,104.521602",65,F,2015-04-10,active,0.47,0,0,0,auto_approved,0.3276,2022
9ab47fce-1530-497b-83af-4a3330240153,U000789,2022-10-26 14:26:43,14:26:43,141452.45,purchase,M00235,VND,success,desktop,D002583,53.144.234.37,bank_transfer,Hanoi,"9.872572,108.447613",68,M,2019-08-30,active,0.64,0,0,0,auto_approved,0.0675,2022
7f72f693-a832-4042-be4c-8d9912aad643,U000899,2022-10-13 17:34:24,17:34:24,31232.61,online_payment,M00289,VND,success,pos,D002341,214.32.192.196,debit_card,Singapore,"20.419539,107.141278",34,F,2021-04-09,active,0.66,0,0,0,auto_approved,0.1113,2022
6cf1221c-e584-43ff-afb0-c5a3fc8a875f,U001913,2022-08-25 06:37:08,06:37:08,1732077.31,cash_withdrawal,M00299,USD,success,atm,D002143,93.20.178.53,credit_card,Da Nang,"13.903735,108.980065",61,F,2021-06-13,active,0.64,0,0,0,auto_approved,0.0765,2022
8a1d952b-5b59-4ef1-9896-4df8f8b22117,U001133,2022-03-14 07:50:21,07:50:21,364089.61,transfer,M00294,USD,success,desktop,D000343,240.178.21.2,bank_transfer,Singapore,"12.915965,107.484011",30,F,2015-11-30,active,0.63,0,0,0,auto_approved,0.3138,2022
e750d691-c14d-41ab-806c-b20ece5fb5c7,U000636,2022-03-05 01:13:53,01:13:53,288104.46,bill_payment,M00138,USD,success,atm,D001973,168.224.100.119,debit_card,Kuala Lumpur,"12.514114,103.360815",62,M,2018-05-05,active,0.89,0,0,0,auto_approved,0.4409,2022
14fc489a-1fb3-45a5-aac2-bf76806ccbe5,U000731,2022-12-11 06:43:28,06:43:28,108228.02,online_payment,M00263,VND,success,mobile,D001893,180.109.51.242,bank_transfer,Hanoi,"11.782556,102.976855",41,F,2021-07-24,active,0.71,0,0,0,auto_approved,0.3021,2022
63907a6c-9131-48bf-9fda-38480daf8d27,U001348,2022-02-16 11:57:29,11:57:29,433975.3,cash_withdrawal,M00414,VND,success,atm,D001824,38.185.220.111,mobile_wallet,Da Nang,"20.217539,102.534917",40,F,2014-03-17,active,0.94,0,0,0,auto_approved,0.4499,2022
fbd33813-5746-4880-b15a-3a9678f1c89e,U001805,2022-12-19 10:04:37,10:04:37,701167.74,online_payment,M00156,USD,success,pos,D000790,98.125.160.44,credit_card,Kuala Lumpur,"10.193657,106.684468",60,M,2021-07-17,active,0.69,0,1,1,pending_review,0.3884,2022
d2e9d333-43c4-4b4c-85a6-3a83f4696e74,U000590,2022-07-01 22:16:57,22:16:57,1181759.72,online_payment,M00176,USD,success,desktop,D000224,114.195.151.133,mobile_wallet,Hanoi,"19.840416,102.654598",27,F,2020-05-31,active,0.72,0,0,0,auto_approved,0.0568,2022
5aae8095-166a-47f0-ba0d-28ee3a993343,U001574,2022-02-20 18:57:53,18:57:53,738224.84,purchase,M00473,USD,success,mobile,D001178,180.13.187.198,mobile_wallet,Hanoi,"8.210331,103.260555",62,F,2020-12-24,active,0.67,0,0,0,auto_approved,0.1959,2022
564a3a95-9bd8-4d9f-9816-1be999d861bd,U001405,2022-02-19 06:49:07,06:49:07,1325216.93,transfer,M00468,VND,success,mobile,D001761,147.213.53.139,bank_transfer,Ho Chi Minh City,"13.081737,104.939794",22,F,2014-09-11,active,0.58,0,1,1,pending_review,0.3991,2022
b285f035-86dd-4225-86c7-6fe064b9fc05,U001637,2022-05-18 15:17:39,15:17:39,507312.15,purchase,M00299,USD,success,desktop,D000408,112.54.93.91,debit_card,Singapore,"12.809206,107.907252",31,F,2018-02-26,blocked,0.55,0,0,0,auto_approved,0.3777,2022
554f784a-a385-40f0-a5f6-918366a30e76,U001743,2022-11-17 19:03:26,19:03:26,148214.79,cash_withdrawal,M00097,VND,success,atm,D001262,10.230.157.22,mobile_wallet,Da Nang,"16.958889,106.694333",28,F,2018-08-05,active,0.91,1,0,0,auto_approved,0.1115,2022
de52a9fb-1ede-4950-8dc9-f24a3a5bd1b4,U000504,2022-02-26 09:48:39,09:48:39,30634.47,purchase,M00086,VND,success,mobile,D001908,218.48.255.149,credit_card,Bangkok,"13.609007,108.049172",68,F,2020-09-09,active,0.68,0,0,0,auto_approved,0.2375,2022
9a5e87bc-764d-439f-b0db-992e755b2d99,U000337,2022-06-20 15:08:53,15:08:53,408721.99,cash_withdrawal,M00089,VND,success,atm,D000062,47.182.63.103,credit_card,Hanoi,"16.552441,102.060519",64,F,2021-12-25,active,0.88,0,0,0,auto_approved,0.3883,2022
29b531cc-29ed-4197-9aca-142f30f3f164,U001087,2022-06-23 20:52:10,20:52:10,1264736.68,transfer,M00488,USD,success,pos,D001928,132.36.144.24,debit_card,Ho Chi Minh City,"18.259853,102.095186",25,M,2019-07-03,active,0.78,0,0,0,auto_approved,0.1704,2022
44a8ae38-be1b-4775-9bb3-2bca0ea65f63,U000217,2022-07-17 14:29:35,14:29:35,377104.14,cash_withdrawal,M00249,VND,success,desktop,D002489,19.111.201.64,bank_transfer,Da Nang,"16.340424,103.236037",28,M,2019-03-14,active,0.72,0,0,0,auto_approved,0.13,2022
138979de-b784-440f-86b9-7ae9e9fc342a,U001403,2022-06-26 01:45:46,01:45:46,273061.18,bill_payment,M00066,VND,success,atm,D002537,133.207.59.97,credit_card,Hanoi,"9.44208,102.099478",43,M,2018-10-04,active,0.49,0,0,0,auto_approved,0.0362,2022
82246ab0-661d-49d1-b041-c8a9d57626eb,U000112,2022-02-26 09:02:11,09:02:11,145824.84,transfer,M00072,VND,success,atm,D002720,20.191.84.186,bank_transfer,Singapore,"21.105805,106.772394",57,M,2020-12-01,active,0.66,0,0,0,auto_approved,0.1934,2022
1e65c98c-06bc-4975-ae5e-a4b36bb2505b,U000944,2022-02-04 00:20:02,00:20:02,551423.39,bill_payment,M00065,USD,pending,mobile,D000681,210.85.21.183,mobile_wallet,Singapore,"10.314905,105.190765",44,F,2017-11-26,active,0.88,0,0,0,auto_approved,0.3658,2022
0db0d8c6-8caa-4430-8b73-0adb1b92100a,U000662,2022-07-29 04:39:37,04:39:37,180065.62,online_payment,M00484,VND,failed,desktop,D000797,126.255.204.182,credit_card,Kuala Lumpur,"20.593349,102.127185",55,F,2020-09-30,active,0.8,0,0,0,auto_approved,0.296,2022
60bebbf8-2543-403b-a9cd-3fe1742910e6,U001665,2022-10-30 06:55:35,06:55:35,61390.86,cash_withdrawal,M00428,VND,success,atm,D000034,146.0.186.127,mobile_wallet,Kuala Lumpur,"21.960946,102.542712",51,F,2017-06-14,active,0.9,0,1,0,auto_approved,0.6357,2022
52bcc9f6-5674-4c24-a534-a0e155ad6825,U001258,2022-02-12 00:03:20,00:03:20,267844.28,purchase,M00025,VND,success,desktop,D001783,89.246.25.138,bank_transfer,Kuala Lumpur,"12.812918,102.362209",60,F,2017-05-02,active,0.78,2,1,0,auto_approved,0.366,2022
614532a0-84d1-48eb-9851-618fce40d23e,U000777,2022-01-19 22:57:30,22:57:30,229476.51,online_payment,M00235,USD,success,mobile,D000774,217.100.86.179,debit_card,Ho Chi Minh City,"9.998058,105.622301",50,M,2018-11-22,active,0.98,1,0,0,auto_approved,0.5275,2022
52122d76-e73d-46b0-8a81-d2da9fb1ad28,U000716,2022-04-27 12:43:50,12:43:50,506378.95,online_payment,M00383,USD,success,pos,D002561,14.22.60.132,debit_card,Ho Chi Minh City,"20.970209,104.43571",51,F,2016-06-30,active,0.85,2,1,0,auto_approved,0.1814,2022
0fed8a41-a350-44fa-a850-d08024102ade,U001591,2022-06-07 07:41:51,07:41:51,468036.81,purchase,M00145,USD,success,desktop,D000925,75.148.81.24,mobile_wallet,Da Nang,"15.561192,107.806491",19,M,2018-03-22,active,0.48,0,0,0,auto_approved,0.1772,2022
e7ff0938-46ec-4194-9c46-e3799e05b17f,U001612,2022-08-11 02:47:25,02:47:25,773260.0,bill_payment,M00343,USD,success,mobile,D002917,49.183.128.159,mobile_wallet,Bangkok,"18.54924,104.531054",40,M,2017-10-26,active,0.49,0,0,0,auto_approved,0.2714,2022
e6521242-2723-486f-8589-098a7d57cd8e,U000817,2022-12-23 01:10:50,01:10:50,251162.22,purchase,M00181,VND,success,atm,D001701,56.241.218.201,debit_card,Kuala Lumpur,"11.903546,104.111976",38,F,2017-11-23,active,0.98,0,0,0,auto_approved,0.2113,2022
2e5f9cd3-dfb0-4809-acb5-91e04e521034,U001846,2022-11-05 04:22:18,04:22:18,372708.52,transfer,M00015,VND,success,desktop,D000325,225.60.57.33,credit_card,Bangkok,"13.227393,104.644294",42,F,2018-08-20,active,0.97,0,0,0,auto_approved,0.087,2022
269f4732-e798-497c-a9e9-ae203cc8f721,U001887,2022-08-12 17:58:50,17:58:50,261428.28,online_payment,M00009,VND,success,pos,D001010,12.239.95.123,debit_card,Kuala Lumpur,"9.362607,107.060277",28,F,2021-06-26,active,0.46,0,0,0,auto_approved,0.1552,2022
955e76fe-77c7-4add-a376-5da542a75cf7,U000223,2022-01-13 12:26:20,12:26:20,201114.15,online_payment,M00449,USD,success,desktop,D002595,100.41.232.135,mobile_wallet,Da Nang,"16.621765,103.011037",60,M,2018-09-20,active,0.66,0,0,0,auto_approved,0.4354,2022
86ac0966-433c-491f-9b47-9c74946ef3bb,U001492,2022-08-11 11:38:11,11:38:11,174161.23,transfer,M00044,USD,success,atm,D002444,111.176.141.11,bank_transfer,Singapore,"18.830782,105.469763",29,F,2022-02-26,active,0.56,0,0,0,auto_approved,0.281,2022
cd7a8996-942e-404f-b58b-1bd6721f9950,U001518,2022-12-17 02:36:42,02:36:42,661690.61,purchase,M00333,VND,success,pos,D002352,148.128.38.146,credit_card,Hanoi,"21.047444,104.670143",19,M,2017-06-07,active,0.58,0,0,0,auto_approved,0.3191,2022
2a723e92-85aa-4e9c-8700-9faa172ccbac,U001306,2022-12-17 20:40:21,20:40:21,1284533.18,purchase,M00422,VND,success,desktop,D000514,54.228.214.177,mobile_wallet,Bangkok,"9.503228,108.825072",50,M,2020-04-28,active,0.98,0,0,0,auto_approved,0.1823,2022
00c8bf04-5763-48cc-a8f1-e8f189d856f2,U000322,2022-04-02 02:12:46,02:12:46,164485.45,purchase,M00301,USD,success,desktop,D002689,166.112.70.70,credit_card,Bangkok,"14.615854,107.166766",42,M,2018-04-28,active,0.8,0,0,0,auto_approved,0.4408,2022
133d00bd-6c4c-400a-b922-fd7887becb18,U000362,2022-07-02 03:43:05,03:43:05,746659.49,bill_payment,M00080,USD,success,desktop,D002256,106.213.128.189,debit_card,Kuala Lumpur,"21.614285,106.122447",47,F,2019-09-25,active,0.55,0,0,0,auto_approved,0.2988,2022
246fb7b6-3f46-48a3-8869-a374b8fe98e5,U001344,2022-01-25 11:18:42,11:18:42,422943.28,bill_payment,M00398,VND,success,atm,D001428,64.30.110.238,bank_transfer,Hanoi,"9.05197,108.619768",20,F,2015-07-22,active,0.98,1,0,0,auto_approved,0.2588,2022
30c3d62c-e0d9-427f-8668-272ccc416097,U000310,2022-09-13 13:54:45,13:54:45,1451378.19,cash_withdrawal,M00016,USD,success,pos,D001118,253.218.74.38,mobile_wallet,Ho Chi Minh City,"14.993475,108.040016",34,M,2022-05-09,active,0.78,0,0,0,auto_approved,0.4291,2022
03415214-b182-4d23-a64a-90409778fb30,U000433,2022-12-05 23:46:07,23:46:07,49092.82,transfer,M00184,VND,success,desktop,D001036,142.89.218.182,mobile_wallet,Ho Chi Minh City,"19.839199,102.906619",44,M,2020-01-08,active,0.64,1,0,0,auto_approved,0.0998,2022
b2189ff9-8de4-4c4d-ad0b-1013173ebf47,U001575,2022-04-22 09:25:46,09:25:46,1206642.57,bill_payment,M00418,VND,success,pos,D001012,18.218.36.39,mobile_wallet,Bangkok,"18.014485,104.613375",44,F,2018-11-25,active,0.65,0,0,0,auto_approved,0.2861,2022
97d6bbae-483c-4154-99fc-956d00959c61,U000330,2022-06-25 12:20:04,12:20:04,275606.74,online_payment,M00210,VND,success,desktop,D002122,39.210.242.232,mobile_wallet,Da Nang,"19.168246,104.673682",66,F,2014-10-09,active,0.89,0,1,1,pending_review,0.3241,2022
94ae0c5b-c2d4-40d4-a14b-7d0deac8be22,U001369,2022-02-17 07:59:20,07:59:20,525826.2,bill_payment,M00004,USD,failed,atm,D000305,195.11.204.238,debit_card,Kuala Lumpur,"9.624627,106.58949",29,F,2020-01-31,active,0.56,0,0,0,auto_approved,0.3227,2022
68d4e9e2-9391-4cbe-874c-e3f57db20658,U000279,2022-11-09 22:22:50,22:22:50,68626.53,purchase,M00414,USD,success,mobile,D002164,51.39.86.196,mobile_wallet,Da Nang,"8.988714,106.229971",27,F,2021-07-04,active,0.83,0,0,0,auto_approved,0.3917,2022
a7da1d77-1d9c-4920-9eda-1650b3f0c5ca,U001918,2022-04-03 20:22:44,20:22:44,56259.64,purchase,M00246,USD,success,pos,D002762,200.5.81.137,credit_card,Bangkok,"13.113715,102.535219",49,M,2021-06-17,active,0.95,1,0,0,auto_approved,0.1114,2022
0bd6a2ae-363d-4e13-a5b1-e6d92b9d1287,U001882,2022-06-19 09:33:00,09:33:00,1908405.63,online_payment,M00441,VND,success,pos,D000390,237.223.214.69,credit_card,Kuala Lumpur,"14.024013,104.71745",32,F,2016-02-11,active,0.87,0,1,0,auto_approved,0.4638,2022
8bae4b72-ea6e-4e2d-a88f-8b50ad4dbc35,U000968,2022-07-10 12:48:41,12:48:41,950042.93,cash_withdrawal,M00095,USD,success,atm,D001252,49.32.186.186,credit_card,Bangkok,"21.743831,103.611712",63,F,2014-11-28,active,0.99,0,0,0,auto_approved,0.2518,2022
fde0dd57-f1f1-4648-9402-51e3ec8958d9,U000842,2022-07-03 00:47:53,00:47:53,2275536.95,cash_withdrawal,M00020,USD,success,desktop,D002883,169.206.146.191,credit_card,Da Nang,"18.488423,103.26197",63,M,2018-02-17,active,0.51,0,0,0,auto_approved,0.4261,2022
d62765ef-c3d6-4b95-b5f3-01e2c849a2d1,U001658,2022-02-05 06:39:03,06:39:03,788051.62,transfer,M00298,USD,success,pos,D001237,78.155.31.175,credit_card,Kuala Lumpur,"15.624717,104.14547",58,F,2019-04-20,blocked,0.68,0,0,0,auto_approved,0.2712,2022
a5af53f7-da16-4e60-9334-d0d6d31d15e0,U000909,2022-10-23 08:47:32,08:47:32,42931.85,transfer,M00182,USD,success,desktop,D000854,32.148.84.48,debit_card,Singapore,"10.274705,106.897241",63,F,2017-01-28,active,0.47,0,0,0,auto_approved,0.3946,2022
f6af1dae-ff68-4c3f-a7a8-04cbb9544863,U000824,2022-08-07 14:03:51,14:03:51,237119.61,bill_payment,M00227,VND,success,pos,D000739,243.164.136.220,debit_card,Singapore,"8.99004,107.75107",18,M,2015-06-11,active,0.82,0,0,0,auto_approved,0.3092,2022
56cc59b8-ea51-48f7-81da-687abd1fe7ba,U000641,2022-04-14 14:57:09,14:57:09,423088.62,cash_withdrawal,M00052,VND,success,desktop,D001876,36.119.122.3,bank_transfer,Singapore,"13.038691,103.445903",62,M,2018-06-21,active,0.79,0,0,0,auto_approved,0.2306,2022
2243dbef-ab00-4dd5-945b-ffd10ebd9c17,U001957,2022-07-18 19:34:32,19:34:32,688983.78,bill_payment,M00082,USD,success,mobile,D001072,219.137.106.165,debit_card,Da Nang,"17.499994,104.03312",60,M,2021-09-05,active,0.73,0,0,0,auto_approved,0.373,2022
5c4dd656-9209-47b4-835e-2167c05b8459,U001460,2022-10-17 19:15:51,19:15:51,966400.05,purchase,M00092,VND,success,desktop,D002528,141.104.48.227,bank_transfer,Ho Chi Minh City,"20.386904,107.441107",27,M,2016-02-14,active,0.94,0,0,0,auto_approved,0.0519,2022
8ebb51c5-3c79-4357-8c6f-62f4c461a659,U000706,2022-10-26 17:54:29,17:54:29,653626.32,online_payment,M00208,USD,success,mobile,D000442,29.192.99.138,mobile_wallet,Da Nang,"14.480737,103.975527",35,F,2020-01-22,active,0.55,0,1,1,pending_review,0.3934,2022
a2304d33-7d11-4c4f-a8e2-fcf37c21ec7b,U001831,2022-03-05 15:25:53,15:25:53,100313.96,purchase,M00049,VND,success,atm,D002979,243.186.97.11,bank_transfer,Da Nang,"17.575059,104.885709",37,M,2016-03-23,active,0.46,0,0,0,auto_approved,0.2599,2022
a512d3f2-2f04-4fde-804d-d6c57976ed8d,U001254,2022-03-20 20:00:42,20:00:42,422905.85,cash_withdrawal,M00431,USD,success,atm,D000496,83.61.29.141,debit_card,Bangkok,"13.614456,105.996278",48,F,2019-12-27,active,0.52,2,1,1,pending_review,0.1432,2022
494c541e-7465-4414-833d-c4848e8db3e2,U000993,2022-04-27 04:08:57,04:08:57,1007187.18,cash_withdrawal,M00195,VND,success,atm,D001461,150.37.38.179,credit_card,Ho Chi Minh City,"21.059524,103.955599",45,M,2016-06-18,active,0.6,2,1,0,auto_approved,0.4769,2022
8e3fd16c-0fb6-4e1b-8516-0a0335cea5b1,U001436,2022-12-04 12:29:15,12:29:15,292922.97,online_payment,M00038,USD,success,pos,D002567,55.197.128.51,debit_card,Singapore,"12.642565,106.189073",61,M,2018-09-14,active,0.91,0,0,0,auto_approved,0.4034,2022
2c1b0543-3e69-446d-8932-54822d618fc9,U001957,2022-08-14 18:12:22,18:12:22,1346697.36,transfer,M00264,VND,success,atm,D002197,202.211.125.83,debit_card,Hanoi,"9.496902,108.884483",24,M,2014-06-07,active,0.87,0,1,0,auto_approved,0.4393,2022
5f2eee2d-b82e-4873-9793-8db1914f30d3,U000158,2022-11-15 10:14:56,10:14:56,701937.44,bill_payment,M00416,VND,success,atm,D001454,185.177.122.222,mobile_wallet,Hanoi,"13.975954,104.374923",58,F,2015-03-21,active,0.99,0,0,0,auto_approved,0.1562,2022
04e19116-0e39-4d31-9c4b-1b8d6409a6f9,U000733,2022-09-04 10:12:15,10:12:15,2550867.41,bill_payment,M00133,VND,success,atm,D002292,247.147.218.10,bank_transfer,Singapore,"15.307615,108.05014",18,M,2019-03-04,active,0.96,0,0,0,auto_approved,0.2466,2022
538afd18-465e-4cbd-9ca6-dabf421f03e2,U000583,2022-12-31 13:39:25,13:39:25,1414467.4,cash_withdrawal,M00067,USD,success,desktop,D002574,83.19.0.24,mobile_wallet,Singapore,"20.225374,106.346416",28,F,2022-06-07,blocked,0.91,0,0,0,auto_approved,0.206,2022
f01f6b1c-118f-45c6-a218-1cb4eb292290,U000066,2022-07-29 14:44:39,14:44:39,419146.4,online_payment,M00375,VND,success,desktop,D001073,160.136.138.75,bank_transfer,Kuala Lumpur,"17.741466,107.681743",32,F,2019-11-01,active,0.56,2,1,0,auto_approved,0.4459,2022
4e2da1f3-c3fc-4dba-8124-4078302699dc,U001043,2022-11-27 23:12:16,23:12:16,31876.87,transfer,M00479,VND,success,pos,D000232,208.226.225.239,credit_card,Bangkok,"15.93001,108.257658",19,F,2017-09-09,active,0.85,0,0,0,auto_approved,0.0796,2022
696a6695-978e-4dbf-9817-22930e761bd6,U000184,2022-07-01 01:52:47,01:52:47,98328.91,transfer,M00342,USD,success,atm,D002815,49.116.152.90,debit_card,Hanoi,"15.262173,106.103605",39,F,2019-12-16,active,0.47,0,0,0,auto_approved,0.1938,2022
9a9833c7-7ad5-44d5-a89d-7dd453415073,U000092,2022-04-14 14:47:14,14:47:14,164866.86,transfer,M00249,USD,success,pos,D002481,60.66.105.192,bank_transfer,Ho Chi Minh City,"17.025362,106.209466",26,F,2017-08-04,active,0.53,1,0,0,auto_approved,0.1867,2022
9ca0e11c-420d-40ba-813c-34d17a1a4fdf,U000495,2022-09-18 06:04:26,06:04:26,114938.48,online_payment,M00408,USD,failed,desktop,D001450,191.129.14.129,credit_card,Singapore,"17.969641,103.046417",28,F,2021-12-11,active,0.6,0,0,0,auto_approved,0.2296,2022
dbe380d4-0274-4b8e-b33f-608bad84c9ab,U001702,2022-04-09 21:41:35,21:41:35,704981.88,purchase,M00330,VND,success,desktop,D001519,109.179.73.228,credit_card,Da Nang,"19.634925,104.971908",19,M,2015-08-28,active,0.73,0,0,0,auto_approved,0.2072,2022
6f1c0d2d-2d85-4303-a11e-3e4cb66f668d,U000234,2022-08-30 15:16:51,15:16:51,1211311.24,online_payment,M00429,VND,success,pos,D001423,102.48.9.138,credit_card,Kuala Lumpur,"18.792605,102.750253",54,F,2020-05-13,active,0.58,0,0,0,auto_approved,0.125,2022
54a972ee-541d-4e23-90ac-acd17b1cc4f1,U001598,2022-04-24 21:51:14,21:51:14,634014.73,purchase,M00453,USD,success,atm,D001299,60.230.75.204,debit_card,Da Nang,"12.085003,107.536806",25,F,2021-11-22,active,0.62,0,1,0,auto_approved,0.3095,2022
1354ef93-fc4d-4f28-8b7d-77a542ec77bb,U000068,2022-01-18 10:23:36,10:23:36,766402.53,online_payment,M00008,USD,success,pos,D000352,138.24.37.241,bank_transfer,Da Nang,"21.595696,106.778418",60,F,2013-11-25,active,0.54,0,0,0,auto_approved,0.2892,2022
45cc4e64-3163-4bcb-86ed-3ede9d57fccd,U001206,2022-01-22 09:07:32,09:07:32,407355.09,cash_withdrawal,M00267,VND,success,desktop,D000558,19.180.180.245,credit_card,Kuala Lumpur,"8.263048,104.311037",38,M,2021-12-05,active,0.48,0,0,0,auto_approved,0.2274,2022
1a728a7b-d73d-42ba-831c-0535d79f37f3,U000826,2022-07-31 08:31:53,08:31:53,325442.96,cash_withdrawal,M00409,VND,failed,desktop,D000220,197.161.215.115,bank_transfer,Kuala Lumpur,"21.875509,103.099401",21,M,2015-05-02,active,0.85,0,1,0,auto_approved,0.6173,2022
af28091e-38e0-406b-8fb3-b4a5916c1083,U001925,2022-01-03 02:09:11,02:09:11,1388882.08,online_payment,M00380,VND,success,mobile,D001180,214.153.193.97,mobile_wallet,Ho Chi Minh City,"15.251089,106.635485",62,M,2015-07-12,active,0.72,0,0,0,auto_approved,0.0158,2022
6630bb57-0684-411a-af88-6f620d800058,U001830,2022-11-30 22:12:54,22:12:54,721530.86,online_payment,M00403,VND,failed,desktop,D002379,162.21.133.190,debit_card,Kuala Lumpur,"10.965018,105.185819",22,F,2020-09-08,active,0.57,0,0,0,auto_approved,0.0583,2022
8abe1445-676c-4b0e-94c8-49ec3d0a2d1c,U001388,2022-04-11 21:06:15,21:06:15,110165.98,transfer,M00421,VND,pending,desktop,D002692,232.197.152.22,credit_card,Ho Chi Minh City,"14.739352,108.995759",19,F,2016-11-21,active,0.54,0,0,0,auto_approved,0.2203,2022
cb83504b-a18d-4c32-a4f7-169507c11ef2,U000730,2022-08-20 07:17:03,07:17:03,295646.09,cash_withdrawal,M00307,USD,success,mobile,D002989,190.178.13.197,bank_transfer,Kuala Lumpur,"13.899668,104.317164",28,M,2021-09-29,active,0.59,0,0,0,auto_approved,0.3024,2022
e0cf6b2c-d0e9-440b-84a2-784687efae67,U000697,2022-06-01 08:23:57,08:23:57,3242519.83,purchase,M00087,USD,success,atm,D002632,146.230.84.105,mobile_wallet,Hanoi,"8.396881,106.850076",70,M,2020-02-07,active,0.53,1,1,1,pending_review,0.8144,2022
e9699574-33c5-4cad-aa9c-60cf0877d139,U000679,2022-08-06 16:31:54,16:31:54,637286.8,online_payment,M00464,USD,success,pos,D002891,84.51.76.243,bank_transfer,Ho Chi Minh City,"20.202702,103.877639",57,M,2017-04-10,active,0.52,0,0,0,auto_approved,0.2729,2022
881454b6-bb46-48a5-be72-a7cea7e5285e,U001068,2022-06-30 13:15:55,13:15:55,580481.94,purchase,M00022,USD,success,pos,D002034,72.236.213.205,bank_transfer,Ho Chi Minh City,"9.292217,108.510529",41,M,2020-12-28,active,0.89,0,0,0,auto_approved,0.2988,2022
4c112bd9-60d7-4060-aef3-2ffdd6569a9d,U000341,2022-04-20 10:42:20,10:42:20,907639.51,online_payment,M00233,USD,failed,mobile,D002450,205.114.233.187,bank_transfer,Da Nang,"21.24451,102.692432",62,F,2014-09-22,active,0.5,0,0,0,auto_approved,0.3194,2022
b20bd577-1ce4-4dcf-81c6-397472e7366f,U000902,2022-01-07 05:06:50,05:06:50,483594.35,online_payment,M00254,VND,success,pos,D002088,115.10.175.252,credit_card,Bangkok,"8.042235,104.652599",40,F,2020-11-16,active,0.8,1,0,0,auto_approved,0.3803,2022
f137026b-dfe4-4f74-b3cc-3a8b51c1d9cf,U000393,2022-01-31 06:40:03,06:40:03,1313861.55,online_payment,M00399,USD,pending,pos,D002722,84.141.14.248,debit_card,Singapore,"8.221432,103.851622",50,M,2021-01-28,active,0.9,0,1,0,auto_approved,0.5046,2022
028de8be-8726-43e7-9a5a-df0356b786a9,U001516,2022-02-09 13:42:42,13:42:42,1038052.28,purchase,M00063,VND,failed,desktop,D001510,196.164.58.38,mobile_wallet,Singapore,"18.068412,108.82811",56,F,2014-05-26,active,0.8,0,0,0,auto_approved,0.0511,2022
8fe75a13-50af-44a0-a37d-14bcebcf1c1a,U001415,2022-06-10 18:56:08,18:56:08,818996.16,cash_withdrawal,M00464,USD,success,atm,D001545,188.117.255.45,debit_card,Bangkok,"18.339057,107.444493",37,M,2019-02-25,active,0.49,0,0,0,auto_approved,0.2483,2022
83c21016-b688-4f1a-83dd-0f883ab4cf8e,U000176,2022-06-30 17:33:34,17:33:34,15861.22,transfer,M00412,USD,success,desktop,D001378,47.168.73.134,debit_card,Da Nang,"12.410721,104.742387",58,M,2021-05-11,active,0.59,0,0,0,auto_approved,0.1014,2022
a5c3ec6e-80c5-4ddc-8833-caf9c500c959,U001013,2022-02-22 05:18:49,05:18:49,669879.42,online_payment,M00209,USD,success,atm,D001370,100.52.213.101,credit_card,Singapore,"8.908195,108.140452",34,F,2014-05-28,active,0.78,2,1,1,pending_review,0.3289,2022
496a3a47-9569-4aa4-8f68-24635c70e4c8,U001855,2022-11-19 05:25:53,05:25:53,98618.43,cash_withdrawal,M00387,VND,success,desktop,D000068,105.103.149.68,debit_card,Ho Chi Minh City,"9.079965,104.60865",19,F,2018-10-20,active,0.6,0,0,0,auto_approved,0.3875,2022
a0f61e76-2454-4399-86f7-7bfc00c37570,U001933,2022-04-01 19:02:46,19:02:46,503090.27,online_payment,M00250,VND,success,pos,D002868,26.170.218.134,debit_card,Da Nang,"9.192597,105.410601",48,F,2016-01-08,active,0.82,0,0,0,auto_approved,0.0324,2022
d716680e-0087-4059-8f7c-54940bf70b68,U001229,2022-02-21 11:48:17,11:48:17,1270173.38,purchase,M00196,VND,success,pos,D000943,27.218.129.137,mobile_wallet,Hanoi,"9.456728,107.027824",18,F,2013-12-27,active,0.5,0,0,0,auto_approved,0.1105,2022
e62d809a-2073-454b-bdf8-74826d4bd769,U001125,2022-12-23 09:29:22,09:29:22,1391027.61,cash_withdrawal,M00180,VND,success,pos,D000889,54.168.101.103,debit_card,Ho Chi Minh City,"13.743578,108.124882",61,F,2018-10-08,blocked,0.97,0,0,0,auto_approved,0.0994,2022
53a4686c-02c9-46e9-9756-ba692b1663ac,U000039,2022-11-25 14:37:46,14:37:46,113074.33,bill_payment,M00216,USD,success,desktop,D000826,74.103.29.81,credit_card,Da Nang,"16.379571,104.849864",34,F,2020-12-09,active,0.63,0,0,0,auto_approved,0.0335,2022
7e73d413-9cc3-477c-9fca-1888f0323fc8,U000514,2022-12-04 04:37:48,04:37:48,2193617.48,transfer,M00135,USD,success,pos,D001357,104.171.181.70,credit_card,Singapore,"20.639461,102.700033",25,F,2015-03-25,active,0.78,0,0,0,auto_approved,0.1522,2022
e96911d9-c337-485b-83f9-dab461580a6a,U000600,2022-12-31 01:03:42,01:03:42,712818.53,online_payment,M00491,VND,success,mobile,D001796,250.9.160.92,debit_card,Hanoi,"14.980709,104.047268",42,F,2019-09-06,active,0.58,1,0,0,auto_approved,0.3347,2022
21b56852-6fcd-4961-9cf8-38676f0ec185,U000064,2022-06-03 09:11:03,09:11:03,303433.16,online_payment,M00356,USD,success,desktop,D002864,186.20.87.184,mobile_wallet,Kuala Lumpur,"9.707686,107.286627",28,M,2016-01-14,active,0.83,0,0,0,auto_approved,0.2847,2022
9348964a-dce6-466e-a68d-98f57d80e1c9,U001492,2022-07-09 04:23:02,04:23:02,999652.66,purchase,M00097,USD,success,atm,D001653,20.80.180.153,mobile_wallet,Kuala Lumpur,"17.828139,102.001521",64,F,2019-12-09,active,0.75,0,0,0,auto_approved,0.3975,2022
fcb029da-454b-4bbf-ab03-c97107f5dc92,U001318,2022-11-21 06:28:26,06:28:26,1378728.44,transfer,M00131,USD,success,desktop,D002718,107.4.85.74,credit_card,Hanoi,"14.008945,102.362097",70,F,2019-04-04,active,0.93,0,0,0,auto_approved,0.3606,2022
47500ee2-f38a-44c3-924c-cd1645484fac,U001119,2022-11-17 07:05:51,07:05:51,24057.52,transfer,M00157,VND,failed,atm,D001742,11.192.232.126,bank_transfer,Da Nang,"17.015717,102.662639",68,M,2020-08-05,active,0.95,0,0,0,auto_approved,0.3118,2022
f44fdb52-165f-4bf7-83de-7529a081f8fa,U000833,2022-03-19 00:05:46,00:05:46,395448.65,purchase,M00292,USD,success,atm,D002642,97.196.178.80,debit_card,Da Nang,"15.661028,105.513395",19,M,2020-09-18,active,0.76,0,0,0,auto_approved,0.2699,2022
6f60877d-0aa5-48a0-80ec-ed8e5b3d0787,U000180,2022-07-07 00:03:04,00:03:04,1391941.55,online_payment,M00445,VND,success,atm,D001631,179.225.213.150,bank_transfer,Kuala Lumpur,"11.141133,102.044049",68,M,2021-07-30,active,0.75,0,0,0,auto_approved,0.1085,2022
ecae169e-df49-4e42-af92-5639b21f9120,U000674,2022-11-14 14:20:34,14:20:34,673591.58,cash_withdrawal,M00190,VND,success,atm,D000138,123.63.146.15,debit_card,Bangkok,"14.138225,105.657662",68,M,2017-01-28,active,0.93,0,0,0,auto_approved,0.3841,2022
e8af396f-70eb-44e7-9c8a-f5dca6b24c7b,U000437,2022-03-04 06:45:00,06:45:00,350678.0,bill_payment,M00482,VND,success,desktop,D000326,46.82.111.220,mobile_wallet,Ho Chi Minh City,"13.155839,102.401254",65,M,2014-09-15,active,0.91,0,0,0,auto_approved,0.0391,2022
d16a4531-752a-483b-bc3f-200d2f3cd43c,U001653,2022-07-08 15:27:26,15:27:26,109013.1,cash_withdrawal,M00048,VND,success,mobile,D000709,220.143.252.224,mobile_wallet,Da Nang,"21.725344,108.122125",46,F,2015-10-28,active,0.51,0,0,0,auto_approved,0.0846,2022
6b3d7c81-d82f-4445-964e-0d380bba9488,U000091,2022-08-20 00:37:19,00:37:19,1589413.6,cash_withdrawal,M00433,USD,success,pos,D002018,98.131.212.125,credit_card,Ho Chi Minh City,"16.011043,103.798602",45,F,2019-08-27,active,0.62,0,0,0,auto_approved,0.2006,2022
11dfdb72-780b-4b79-b577-935e20dff196,U000613,2022-03-10 23:08:11,23:08:11,1386631.85,cash_withdrawal,M00410,USD,success,mobile,D001284,1.66.211.49,mobile_wallet,Da Nang,"11.351503,102.044537",41,M,2018-08-15,under_review,0.75,0,0,0,auto_approved,0.1203,2022
01bb2d01-906d-4f60-b27a-2bf19a60d0e8,U000377,2022-11-19 04:05:00,04:05:00,852522.13,transfer,M00403,USD,success,desktop,D001969,143.164.221.55,credit_card,Da Nang,"19.413469,103.077277",32,M,2016-09-28,active,0.62,0,0,0,auto_approved,0.4438,2022
4261f4f7-462d-4b97-b54c-59966eced2c0,U001628,2022-12-13 22:16:12,22:16:12,295636.98,bill_payment,M00029,VND,success,pos,D001361,119.120.225.131,mobile_wallet,Hanoi,"16.533573,107.614631",67,M,2022-10-16,active,0.52,1,1,0,auto_approved,0.5923,2022
77e0005f-af10-4ea4-b87e-81290a4910ae,U001807,2022-08-18 01:50:18,01:50:18,184082.22,cash_withdrawal,M00128,VND,success,pos,D001263,83.121.224.164,debit_card,Kuala Lumpur,"9.851794,108.32861",30,M,2014-10-10,active,0.55,0,0,0,auto_approved,0.3572,2022
cf141c69-0525-429e-9c24-1e3b6b1b53af,U000230,2022-08-03 12:31:46,12:31:46,256385.09,bill_payment,M00253,USD,success,desktop,D001812,123.100.235.116,debit_card,Da Nang,"20.478464,102.308692",29,M,2018-06-30,active,0.59,0,0,0,auto_approved,0.3423,2022
501a2235-0895-4723-9827-d72438f68bb8,U000471,2022-11-18 15:39:51,15:39:51,303291.4,online_payment,M00208,USD,success,mobile,D000641,153.195.99.124,bank_transfer,Kuala Lumpur,"13.086957,105.151472",41,F,2017-06-20,active,0.56,1,0,0,auto_approved,0.1056,2022
2044e7eb-a00c-4f4b-9777-659579c1d55b,U000685,2022-02-18 04:17:00,04:17:00,909052.28,purchase,M00101,VND,success,pos,D001436,76.131.180.25,debit_card,Singapore,"12.114139,106.957327",43,F,2018-11-10,active,0.93,0,0,0,auto_approved,0.1031,2022
dd9ca6a7-02ff-4b6b-8ccd-97d509feb297,U001110,2022-09-16 10:44:10,10:44:10,1094792.31,online_payment,M00476,USD,success,pos,D000040,131.41.136.228,bank_transfer,Ho Chi Minh City,"10.847311,104.151602",39,F,2015-11-24,active,0.83,0,0,0,auto_approved,0.1302,2022
e06a60ac-7709-4492-949b-5c28758823ac,U001757,2022-12-18 09:48:46,09:48:46,613868.75,cash_withdrawal,M00129,USD,success,desktop,D001195,158.255.123.64,bank_transfer,Hanoi,"15.355553,108.670745",22,M,2021-09-07,active,0.94,0,0,0,auto_approved,0.1873,2022
ee83d5c3-eeff-47b6-aeec-0139f9ce56db,U001364,2022-01-28 15:03:53,15:03:53,374251.54,transfer,M00093,VND,success,atm,D002447,82.255.63.172,credit_card,Bangkok,"15.634773,107.669571",21,M,2020-09-01,active,0.6,1,0,0,auto_approved,0.2362,2022
7532738a-db24-43b0-b660-b8ba035c6db2,U001727,2022-05-03 02:46:00,02:46:00,259542.24,transfer,M00191,VND,success,mobile,D001234,176.71.170.212,credit_card,Bangkok,"15.882964,104.679462",55,M,2019-03-03,active,0.85,0,0,0,auto_approved,0.0122,2022
58360c38-a0c4-41b0-9e9f-e56df8d971c8,U000479,2022-06-04 19:26:30,19:26:30,872745.75,online_payment,M00195,VND,success,pos,D001180,201.145.38.67,mobile_wallet,Singapore,"16.591528,102.728817",34,F,2019-12-01,active,0.67,1,0,0,auto_approved,0.2805,2022
b10046b9-0ef5-436f-a18a-cebda2d7d776,U001845,2022-07-31 09:13:59,09:13:59,1821529.83,transfer,M00321,USD,success,atm,D001658,135.167.182.136,bank_transfer,Da Nang,"13.686476,105.801275",54,M,2019-02-25,active,0.82,0,0,0,auto_approved,0.2799,2022
ea3da736-b520-498f-a854-525ace51ea98,U001654,2022-11-09 23:35:08,23:35:08,732073.12,online_payment,M00252,USD,success,desktop,D001595,186.71.235.51,credit_card,Bangkok,"10.204401,102.442238",40,M,2021-11-30,active,0.68,0,0,0,auto_approved,0.3263,2022
91ce0dcc-52eb-4172-97a9-85bdbf4ea8c0,U000214,2022-08-08 01:44:17,01:44:17,311892.8,cash_withdrawal,M00442,USD,success,desktop,D000308,136.231.211.147,bank_transfer,Ho Chi Minh City,"15.863301,105.252131",49,F,2018-05-25,active,0.47,0,0,0,auto_approved,0.0554,2022
5dfb112f-188e-4d2e-8841-7d9740d8c5b9,U001925,2022-09-12 07:34:52,07:34:52,868257.39,online_payment,M00466,USD,success,atm,D000377,128.107.173.147,bank_transfer,Singapore,"13.97826,108.574458",37,M,2022-02-28,active,0.57,0,0,0,auto_approved,0.2134,2022
890afdb3-7534-4dbe-8e1b-9b0a9299518e,U001666,2022-05-04 23:27:07,23:27:07,2119645.63,purchase,M00485,VND,success,pos,D001817,69.197.254.179,debit_card,Da Nang,"19.87245,105.901437",38,F,2014-04-05,blocked,0.75,0,0,0,auto_approved,0.2444,2022
a533fc62-02bd-41ba-ae60-283becf93adf,U000641,2022-02-15 19:18:11,19:18:11,1137996.27,bill_payment,M00438,VND,success,atm,D000895,185.162.183.80,debit_card,Singapore,"16.037003,106.13795",26,M,2021-04-17,active,0.92,0,0,0,auto_approved,0.3044,2022
4e85ee5e-e752-43c0-923c-a0e1b16ac465,U000581,2022-06-21 23:42:11,23:42:11,1406510.38,online_payment,M00060,VND,success,atm,D002344,162.12.105.252,debit_card,Hanoi,"21.066022,105.911221",57,F,2019-05-29,under_review,0.53,0,0,0,auto_approved,0.246,2022
2e228e0d-a018-40a8-8d2e-edf99f28f6b2,U000471,2022-11-12 07:32:38,07:32:38,2419594.62,bill_payment,M00313,USD,success,pos,D000988,61.95.81.66,bank_transfer,Hanoi,"8.138905,107.400092",35,M,2014-11-25,active,0.62,0,0,0,auto_approved,0.0883,2022
8f5303f0-d773-4cae-9253-0b216d21ddd9,U000916,2022-07-18 23:22:25,23:22:25,1507178.18,purchase,M00113,USD,success,mobile,D001116,208.129.88.199,debit_card,Hanoi,"12.535601,102.332892",63,F,2019-10-31,active,0.62,0,0,0,auto_approved,0.3486,2022
033ac614-7fd8-49dc-9680-9f2cfe788847,U001071,2022-06-04 11:01:47,11:01:47,435291.46,transfer,M00063,USD,success,desktop,D000349,195.100.181.202,bank_transfer,Hanoi,"17.883865,104.985018",39,M,2019-07-21,active,0.71,0,1,1,pending_review,0.5098,2022
c51b1e15-505c-4089-bb3e-7cc91963b65e,U001292,2022-08-09 23:22:59,23:22:59,485895.24,transfer,M00100,VND,success,atm,D000756,1.231.76.116,credit_card,Ho Chi Minh City,"8.115615,106.744763",62,M,2019-03-17,active,0.86,0,0,0,auto_approved,0.1329,2022
65419a3b-750e-414a-bd13-6e20002f3fee,U000021,2022-12-02 07:59:48,07:59:48,603279.51,cash_withdrawal,M00288,VND,success,mobile,D002012,220.252.147.150,debit_card,Kuala Lumpur,"19.82934,103.302552",60,M,2014-11-19,active,0.81,0,0,0,auto_approved,0.113,2022
7703a2af-32bb-44cb-a42d-17bf7b5a877c,U000740,2022-07-18 07:37:05,07:37:05,1732745.07,online_payment,M00490,USD,failed,pos,D001705,3.44.70.97,mobile_wallet,Singapore,"21.222778,107.822543",59,F,2016-06-25,active,0.67,0,0,0,auto_approved,0.0695,2022
4ae5a7ec-72e2-4852-be56-ff34739777ad,U000227,2022-04-18 12:01:32,12:01:32,26264.41,purchase,M00097,VND,success,atm,D001226,134.53.131.32,debit_card,Bangkok,"13.757705,107.793716",50,M,2021-07-09,active,0.58,0,0,0,auto_approved,0.3451,2022
209ebc1b-4e79-42b1-a090-3e1d2899a37d,U001081,2022-03-19 23:56:51,23:56:51,941690.94,purchase,M00185,USD,success,pos,D000825,76.189.196.236,mobile_wallet,Hanoi,"11.441423,108.176858",28,F,2019-04-30,active,0.66,0,1,0,auto_approved,0.3502,2022
abf32208-c39c-4220-8c5f-4b8728917552,U000981,2022-02-24 10:27:19,10:27:19,145739.42,purchase,M00161,VND,success,mobile,D002064,185.157.132.57,mobile_wallet,Kuala Lumpur,"20.817077,108.817537",26,M,2015-11-12,active,0.74,1,0,0,auto_approved,0.5079,2022
1b1b98de-073e-4bf5-9534-505ed4117d7c,U000612,2022-08-23 20:43:04,20:43:04,598827.1,purchase,M00180,VND,success,desktop,D000336,79.115.210.87,credit_card,Kuala Lumpur,"19.147113,107.593768",21,F,2016-11-22,blocked,0.83,0,0,0,auto_approved,0.1416,2022
222ea1b4-40b8-456d-a825-8cf45cff5ed8,U000186,2022-04-01 09:10:17,09:10:17,24195.07,purchase,M00302,VND,success,atm,D002905,179.253.88.160,credit_card,Hanoi,"19.245895,105.942612",19,F,2018-05-01,active,0.47,0,0,0,auto_approved,0.1105,2022
6523e7e8-6da3-4ad3-93a5-62b92e8a9367,U001318,2022-02-08 23:28:08,23:28:08,2099936.12,transfer,M00493,VND,success,mobile,D001232,104.25.44.239,mobile_wallet,Da Nang,"20.626984,104.141047",68,F,2014-02-28,active,0.87,0,0,0,auto_approved,0.394,2022
0e47969f-f6e5-40ee-9472-3d354b2ac65d,U000998,2022-12-31 18:48:02,18:48:02,918866.77,cash_withdrawal,M00241,USD,success,atm,D002006,149.99.71.193,credit_card,Bangkok,"11.971462,102.473436",65,M,2015-05-27,active,0.69,0,1,0,auto_approved,0.384,2022
8b9c2bae-8cb1-4c9d-ab17-c0ef3624bb71,U001011,2022-03-16 15:12:10,15:12:10,525929.43,cash_withdrawal,M00400,VND,success,pos,D001892,83.78.170.128,credit_card,Da Nang,"17.471587,103.544196",32,F,2019-08-19,active,0.77,2,1,0,auto_approved,0.4132,2022
2cd376d7-2f6d-4b50-9ce4-c5215ba34749,U001487,2022-02-06 04:17:32,04:17:32,305408.29,transfer,M00235,USD,success,mobile,D002932,216.132.193.227,mobile_wallet,Hanoi,"18.311863,103.24193",27,M,2021-09-10,active,0.46,0,0,0,auto_approved,0.2991,2022
371bb9b4-f359-418a-b122-3bf685400ac6,U001472,2022-02-02 13:21:13,13:21:13,587767.64,purchase,M00419,VND,failed,desktop,D000105,250.137.187.67,credit_card,Ho Chi Minh City,"17.58905,107.352349",36,F,2018-12-26,active,0.72,0,1,0,auto_approved,0.3387,2022
a7189fdc-3b89-4c8c-ba96-59ede7defc88,U000928,2022-04-03 13:21:55,13:21:55,172505.92,transfer,M00420,VND,success,atm,D000110,91.236.43.44,credit_card,Hanoi,"20.881738,102.003036",70,M,2019-12-19,active,0.85,0,0,0,auto_approved,0.2722,2022
7986b8bc-f135-406d-acfe-9c9885fc7a5c,U000920,2022-11-24 02:16:09,02:16:09,563275.71,online_payment,M00127,USD,success,atm,D001436,52.102.254.90,debit_card,Singapore,"17.962734,106.805776",49,F,2016-07-26,blocked,0.96,0,0,0,auto_approved,0.291,2022
910d19a9-f523-4de2-9ba4-cb34b35534e1,U000519,2022-05-08 00:06:01,00:06:01,252629.54,purchase,M00079,VND,success,atm,D001121,1.196.49.177,bank_transfer,Kuala Lumpur,"16.899698,103.136991",39,F,2018-01-07,active,0.89,0,0,0,auto_approved,0.1467,2022
eeeb668e-4a5e-4459-aea2-7dd965c83f6e,U001312,2022-11-07 20:15:34,20:15:34,954324.58,bill_payment,M00039,USD,success,pos,D001165,134.72.66.39,debit_card,Ho Chi Minh City,"17.867311,108.114798",64,F,2016-02-29,active,0.66,0,0,0,auto_approved,0.2552,2022
d4fd3069-93d7-412c-a114-6daed36dce31,U001337,2022-06-19 16:41:23,16:41:23,1072278.75,cash_withdrawal,M00028,USD,success,mobile,D002946,122.173.93.51,credit_card,Da Nang,"16.332725,105.527385",21,M,2022-04-28,active,0.73,0,0,0,auto_approved,0.0445,2022
9eacc934-0e68-4b25-a885-6ad212084da5,U001004,2022-01-28 12:50:09,12:50:09,975035.82,cash_withdrawal,M00182,VND,success,pos,D000830,46.151.54.112,debit_card,Hanoi,"19.404541,108.960978",47,M,2014-08-07,active,0.88,0,1,0,auto_approved,0.3562,2022
82647193-24fa-450a-855b-7d7776f35697,U001079,2022-08-11 03:55:30,03:55:30,824350.58,online_payment,M00297,USD,success,mobile,D000986,114.69.101.7,debit_card,Kuala Lumpur,"14.026954,105.618767",56,F,2016-04-08,active,0.84,1,0,0,auto_approved,0.5636,2022
57c89269-bcb2-4ecf-a086-082628f23e0d,U000797,2022-07-19 17:35:12,17:35:12,72667.11,transfer,M00375,USD,success,atm,D001264,243.214.112.22,debit_card,Hanoi,"20.607263,103.130267",19,F,2015-12-15,active,0.78,0,0,0,auto_approved,0.2748,2022
88affc81-41ef-46ee-96d2-4eb51f1588ab,U000102,2022-05-30 10:49:34,10:49:34,10480.19,transfer,M00130,VND,failed,pos,D002032,146.82.213.240,mobile_wallet,Ho Chi Minh City,"11.392248,106.585516",52,F,2015-07-31,active,0.84,0,1,0,auto_approved,0.3247,2022
fc1e7a7f-b93c-4e81-bbff-cefcbf9f6627,U001284,2022-02-06 02:34:33,02:34:33,837476.63,bill_payment,M00307,VND,success,atm,D002089,127.135.236.223,bank_transfer,Hanoi,"18.228548,103.190785",39,F,2016-07-06,active,0.85,0,0,0,auto_approved,0.3647,2022
cb60d7c3-1724-40f1-91fd-59e1f16597c0,U001567,2022-08-05 00:44:06,00:44:06,2094083.05,bill_payment,M00066,USD,success,atm,D001948,255.141.74.233,bank_transfer,Ho Chi Minh City,"12.263509,103.955633",35,F,2020-01-29,active,0.68,0,0,0,auto_approved,0.2469,2022
31b4a7bd-cd65-48d1-8a86-ea07e1e07071,U001887,2022-11-11 12:34:59,12:34:59,349117.37,transfer,M00425,USD,success,desktop,D002369,43.190.35.99,credit_card,Singapore,"13.250412,107.095647",67,F,2021-10-19,active,0.92,0,0,0,auto_approved,0.2519,2022
faa215fc-cd0d-456c-8f0e-ba8afd4d9dda,U001768,2022-01-29 13:06:56,13:06:56,601675.06,transfer,M00177,VND,success,pos,D000231,12.189.145.24,credit_card,Ho Chi Minh City,"10.640681,103.458438",37,F,2021-12-17,active,0.89,0,0,0,auto_approved,0.0835,2022
b3f10dac-9a96-482c-b9c3-3257590e97b7,U000784,2022-02-20 16:44:19,16:44:19,3561.69,transfer,M00063,USD,success,mobile,D001841,110.206.3.210,mobile_wallet,Kuala Lumpur,"14.84089,102.663439",60,M,2019-11-24,active,0.5,0,0,0,auto_approved,0.1287,2022
2c7b5fea-e720-4464-9751-699fe3d7e394,U000143,2022-10-05 06:17:13,06:17:13,106427.42,bill_payment,M00337,USD,success,mobile,D001510,231.40.172.51,credit_card,Singapore,"21.089817,108.376521",42,M,2018-12-09,blocked,0.94,0,0,0,auto_approved,0.3036,2022
230c06b6-1b7f-459c-a7ce-063bdcf51dca,U000446,2022-07-02 01:35:23,01:35:23,777374.55,online_payment,M00478,USD,success,atm,D002952,88.68.246.198,mobile_wallet,Singapore,"21.607649,104.486923",68,F,2015-11-17,active,0.52,0,1,0,auto_approved,0.2936,2022
c4075ac4-4506-4fdd-acaf-16a6b31d6c9b,U001969,2022-10-26 21:22:12,21:22:12,2636901.8,online_payment,M00052,VND,success,mobile,D002668,153.12.99.35,credit_card,Da Nang,"10.869104,102.603046",67,M,2015-01-12,active,0.77,0,0,0,auto_approved,0.1622,2022
71bb061e-e343-477f-ab1b-a775db4c9b2a,U001649,2022-08-20 12:25:48,12:25:48,783540.63,online_payment,M00009,USD,success,desktop,D001202,49.206.34.201,credit_card,Da Nang,"17.675652,105.866561",44,F,2015-06-17,active,0.46,0,0,0,auto_approved,0.2097,2022
be14ed87-6070-4eec-b51d-6df5a1b2f0ec,U000145,2022-08-16 17:50:44,17:50:44,38020.32,transfer,M00457,VND,pending,mobile,D000327,146.140.186.235,bank_transfer,Hanoi,"10.171832,107.422721",56,F,2018-06-16,active,0.79,0,0,0,auto_approved,0.3821,2022
50a82282-0fad-445a-9881-075ff205fe9f,U000399,2022-11-05 13:10:03,13:10:03,550725.05,bill_payment,M00460,VND,success,atm,D000425,118.116.109.37,debit_card,Hanoi,"12.81269,103.682918",36,F,2018-06-26,active,0.85,0,0,0,auto_approved,0.1259,2022
d908164c-ced7-47c4-ad48-81d8d81f3986,U000977,2022-11-11 00:52:30,00:52:30,32286.71,bill_payment,M00053,USD,success,atm,D002974,15.44.225.204,mobile_wallet,Hanoi,"11.277488,103.60205",18,M,2017-06-04,active,0.58,1,0,0,auto_approved,0.4926,2022
255b8597-129a-474a-b983-81034baf46d0,U001119,2022-03-17 05:45:23,05:45:23,407377.12,purchase,M00017,USD,success,desktop,D001473,239.86.74.152,debit_card,Da Nang,"13.210837,103.462348",34,F,2019-10-30,active,0.67,0,0,0,auto_approved,0.1109,2022
2258197e-a536-4ef4-980b-cf30d1e3063e,U000178,2022-06-05 21:48:08,21:48:08,221388.13,transfer,M00032,USD,success,atm,D002458,31.61.146.86,credit_card,Da Nang,"12.638079,104.554022",21,F,2016-09-16,active,0.84,0,0,0,auto_approved,0.1905,2022
2fa10d22-a0e4-4a38-a5e4-5a7a35a7729c,U001394,2022-12-18 11:28:40,11:28:40,109921.55,bill_payment,M00452,USD,success,mobile,D000695,68.182.100.84,bank_transfer,Hanoi,"18.767978,104.232061",42,M,2018-04-16,active,0.82,0,0,0,auto_approved,0.1302,2022
5a61484c-3490-4e35-acdb-bc4853cfce10,U001676,2022-12-23 05:56:08,05:56:08,668603.58,cash_withdrawal,M00339,USD,success,pos,D002099,143.209.10.53,mobile_wallet,Kuala Lumpur,"13.816597,107.793147",52,F,2016-05-12,active,0.86,1,0,0,auto_approved,0.1735,2022
d81d82c1-78f6-41a8-829e-c658029deaae,U001758,2022-01-25 01:41:36,01:41:36,186850.95,transfer,M00132,VND,failed,atm,D000228,207.62.183.238,bank_transfer,Singapore,"9.349159,105.365575",58,F,2016-02-27,active,0.53,0,0,0,auto_approved,0.0272,2022
d59f3771-6d75-4374-947f-1e89b74634e5,U001320,2022-06-03 07:42:39,07:42:39,102479.75,cash_withdrawal,M00303,VND,success,atm,D002781,199.167.41.50,mobile_wallet,Da Nang,"18.879147,104.040376",33,M,2018-04-25,active,0.87,0,0,0,auto_approved,0.1988,2022
5a170ada-b31b-4496-9e95-324361f8b45f,U000231,2022-11-02 10:56:08,10:56:08,231315.32,transfer,M00165,VND,success,mobile,D002864,153.145.76.155,bank_transfer,Bangkok,"15.678795,105.814704",58,F,2017-07-16,active,0.77,0,0,0,auto_approved,0.4106,2022
429610c1-8903-452b-babc-54bfbd978ef9,U001844,2022-06-26 06:24:06,06:24:06,388999.08,cash_withdrawal,M00255,VND,success,desktop,D002622,31.233.128.57,bank_transfer,Hanoi,"12.167687,103.427134",66,F,2019-10-10,active,0.92,0,0,0,auto_approved,0.1317,2022
9c9cece2-f841-4eae-9c08-0e4d2568247f,U001375,2022-09-10 19:57:34,19:57:34,659350.82,transfer,M00437,VND,success,pos,D000850,176.141.199.54,debit_card,Singapore,"15.166789,106.27173",20,F,2017-07-22,active,0.51,3,1,0,auto_approved,0.5441,2022
90d0f494-8bad-49ae-8917-4be9ca9e8fdb,U001155,2022-09-12 09:54:16,09:54:16,206888.21,purchase,M00462,VND,success,mobile,D000501,254.148.231.20,credit_card,Ho Chi Minh City,"16.069329,105.766401",51,M,2020-02-05,active,0.84,0,0,0,auto_approved,0.2821,2022
67e3aa5f-3216-4bb8-9889-c3a594293f64,U000948,2022-05-04 15:26:25,15:26:25,198987.32,bill_payment,M00238,USD,success,atm,D001122,10.79.7.43,debit_card,Da Nang,"8.180871,108.989968",49,M,2016-05-28,active,0.86,3,1,0,auto_approved,0.4251,2022
2c19a4aa-7140-4e45-ab10-1985815419be,U000282,2022-07-04 07:22:42,07:22:42,186673.29,purchase,M00323,USD,success,desktop,D001379,129.38.172.91,debit_card,Bangkok,"18.979999,103.287201",32,F,2021-01-29,active,0.99,0,0,0,auto_approved,0.3167,2022
0917fe1a-4726-4b29-b4c7-1a71460a0a75,U000966,2022-03-21 04:13:06,04:13:06,1823960.89,cash_withdrawal,M00423,USD,success,pos,D002154,148.43.74.39,mobile_wallet,Hanoi,"8.71203,106.98228",69,F,2014-06-05,active,0.45,1,0,0,auto_approved,0.1203,2022
595e7bb9-dded-431d-8ef7-e1646d11e9d5,U001306,2022-06-15 20:58:29,20:58:29,5164.61,cash_withdrawal,M00159,VND,success,mobile,D001791,77.242.85.20,bank_transfer,Ho Chi Minh City,"13.195094,105.639154",58,M,2014-07-29,active,0.75,1,1,1,pending_review,0.4998,2022
833432e1-a924-4bf3-81a8-ed541d40669d,U001586,2022-08-12 13:58:21,13:58:21,587130.18,online_payment,M00382,VND,success,mobile,D000563,91.141.201.245,credit_card,Ho Chi Minh City,"12.948682,108.288931",19,F,2017-02-25,active,0.49,0,0,0,auto_approved,0.3433,2022
c98027f8-da84-4806-8c10-9ade1dce4bda,U001365,2022-07-15 02:14:55,02:14:55,307617.42,bill_payment,M00434,USD,success,desktop,D000335,178.128.54.113,mobile_wallet,Bangkok,"14.956112,104.312875",25,M,2019-12-03,active,0.85,0,1,0,auto_approved,0.3779,2022
ec638398-e953-49f8-8908-cace3266f85e,U001061,2022-11-29 15:25:07,15:25:07,844870.91,purchase,M00192,USD,success,mobile,D000980,80.149.236.83,bank_transfer,Kuala Lumpur,"12.460931,104.222596",60,F,2016-09-03,active,0.74,0,0,0,auto_approved,0.0202,2022
242d90fc-8d3a-40c6-a9d1-b7dc3c0c1d18,U001703,2022-10-06 14:14:59,14:14:59,2728828.4,transfer,M00111,VND,success,desktop,D002448,25.77.227.109,debit_card,Bangkok,"19.688285,106.46615",26,F,2017-08-23,active,0.85,0,0,0,auto_approved,0.3065,2022
95f59402-c0ac-4e61-bad6-0b86fafbb39a,U000442,2022-03-04 21:24:20,21:24:20,651283.08,cash_withdrawal,M00185,USD,success,atm,D000752,24.44.178.74,debit_card,Ho Chi Minh City,"11.706871,103.332143",26,F,2014-05-03,active,0.78,0,0,0,auto_approved,0.0862,2022
cc40e80e-be21-44b2-971a-dc4f8c05d54a,U000888,2022-09-08 02:03:37,02:03:37,952827.74,bill_payment,M00376,USD,pending,desktop,D002714,95.181.253.122,credit_card,Bangkok,"19.244135,102.23978",67,F,2020-04-29,active,0.67,1,1,0,auto_approved,0.3866,2022
87c5b35c-f00a-46ca-8462-64ec7f967f83,U001711,2022-09-04 12:03:31,12:03:31,3427.13,purchase,M00445,USD,success,mobile,D002808,190.145.226.136,debit_card,Ho Chi Minh City,"12.914039,107.921185",33,F,2019-05-06,active,0.95,0,0,0,auto_approved,0.1892,2022
759e102e-1747-4823-a051-0980ec77c9d4,U001987,2022-11-27 11:41:18,11:41:18,833153.46,online_payment,M00006,VND,success,desktop,D002708,20.158.211.212,credit_card,Kuala Lumpur,"8.65992,105.686639",36,F,2015-06-30,active,0.84,0,0,0,auto_approved,0.414,2022
6368eb66-1aa6-4597-9692-438495d0d2ab,U000568,2022-09-18 17:00:31,17:00:31,522509.38,bill_payment,M00463,USD,failed,desktop,D002763,160.112.33.22,debit_card,Singapore,"10.801538,102.454098",67,M,2019-08-30,active,0.55,0,0,0,auto_approved,0.3265,2022
921c7c84-31eb-48e9-899d-c5fc1bc6d5c7,U001433,2022-12-30 00:01:11,00:01:11,359759.73,purchase,M00304,VND,success,atm,D002097,58.90.236.49,bank_transfer,Bangkok,"20.023243,102.657222",19,M,2017-04-18,under_review,0.63,0,0,0,auto_approved,0.3463,2022
7f6f48fe-d188-41a7-b084-deaf8e67b688,U001562,2022-01-23 05:58:47,05:58:47,501927.14,purchase,M00278,USD,success,desktop,D002719,98.236.198.169,mobile_wallet,Bangkok,"10.110394,102.834062",33,F,2019-12-20,active,0.82,0,0,0,auto_approved,0.3602,2022
1af8dc39-c32f-403c-864a-1f9f7487aa37,U001511,2022-02-13 23:14:08,23:14:08,188940.01,online_payment,M00300,VND,success,atm,D000035,129.0.131.237,mobile_wallet,Bangkok,"12.350171,107.855994",50,F,2018-01-20,active,0.59,0,0,0,auto_approved,0.2894,2022
38d5c85b-fbb4-48ab-8399-fac4efe6e33d,U000642,2022-09-16 20:00:54,20:00:54,902489.71,purchase,M00070,USD,success,pos,D002870,196.201.26.146,credit_card,Bangkok,"15.629201,103.339702",66,F,2017-12-21,active,0.73,0,0,0,auto_approved,0.3909,2022
ce12fff8-624e-4d41-82fd-d5e1749fa842,U000633,2022-04-28 23:48:09,23:48:09,2897763.22,transfer,M00297,USD,success,desktop,D001728,241.86.227.134,bank_transfer,Bangkok,"8.711973,106.414248",54,F,2017-07-03,under_review,0.69,1,0,0,auto_approved,0.2699,2022
2e3b6d60-265a-4af2-a6e2-31b7726cdec4,U000987,2022-04-21 15:05:43,15:05:43,298996.88,cash_withdrawal,M00345,USD,success,mobile,D000138,231.183.47.221,bank_transfer,Bangkok,"15.94023,102.895549",62,F,2018-09-29,active,0.45,0,0,0,auto_approved,0.3002,2022
85948605-1a18-4584-af16-c47235c4cec4,U000783,2022-07-15 07:23:22,07:23:22,1148517.49,cash_withdrawal,M00221,VND,success,atm,D000385,48.25.204.101,debit_card,Ho Chi Minh City,"16.745634,106.439032",26,F,2017-02-03,active,0.88,0,0,0,auto_approved,0.0107,2022
fccc5686-4d3e-4cd0-88ef-13627d6dea87,U001974,2022-07-18 07:16:14,07:16:14,418568.49,purchase,M00059,USD,success,pos,D002350,86.159.100.9,mobile_wallet,Singapore,"10.238793,106.027914",24,F,2019-03-25,active,0.5,1,1,0,auto_approved,0.4045,2022
b1c6ae06-9f41-42e1-8271-b052e77ba787,U001301,2022-12-17 05:22:42,05:22:42,156152.27,cash_withdrawal,M00374,USD,success,desktop,D000237,45.103.45.253,credit_card,Da Nang,"12.351528,105.144914",20,F,2017-06-03,active,0.64,1,0,0,auto_approved,0.357,2022
2e58f221-437d-48ba-b609-9333594966e0,U001758,2022-03-30 13:17:43,13:17:43,1577125.31,bill_payment,M00119,VND,success,pos,D001903,18.129.191.44,bank_transfer,Ho Chi Minh City,"21.415731,104.202461",21,F,2020-02-16,active,0.92,0,0,0,auto_approved,0.1415,2022
a03bc972-f0c4-4e5d-a7e0-e5511ba2173f,U000949,2022-05-02 11:25:24,11:25:24,208660.57,bill_payment,M00249,USD,success,mobile,D001842,188.226.11.227,credit_card,Hanoi,"19.009041,103.225634",49,F,2014-04-23,active,0.91,0,0,0,auto_approved,0.0223,2022
c1f6364a-dde5-45de-a6a2-60d1bdd05afd,U001484,2022-04-17 09:04:00,09:04:00,665707.77,cash_withdrawal,M00197,VND,success,mobile,D002160,187.228.198.20,debit_card,Singapore,"15.634036,107.216245",32,M,2014-06-23,active,0.86,0,0,0,auto_approved,0.1444,2022
50d809fa-d79f-4228-8ee0-53a4436837be,U001532,2022-07-18 19:02:26,19:02:26,1176280.4,transfer,M00129,VND,success,mobile,D002367,216.107.241.105,debit_card,Bangkok,"12.814594,106.500126",69,F,2022-05-28,active,0.63,0,0,0,auto_approved,0.1122,2022
2bef0879-1871-4a5f-a83c-a282d1e65979,U000733,2022-04-30 16:52:27,16:52:27,326636.87,cash_withdrawal,M00229,VND,success,desktop,D000037,146.112.205.75,mobile_wallet,Singapore,"20.369301,106.693034",66,M,2015-01-06,active,0.52,0,0,0,auto_approved,0.2367,2022
e3b0366b-f5ec-41db-8aa8-9c9be4b602ee,U001313,2022-07-22 01:05:29,01:05:29,188414.7,bill_payment,M00423,VND,success,desktop,D000025,98.34.186.199,debit_card,Kuala Lumpur,"19.326984,103.613814",57,F,2014-07-14,active,0.99,0,0,0,auto_approved,0.2659,2022
efbeb303-565d-40f9-81ec-28fe4e998e49,U000119,2022-10-02 17:27:57,17:27:57,19783.79,transfer,M00374,USD,success,pos,D002371,133.170.130.200,bank_transfer,Da Nang,"15.348002,102.887071",57,F,2018-11-11,active,0.81,1,1,0,auto_approved,0.3464,2022
e68acde8-8fe2-4905-aafd-a4138878b43a,U001461,2022-03-31 11:21:18,11:21:18,85842.82,cash_withdrawal,M00476,VND,success,atm,D000529,244.210.211.60,bank_transfer,Singapore,"19.543323,104.53226",24,F,2021-07-25,active,0.46,0,1,0,auto_approved,0.2777,2022
1eee4f9a-6e7a-4d9c-a535-6e77072b300b,U000208,2022-06-04 22:01:59,22:01:59,1160561.4,cash_withdrawal,M00419,VND,success,atm,D001915,65.109.136.86,credit_card,Hanoi,"21.168424,106.815853",49,M,2016-08-18,active,0.81,0,0,0,auto_approved,0.2767,2022
5a4bb0fe-110a-4400-b6ad-b69886f62bcb,U000409,2022-04-20 04:49:45,04:49:45,1558703.52,online_payment,M00339,VND,success,atm,D000785,228.7.225.252,mobile_wallet,Bangkok,"20.448303,106.290281",49,M,2022-02-17,blocked,0.65,0,1,0,auto_approved,0.5585,2022
76960dff-941c-40c7-8756-8ff0637f782c,U001595,2022-02-24 12:05:26,12:05:26,291295.8,cash_withdrawal,M00329,USD,success,desktop,D001506,8.118.77.206,debit_card,Bangkok,"17.172697,106.698658",45,M,2020-11-11,active,0.78,0,0,0,auto_approved,0.3243,2022
391f9347-682f-4681-920e-4019a756e6d0,U001280,2022-05-08 07:36:32,07:36:32,536.18,transfer,M00396,USD,success,atm,D001139,34.227.119.68,debit_card,Bangkok,"15.841886,105.172433",21,M,2015-02-04,active,0.58,0,0,0,auto_approved,0.3148,2022
cf562f49-27f7-4e4e-a8fe-48548d69ffb7,U000800,2022-01-07 14:35:30,14:35:30,613737.59,online_payment,M00059,USD,success,desktop,D002951,230.237.100.126,debit_card,Ho Chi Minh City,"16.70802,107.647343",43,F,2018-08-29,active,0.49,0,0,0,auto_approved,0.1773,2022
f48fc87c-383e-4c8e-a0a3-1f3cad0fe111,U001794,2022-12-02 13:26:55,13:26:55,911336.73,transfer,M00062,USD,success,desktop,D001181,187.206.78.123,bank_transfer,Singapore,"15.442348,108.521522",23,F,2015-02-19,active,0.69,0,0,0,auto_approved,0.1289,2022
73dd1bad-aa24-40a4-83fb-18b397038dca,U000598,2022-06-23 09:04:07,09:04:07,244910.26,purchase,M00402,USD,success,atm,D001819,110.18.81.117,mobile_wallet,Da Nang,"12.065776,108.423084",44,M,2020-05-14,active,0.79,0,0,0,auto_approved,0.2768,2022
a43e19bf-99ee-4775-ba06-e01cd7277bb9,U000144,2022-10-30 16:23:41,16:23:41,1578968.11,bill_payment,M00383,USD,success,desktop,D001629,142.125.65.137,bank_transfer,Singapore,"18.345545,107.089695",34,F,2015-07-16,active,0.9,0,0,0,auto_approved,0.3485,2022
e16c3bb5-92bd-4edb-994a-4dc788dc73a6,U001496,2022-04-18 08:29:19,08:29:19,149266.26,purchase,M00045,VND,success,desktop,D002307,190.13.174.243,mobile_wallet,Bangkok,"8.709725,103.773742",39,M,2015-08-08,active,0.68,1,1,1,pending_review,0.4034,2022
69b97767-da4a-40ef-b9b2-42c2a2fdb929,U001940,2022-12-14 04:03:03,04:03:03,1078179.15,cash_withdrawal,M00324,USD,success,atm,D002373,50.213.172.95,bank_transfer,Ho Chi Minh City,"20.903892,108.105341",39,M,2021-03-06,under_review,0.98,2,1,0,auto_approved,0.2353,2022
9cbd0f74-01f2-4242-a8b1-3e5d1b2d4d7e,U000105,2022-03-08 08:34:03,08:34:03,22555.36,bill_payment,M00483,VND,success,mobile,D002974,51.17.254.216,mobile_wallet,Kuala Lumpur,"20.731506,102.716445",58,F,2019-02-07,active,0.52,0,0,0,auto_approved,0.1958,2022
421fd72b-fd58-43bd-8c65-2f4a2404eb29,U001001,2022-02-22 07:36:43,07:36:43,107491.02,cash_withdrawal,M00296,VND,failed,atm,D000152,204.174.121.131,debit_card,Da Nang,"11.501176,108.901995",62,F,2019-07-14,blocked,0.81,1,0,0,auto_approved,0.5826,2022
16b9f10a-6d94-41fa-b371-e4f7391c9999,U000638,2022-07-09 07:57:54,07:57:54,619386.14,bill_payment,M00366,VND,success,pos,D001434,172.66.168.5,debit_card,Bangkok,"9.352807,103.632399",42,M,2017-10-02,active,0.47,1,0,0,auto_approved,0.1518,2022
fdaf72fa-44d9-4212-b345-25b079e55477,U001629,2022-12-20 20:08:14,20:08:14,369773.4,bill_payment,M00153,VND,failed,pos,D000081,131.114.176.26,mobile_wallet,Da Nang,"13.746031,107.934863",64,F,2015-06-20,active,0.54,0,0,0,auto_approved,0.1933,2022
57633225-8954-4d6f-99a7-64a48293b429,U001778,2022-04-13 13:52:24,13:52:24,475914.01,online_payment,M00019,USD,success,pos,D001361,12.130.148.51,bank_transfer,Singapore,"10.265269,107.026422",64,F,2019-04-18,active,0.45,0,0,0,auto_approved,0.2849,2022
5447af69-178b-4abb-bca2-5e3c0fec952d,U000348,2022-05-12 10:22:01,10:22:01,992917.01,purchase,M00170,USD,failed,pos,D002252,112.10.90.54,bank_transfer,Singapore,"20.739037,105.899838",26,F,2021-09-15,active,0.98,1,0,0,auto_approved,0.3283,2022
3e8ed9f7-5fa3-49a2-936b-9e88ddcfa32f,U001139,2022-03-26 09:38:12,09:38:12,146337.56,purchase,M00422,VND,success,mobile,D001138,152.151.160.255,bank_transfer,Bangkok,"11.09332,103.043466",65,M,2014-07-28,active,0.64,0,0,0,auto_approved,0.331,2022
0ce3aaf9-4e5f-428b-831a-34f38fd0da1d,U000828,2022-07-17 19:47:28,19:47:28,301677.28,transfer,M00158,USD,failed,mobile,D000405,41.160.133.226,bank_transfer,Singapore,"19.347477,106.836918",30,F,2015-10-13,active,0.89,0,0,0,auto_approved,0.1187,2022
6998e85a-5b59-4e52-adce-1519d82bcf48,U000812,2022-04-06 19:04:55,19:04:55,1099072.82,transfer,M00331,VND,failed,atm,D002162,198.131.24.161,debit_card,Hanoi,"20.814278,103.166583",48,M,2018-07-08,active,0.55,0,0,0,auto_approved,0.4123,2022
41e43520-5415-4e20-a5c5-866172763d47,U000316,2022-10-04 17:04:15,17:04:15,561587.4,transfer,M00432,USD,success,atm,D002969,245.240.145.22,mobile_wallet,Singapore,"8.06211,106.859415",44,M,2021-08-29,blocked,0.62,0,1,1,pending_review,0.5176,2022
22f6ce4c-3048-4b9c-ab96-5fc8f500e79c,U000063,2022-11-01 17:04:05,17:04:05,870773.13,transfer,M00197,VND,success,atm,D001622,186.109.82.22,bank_transfer,Kuala Lumpur,"11.935691,102.6546",61,M,2016-04-12,active,0.49,0,0,0,auto_approved,0.2397,2022
8418cb4e-8c8b-40c5-916f-86004d6c930a,U001657,2022-05-12 17:06:04,17:06:04,501886.85,online_payment,M00175,VND,success,pos,D000956,153.241.199.224,bank_transfer,Singapore,"18.314688,103.43848",55,M,2019-09-25,active,0.87,0,0,0,auto_approved,0.4348,2022
e5e683a9-b453-46be-ac5f-f47cdcc99fb6,U000298,2022-03-01 06:44:23,06:44:23,504920.28,online_payment,M00031,USD,success,atm,D000004,94.102.191.19,mobile_wallet,Kuala Lumpur,"16.040608,106.183836",52,F,2014-03-26,active,0.48,0,0,0,auto_approved,0.2125,2022
2dd7fc16-849a-40d4-8e76-353b590f0c8d,U001936,2022-02-11 23:37:04,23:37:04,1085539.41,purchase,M00468,VND,success,desktop,D002360,77.64.245.164,mobile_wallet,Kuala Lumpur,"20.630872,102.926491",18,F,2014-05-23,active,0.99,0,0,0,auto_approved,0.2251,2022
d0e208e2-fbb3-401b-ab54-8cecb086f285,U001470,2022-04-27 14:49:24,14:49:24,611354.43,cash_withdrawal,M00477,USD,success,mobile,D000081,24.181.196.118,credit_card,Ho Chi Minh City,"16.751961,103.882794",45,M,2020-08-24,active,0.59,0,0,0,auto_approved,0.2349,2022
9fdc0ea6-f416-4f8a-a53b-ee19b62b46fc,U000559,2022-11-01 13:18:16,13:18:16,813343.2,transfer,M00489,VND,success,atm,D001273,170.118.233.86,bank_transfer,Da Nang,"9.274416,105.6625",44,M,2018-12-07,active,0.53,0,0,0,auto_approved,0.212,2022
12366107-ba20-4fe2-b54d-ebec510f15fd,U000027,2022-08-21 19:48:11,19:48:11,992545.53,transfer,M00406,USD,failed,desktop,D002426,11.35.144.56,mobile_wallet,Ho Chi Minh City,"10.132922,103.285729",61,F,2019-03-23,active,0.77,0,0,0,auto_approved,0.2653,2022
47540ab0-acfb-4f5b-91bd-c2dab63ee422,U001303,2022-07-28 16:19:48,16:19:48,1124340.72,online_payment,M00194,USD,success,atm,D002617,111.231.99.210,mobile_wallet,Ho Chi Minh City,"20.349299,105.483896",35,F,2020-06-25,active,0.59,0,0,0,auto_approved,0.1444,2022
4d7bab0e-0cb0-4185-9551-0ee0fdaffc8f,U001125,2022-07-24 20:58:20,20:58:20,185876.96,purchase,M00070,USD,success,desktop,D002166,245.163.87.122,bank_transfer,Ho Chi Minh City,"20.959613,104.507008",54,M,2014-10-08,active,0.61,3,1,0,auto_approved,0.2153,2022
73c96b54-31e8-4dc5-9759-db64ce7a277e,U001861,2022-11-13 14:33:01,14:33:01,394976.27,bill_payment,M00224,USD,success,desktop,D000611,141.134.98.75,mobile_wallet,Kuala Lumpur,"16.934021,104.129969",61,F,2022-06-29,active,0.65,0,0,0,auto_approved,0.4086,2022
85c16536-9dd1-4f10-a36a-650cfcb9a8f6,U001049,2022-08-01 12:52:30,12:52:30,1483369.88,cash_withdrawal,M00024,VND,pending,atm,D002724,216.49.154.65,bank_transfer,Kuala Lumpur,"17.634996,106.488107",63,M,2016-02-26,active,0.6,0,0,0,auto_approved,0.2775,2022
7aaef16c-acfe-4aba-88ef-0d095ca37567,U000654,2022-08-26 07:02:13,07:02:13,1345003.52,cash_withdrawal,M00041,VND,success,atm,D001963,49.158.162.216,credit_card,Da Nang,"15.824984,102.069385",61,F,2018-02-24,active,0.57,0,0,0,auto_approved,0.3417,2022
be2409e8-9d59-4c4f-afae-9d212764322e,U001642,2022-01-28 07:40:03,07:40:03,249132.07,transfer,M00328,USD,success,desktop,D002190,26.94.89.210,mobile_wallet,Bangkok,"20.062931,102.646955",41,F,2014-09-18,active,0.69,2,1,0,auto_approved,0.1097,2022
9a115374-a032-4f6d-95d9-f29afbea6763,U001013,2022-07-27 23:05:12,23:05:12,912334.58,cash_withdrawal,M00480,VND,success,desktop,D001597,43.207.134.1,debit_card,Da Nang,"8.351262,104.087804",42,M,2019-02-14,active,0.52,0,0,0,auto_approved,0.2124,2022
103a06a5-b46a-4fc0-80d6-ce89b4873724,U001137,2022-11-01 08:31:16,08:31:16,152575.89,cash_withdrawal,M00370,VND,success,desktop,D000615,94.137.106.209,credit_card,Da Nang,"13.95243,102.891604",46,F,2017-07-09,active,0.6,1,0,0,auto_approved,0.3237,2022
826689c6-1540-46f0-b159-bdbac1cb53ec,U001125,2022-01-01 10:24:39,10:24:39,102491.49,transfer,M00255,USD,failed,atm,D000404,142.4.110.68,credit_card,Kuala Lumpur,"17.057028,103.272183",52,F,2020-05-30,active,0.66,1,0,0,auto_approved,0.5445,2022
10113e7a-fe23-454f-8649-0c547fb1072e,U000636,2022-02-22 01:02:35,01:02:35,661419.01,bill_payment,M00453,VND,success,mobile,D001176,134.242.153.80,mobile_wallet,Singapore,"11.047314,107.491543",55,M,2021-02-11,under_review,0.86,0,0,0,auto_approved,0.0859,2022
a31a37e8-0c50-4c98-8cde-52d3b53a36cb,U000278,2022-08-07 19:27:31,19:27:31,999542.35,online_payment,M00092,USD,success,desktop,D001583,21.89.82.93,bank_transfer,Bangkok,"16.828844,105.13287",69,F,2015-06-10,active,0.69,0,1,0,auto_approved,0.2424,2022
d697c11d-7bcc-497e-a1d4-9b9bcffb9371,U000386,2022-02-12 01:18:36,01:18:36,310862.56,online_payment,M00497,USD,success,atm,D002534,169.32.74.185,credit_card,Ho Chi Minh City,"15.371685,104.360843",37,F,2014-01-07,active,0.49,0,0,0,auto_approved,0.0674,2022
899db73d-beb3-43f3-aea9-cb673a51e865,U001486,2022-09-14 19:33:20,19:33:20,493093.9,purchase,M00343,VND,success,mobile,D000754,251.254.187.243,bank_transfer,Hanoi,"21.38942,104.658878",61,F,2018-06-28,active,0.57,2,1,1,pending_review,0.5051,2022
12ce8322-21d6-42fd-9a8e-6d4978059c47,U001444,2022-05-08 07:22:47,07:22:47,594368.49,bill_payment,M00427,VND,success,atm,D000369,76.107.76.161,mobile_wallet,Kuala Lumpur,"15.115099,105.995872",66,M,2020-02-12,under_review,0.58,0,0,0,auto_approved,0.3327,2022
319b1be6-8f61-4246-8491-ace96cd9c2df,U001383,2022-06-10 10:36:16,10:36:16,535775.2,bill_payment,M00361,VND,success,pos,D000348,129.67.96.175,bank_transfer,Ho Chi Minh City,"8.887681,104.244475",38,M,2014-07-04,active,0.57,0,0,0,auto_approved,0.3108,2022
d89865ad-7cc6-4172-a4bb-1e374d92d2cf,U000404,2022-07-13 13:35:22,13:35:22,2236641.24,cash_withdrawal,M00356,VND,success,atm,D001033,128.97.255.240,bank_transfer,Hanoi,"13.987686,106.661551",36,M,2014-06-24,active,0.52,0,0,0,auto_approved,0.4176,2022
41f8041c-c26e-472f-932c-c61aba61dba9,U001642,2022-12-08 14:58:25,14:58:25,310475.46,online_payment,M00363,VND,pending,pos,D002234,62.103.223.112,debit_card,Da Nang,"16.04048,106.183275",69,F,2016-10-03,active,0.68,0,1,0,auto_approved,0.3157,2022
4f860ade-6477-44a5-9aa7-6b6600532105,U000909,2022-03-31 23:32:47,23:32:47,177715.18,online_payment,M00394,VND,success,atm,D002564,82.151.10.97,mobile_wallet,Singapore,"11.884938,106.403484",68,M,2015-03-29,active,0.48,2,1,1,pending_review,0.4655,2022
cca33d7d-e2ac-4189-8cc5-abe6caab0bd3,U000754,2022-08-09 17:13:17,17:13:17,1653870.28,transfer,M00126,USD,success,mobile,D001614,115.65.121.212,debit_card,Da Nang,"21.883156,106.389376",21,F,2020-12-21,active,0.7,0,0,0,auto_approved,0.3059,2022
f30a03b5-96ca-4ac6-82f3-90b1a49e75e0,U000558,2022-09-15 12:52:10,12:52:10,230932.13,transfer,M00066,VND,success,desktop,D000911,192.169.46.102,debit_card,Ho Chi Minh City,"12.137318,105.236772",41,M,2014-08-30,active,0.68,2,1,0,auto_approved,0.3508,2022
3a7f4d1c-ef15-4556-9d36-84e7345760b1,U001029,2022-05-19 17:41:09,17:41:09,87833.98,online_payment,M00439,VND,success,pos,D001921,23.163.226.220,credit_card,Singapore,"16.963155,108.104188",70,F,2015-08-15,active,0.93,0,0,0,auto_approved,0.4052,2022
c823ac36-c127-48fa-ab7b-e737a50c5899,U001753,2022-07-15 16:22:48,16:22:48,391490.1,online_payment,M00340,USD,success,desktop,D002343,252.18.64.36,mobile_wallet,Hanoi,"15.470165,108.93829",40,F,2014-06-21,active,0.68,0,0,0,auto_approved,0.0521,2022
0a8ec04a-c6f5-4457-afc6-41f0af49092f,U000171,2022-03-27 05:55:29,05:55:29,1851779.03,transfer,M00390,USD,success,atm,D002395,156.96.198.30,credit_card,Singapore,"13.858096,104.192265",32,M,2016-11-16,active,0.79,0,0,0,auto_approved,0.3683,2022
5e3ba93f-82b9-412b-a5d1-efa756e9760d,U001740,2022-12-31 11:01:23,11:01:23,1481483.65,online_payment,M00036,USD,success,pos,D000323,195.111.7.24,bank_transfer,Kuala Lumpur,"15.233019,105.064309",41,M,2016-07-23,under_review,0.9,0,0,0,auto_approved,0.0498,2022
97bd874d-1f75-4a2a-8455-e560bae6c085,U001664,2022-02-04 01:30:05,01:30:05,802101.62,purchase,M00111,USD,success,pos,D001541,134.204.155.96,credit_card,Hanoi,"16.160381,104.358385",27,F,2020-04-25,under_review,1.0,0,0,0,auto_approved,0.4225,2022
bb332162-3d24-4d9f-8035-6ed77e89e8fc,U000179,2022-01-12 01:14:51,01:14:51,189725.51,transfer,M00153,USD,success,atm,D000346,36.146.166.104,debit_card,Kuala Lumpur,"10.567678,103.461623",43,F,2016-12-11,active,0.68,0,0,0,auto_approved,0.1307,2022
84e23013-4082-43ee-8915-631cc08d8ab5,U000105,2022-06-16 03:57:56,03:57:56,1538708.45,purchase,M00071,USD,success,atm,D000367,22.9.253.229,bank_transfer,Singapore,"14.483831,102.04719",55,F,2019-04-24,active,0.48,0,0,0,auto_approved,0.3879,2022
37c18865-0c15-4887-b5b3-2b7d01df13d2,U000976,2022-09-22 13:21:02,13:21:02,146577.83,cash_withdrawal,M00285,VND,success,mobile,D002288,95.157.201.175,mobile_wallet,Da Nang,"20.256989,103.061196",36,F,2017-05-18,active,0.47,0,0,0,auto_approved,0.2059,2022
5dd9eb6b-508d-4b73-8a9d-f5e803a7b049,U001801,2022-05-31 17:43:39,17:43:39,689678.34,online_payment,M00274,VND,success,desktop,D001063,253.56.168.221,debit_card,Singapore,"8.797057,102.689716",56,M,2019-02-01,active,0.54,0,1,0,auto_approved,0.3719,2022
25446774-d96e-4a7d-acc2-263715f15aea,U001119,2022-11-06 21:39:50,21:39:50,645782.69,cash_withdrawal,M00359,VND,success,pos,D000200,74.37.18.232,credit_card,Singapore,"16.191028,102.055678",40,M,2017-11-19,active,0.72,1,1,0,auto_approved,0.4259,2022
df48768e-4425-40c4-9167-a311bd06cfbe,U001057,2022-11-13 16:49:06,16:49:06,1276103.99,purchase,M00045,USD,success,mobile,D002986,95.225.247.124,debit_card,Singapore,"18.567976,102.86245",24,F,2020-03-05,active,0.99,0,0,0,auto_approved,0.4,2022
50012b13-cbab-4f60-a733-044433e78018,U000756,2022-05-19 19:17:11,19:17:11,128084.87,transfer,M00189,USD,success,atm,D001402,154.46.18.200,mobile_wallet,Da Nang,"16.531889,102.471646",52,M,2016-10-12,active,0.62,0,0,0,auto_approved,0.4023,2022
259cd3fa-8ac2-48ef-bcbb-5cd4e7cea7db,U000223,2022-12-17 17:13:59,17:13:59,576154.92,online_payment,M00021,USD,failed,desktop,D002838,189.141.97.16,mobile_wallet,Hanoi,"19.603384,104.773222",68,F,2017-06-06,under_review,0.54,0,0,0,auto_approved,0.1385,2022
4744d050-0c77-4902-a6b2-a46ddfd36dac,U000819,2022-02-13 21:52:19,21:52:19,217271.14,transfer,M00389,USD,success,desktop,D001584,121.91.83.126,debit_card,Da Nang,"15.945916,108.825294",59,M,2014-06-05,active,0.46,2,1,0,auto_approved,0.2325,2022
fd751d37-c5ef-44cb-827c-f4c3cece249c,U001293,2022-11-10 05:57:00,05:57:00,192471.97,online_payment,M00240,USD,success,atm,D001105,135.9.67.48,debit_card,Da Nang,"17.190547,103.905615",67,F,2020-06-06,active,0.65,0,0,0,auto_approved,0.0786,2022
280240e9-3da0-49c4-912d-a445f2c35039,U001433,2022-07-15 05:31:02,05:31:02,850249.67,bill_payment,M00248,USD,success,pos,D000748,50.59.254.109,credit_card,Hanoi,"20.733026,107.738386",70,M,2016-01-04,active,0.46,0,0,0,auto_approved,0.3417,2022
61504a94-e791-4795-a128-ccc42bdfa381,U001274,2022-04-18 07:23:11,07:23:11,288876.01,transfer,M00163,VND,success,mobile,D001022,249.196.100.250,credit_card,Singapore,"15.930905,105.639554",70,M,2018-06-19,active,0.68,2,1,0,auto_approved,0.1141,2022
97f3b3ec-e557-4e52-9efd-19e9e4a5c077,U001314,2022-03-07 01:20:51,01:20:51,437030.11,online_payment,M00177,USD,success,mobile,D001988,250.76.122.225,bank_transfer,Hanoi,"8.780261,105.887389",29,M,2018-03-25,active,0.8,0,0,0,auto_approved,0.1712,2022
88d91ead-3adb-4453-ad60-e644d4824c44,U000538,2022-09-07 07:51:00,07:51:00,384153.25,cash_withdrawal,M00049,VND,success,mobile,D002927,242.227.22.195,debit_card,Kuala Lumpur,"20.621034,104.309754",58,M,2021-03-19,under_review,0.87,0,0,0,auto_approved,0.3558,2022
996cf582-cbdf-4df2-8f00-9d5d663a1f24,U000638,2022-02-03 12:50:18,12:50:18,501302.75,online_payment,M00460,USD,success,desktop,D002805,121.32.216.185,mobile_wallet,Ho Chi Minh City,"10.042225,106.391977",55,F,2016-09-15,active,0.69,1,0,0,auto_approved,0.506,2022
3270f6ff-a9b3-438f-92bb-c024facab090,U001907,2022-03-15 09:12:08,09:12:08,759297.9,cash_withdrawal,M00085,VND,success,atm,D000216,175.36.164.59,credit_card,Ho Chi Minh City,"16.972901,103.259854",58,M,2017-05-15,blocked,0.73,0,0,0,auto_approved,0.283,2022
9e181946-1376-4c25-b7e4-4a14e3712c0f,U001937,2022-09-14 06:08:09,06:08:09,207085.88,purchase,M00150,USD,success,atm,D001307,183.3.189.29,debit_card,Da Nang,"15.637044,107.739331",55,M,2016-08-28,active,0.66,0,0,0,auto_approved,0.2297,2022
21b03dec-4632-4016-a27f-43b47600e561,U001610,2022-11-06 22:41:08,22:41:08,551973.85,purchase,M00120,USD,success,pos,D001989,248.232.185.183,bank_transfer,Kuala Lumpur,"17.25874,103.105704",45,F,2017-12-14,active,0.83,0,0,0,auto_approved,0.1144,2022
54e232ee-4127-44ce-a2e2-f307dbbffcfe,U000270,2022-06-07 06:14:12,06:14:12,454769.85,cash_withdrawal,M00478,USD,success,pos,D001890,100.244.42.82,bank_transfer,Hanoi,"17.991474,108.941021",20,F,2021-07-09,active,0.59,0,0,0,auto_approved,0.3069,2022
8697aeb9-2e67-455b-ae33-b6818a47fb1c,U000400,2022-08-27 00:52:29,00:52:29,275394.08,cash_withdrawal,M00360,USD,success,desktop,D000139,44.254.76.188,credit_card,Bangkok,"15.750497,106.414502",65,M,2018-03-07,active,0.87,2,1,0,auto_approved,0.3596,2022
109da81e-422c-4d84-a997-2a19cb5b3586,U000899,2022-12-09 10:20:51,10:20:51,344924.46,transfer,M00231,USD,success,atm,D001157,55.199.63.138,credit_card,Kuala Lumpur,"8.388934,103.661316",43,F,2021-04-16,active,0.76,0,0,0,auto_approved,0.1608,2022
e470b375-44eb-44f3-9e4b-ec6158df3232,U001005,2022-04-06 23:22:39,23:22:39,676580.69,purchase,M00331,USD,success,pos,D001993,76.161.210.21,bank_transfer,Kuala Lumpur,"21.933742,108.687292",68,M,2022-02-17,active,0.59,0,0,0,auto_approved,0.2075,2022
45b3659a-64c7-4c77-8517-dd9f8eb6587b,U000440,2022-06-04 12:57:47,12:57:47,356717.37,online_payment,M00200,VND,success,atm,D000791,230.222.38.158,credit_card,Hanoi,"20.940504,104.798872",45,M,2019-10-23,active,0.98,1,0,0,auto_approved,0.168,2022
7e607d3c-6040-4a35-a799-56dd4ecbdd29,U000090,2022-04-28 06:11:30,06:11:30,1811.31,cash_withdrawal,M00215,VND,success,desktop,D001567,161.183.47.84,mobile_wallet,Ho Chi Minh City,"10.82342,102.080421",21,F,2017-06-06,active,0.52,0,1,1,pending_review,0.5201,2022
f7c8c305-88ef-40df-a131-b3472b313b49,U000315,2022-07-09 20:53:26,20:53:26,633376.66,online_payment,M00052,VND,success,atm,D000129,123.200.30.239,mobile_wallet,Da Nang,"13.598486,107.272261",23,M,2019-01-05,active,0.76,0,0,0,auto_approved,0.0667,2022
91915f5a-9dc5-464b-a95e-5c72d8ccd8b9,U001481,2022-04-21 11:13:02,11:13:02,148299.74,purchase,M00136,VND,success,mobile,D001341,255.242.140.38,mobile_wallet,Ho Chi Minh City,"8.129619,103.35756",41,F,2021-02-23,active,0.5,1,0,0,auto_approved,0.5091,2022
c57e4d1f-ccbe-4ccf-b14e-bb697b9ec51c,U000159,2022-04-26 20:36:54,20:36:54,2529282.34,bill_payment,M00152,USD,success,mobile,D000674,221.85.75.169,credit_card,Ho Chi Minh City,"9.815345,104.484299",57,F,2020-01-06,active,0.71,0,0,0,auto_approved,0.125,2022
2a4e2b9d-8896-4442-8e55-662ad43eec09,U000302,2022-06-02 04:22:09,04:22:09,174517.54,transfer,M00358,USD,success,mobile,D001619,218.158.18.74,debit_card,Bangkok,"18.123414,108.933537",32,F,2017-06-13,active,0.8,0,0,0,auto_approved,0.2147,2022
8bee3b33-e920-43a7-9323-012c4f94e833,U001400,2022-06-27 21:58:35,21:58:35,1702219.16,cash_withdrawal,M00038,USD,success,mobile,D002220,74.111.180.175,mobile_wallet,Ho Chi Minh City,"9.94253,108.900936",23,F,2017-01-23,active,0.64,0,0,0,auto_approved,0.223,2022
5785f880-4f21-4e12-acdd-0944e5f5a85a,U001022,2022-09-24 23:32:40,23:32:40,336740.03,cash_withdrawal,M00430,VND,success,desktop,D002045,97.162.72.243,bank_transfer,Da Nang,"10.937005,106.141248",62,M,2022-04-07,active,0.85,0,0,0,auto_approved,0.0399,2022
32106dc3-d2f4-45e9-943c-87ac933988df,U001563,2022-07-09 23:30:42,23:30:42,345829.39,purchase,M00364,USD,success,pos,D000904,99.231.138.65,credit_card,Ho Chi Minh City,"8.546553,106.566182",54,M,2019-04-17,active,0.54,0,0,0,auto_approved,0.2895,2022
64154043-a58c-4af9-b9be-7281c78e2655,U001096,2022-06-25 22:11:06,22:11:06,20085.29,transfer,M00451,USD,success,mobile,D000763,14.36.212.168,credit_card,Hanoi,"9.17243,107.719334",58,M,2020-09-13,active,0.66,0,0,0,auto_approved,0.0144,2022
5dc6435c-634c-4947-9dd1-5972e6129dab,U000448,2022-10-24 11:54:10,11:54:10,2910307.02,purchase,M00058,USD,success,desktop,D001178,48.152.88.79,debit_card,Hanoi,"16.651442,105.24953",40,F,2018-01-05,active,0.63,0,0,0,auto_approved,0.395,2022
783fb44d-2546-4d8c-8e24-788f409bf882,U001621,2022-10-02 02:13:15,02:13:15,668965.29,purchase,M00066,USD,success,atm,D001544,253.3.78.136,mobile_wallet,Da Nang,"17.023313,104.114686",30,F,2015-05-28,active,0.73,0,0,0,auto_approved,0.243,2022
b7a92d82-d97a-4729-a34e-fefd27118629,U001977,2022-05-18 15:22:31,15:22:31,239842.38,purchase,M00392,USD,success,pos,D000125,240.185.209.56,bank_transfer,Singapore,"11.192139,108.779486",27,F,2022-04-01,active,0.52,1,0,0,auto_approved,0.3909,2022
77ff4855-2dee-40d3-8ad3-78250061f4c0,U000207,2022-06-19 05:20:34,05:20:34,608808.71,online_payment,M00196,USD,success,mobile,D000334,107.235.194.73,credit_card,Kuala Lumpur,"10.45797,106.830762",68,M,2015-11-05,active,0.75,1,0,0,auto_approved,0.2692,2022
95561970-f96d-472b-ba96-f69506b8abb1,U001113,2022-05-16 08:35:33,08:35:33,112512.4,online_payment,M00144,VND,success,atm,D002340,247.73.175.65,credit_card,Ho Chi Minh City,"13.87074,102.653355",53,F,2015-05-24,active,0.7,2,1,0,auto_approved,0.4322,2022
673ab7d4-c0ad-41b0-a36e-4424b7388162,U000958,2022-11-20 11:50:23,11:50:23,401531.4,cash_withdrawal,M00324,USD,success,desktop,D002721,229.102.200.213,debit_card,Ho Chi Minh City,"11.622763,104.138846",60,F,2015-06-05,active,0.88,0,1,0,auto_approved,0.2949,2022
0aa69a5b-980f-47d9-a4b6-6769f403a73f,U000272,2022-07-17 03:41:05,03:41:05,322619.66,bill_payment,M00388,VND,success,atm,D000409,153.124.206.125,debit_card,Hanoi,"19.491794,106.572462",57,M,2021-01-17,active,0.6,0,0,0,auto_approved,0.3493,2022
6d383ad5-32fd-4e9c-91c5-a26fc1cfa90e,U000789,2022-09-16 06:13:54,06:13:54,148756.27,transfer,M00005,USD,success,pos,D000749,143.62.239.142,debit_card,Hanoi,"19.212926,108.226123",63,F,2018-02-25,active,0.64,0,0,0,auto_approved,0.0269,2022
4e76aed6-4b25-4402-9aea-6a9de191c76d,U001882,2022-07-19 01:54:19,01:54:19,341715.65,purchase,M00205,USD,success,pos,D002250,106.115.249.105,debit_card,Bangkok,"16.042744,104.957209",22,M,2021-11-12,active,0.83,0,0,0,auto_approved,0.421,2022
6fbaa38e-3add-4068-8ffd-80d4806528c1,U001880,2022-02-09 00:37:01,00:37:01,682622.16,online_payment,M00382,VND,success,pos,D001741,101.161.139.50,mobile_wallet,Hanoi,"9.896173,107.142304",66,M,2018-04-27,active,0.97,0,0,0,auto_approved,0.2601,2022
1ce95b46-7145-4bb5-8cd9-b56e4c025631,U001685,2022-01-19 04:44:50,04:44:50,126830.09,online_payment,M00064,VND,success,mobile,D002752,228.169.120.44,bank_transfer,Kuala Lumpur,"19.632826,104.128479",18,F,2016-03-14,active,0.71,0,0,0,auto_approved,0.3875,2022
de9596da-789c-48b9-8061-fd03f73b3ac5,U001436,2022-06-23 06:19:54,06:19:54,34716.01,cash_withdrawal,M00103,USD,success,mobile,D002835,159.45.25.159,mobile_wallet,Hanoi,"9.187959,105.240108",69,F,2021-01-27,active,0.99,1,0,0,auto_approved,0.1979,2022
274553a2-8275-4733-aa0c-15c27a9c6924,U001021,2022-07-13 22:55:59,22:55:59,242969.89,purchase,M00112,VND,success,desktop,D001760,146.10.163.153,bank_transfer,Bangkok,"17.967283,105.182952",37,M,2015-11-30,active,0.72,0,0,0,auto_approved,0.2225,2022
4051d5b2-26b1-41a6-89f0-41eac743ce6f,U001424,2022-10-10 14:33:27,14:33:27,152777.71,purchase,M00271,VND,success,atm,D000887,75.218.64.235,bank_transfer,Da Nang,"21.717287,107.669684",33,M,2016-05-02,active,0.53,1,0,0,auto_approved,0.4879,2022
6fec3810-7fd0-4442-91d0-699a5e1b1ee1,U000637,2022-09-12 13:48:30,13:48:30,1524010.0,transfer,M00198,USD,success,desktop,D000974,246.113.106.246,mobile_wallet,Hanoi,"10.58255,107.828748",53,F,2014-12-08,active,0.55,0,0,0,auto_approved,0.4001,2022
57ab2ef6-3376-49ff-8eab-1f2ccdef3e69,U000478,2022-05-13 14:11:25,14:11:25,706953.8,cash_withdrawal,M00323,USD,success,atm,D002158,161.180.74.120,bank_transfer,Da Nang,"19.613097,104.280771",53,F,2019-04-10,active,0.93,0,0,0,auto_approved,0.2172,2022
7e9a5de8-f965-49ad-961f-f295d975c447,U000554,2022-02-17 13:20:35,13:20:35,599696.23,transfer,M00103,VND,success,desktop,D000315,138.179.0.87,credit_card,Singapore,"11.779166,105.924253",23,M,2016-10-12,active,0.7,0,0,0,auto_approved,0.0646,2022
097faff5-c5e1-4d1f-9e1d-3ddccf5ecc86,U001129,2022-04-29 00:21:17,00:21:17,68093.83,purchase,M00081,VND,success,pos,D002754,60.96.50.110,debit_card,Bangkok,"13.873218,103.823986",57,M,2016-09-09,active,0.79,0,0,0,auto_approved,0.3602,2022
bdf1334f-7597-4108-b292-5717973a4deb,U001590,2022-01-11 06:01:03,06:01:03,467456.59,bill_payment,M00091,USD,success,mobile,D000642,138.0.147.94,credit_card,Singapore,"18.916716,106.260887",23,M,2015-05-25,active,0.99,0,0,0,auto_approved,0.1109,2022
abcf6480-f895-4af4-8c94-b0cae3a78084,U000322,2022-10-24 20:38:22,20:38:22,621338.87,cash_withdrawal,M00319,VND,pending,atm,D001891,157.41.75.91,credit_card,Kuala Lumpur,"14.004178,105.15067",46,F,2021-07-24,active,0.96,0,0,0,auto_approved,0.1877,2022
c9679cd0-86f7-470e-a06f-274794f90773,U000901,2022-11-01 20:44:46,20:44:46,259372.0,purchase,M00287,VND,success,pos,D002553,2.165.46.98,debit_card,Da Nang,"16.715126,103.897219",51,F,2017-12-10,active,0.62,0,0,0,auto_approved,0.3937,2022
926d5d96-5dcc-409d-8444-97e9a4dc7a72,U001073,2022-01-29 23:33:10,23:33:10,136232.48,cash_withdrawal,M00131,USD,success,desktop,D002483,20.27.59.237,debit_card,Ho Chi Minh City,"21.787881,103.482436",48,F,2018-02-28,active,0.67,0,0,0,auto_approved,0.2368,2022
804cffd5-4c47-46b0-903a-6bba3c63865f,U001879,2022-06-23 04:36:16,04:36:16,334625.42,cash_withdrawal,M00005,VND,success,mobile,D001072,222.161.166.33,mobile_wallet,Kuala Lumpur,"11.447052,103.655404",49,F,2019-05-12,active,0.58,0,0,0,auto_approved,0.4042,2022
60f87a7c-143e-4e54-9899-bd07ce58e4c8,U001785,2022-03-05 04:00:37,04:00:37,233720.11,bill_payment,M00119,USD,failed,atm,D000940,79.139.238.241,credit_card,Hanoi,"21.409386,102.647814",36,M,2015-05-06,active,0.49,0,0,0,auto_approved,0.3257,2022
50097818-d6e8-47e6-8bf0-7258008bc88e,U001002,2022-10-13 08:32:11,08:32:11,350105.78,bill_payment,M00401,VND,success,atm,D002240,57.104.46.167,bank_transfer,Bangkok,"14.607345,102.420087",67,F,2017-07-15,active,0.52,0,0,0,auto_approved,0.3492,2022
beb68421-f8f6-49fe-a8b7-c341973206b8,U001145,2022-10-16 20:34:26,20:34:26,1070470.28,purchase,M00027,VND,success,mobile,D000433,208.52.231.22,mobile_wallet,Bangkok,"19.462541,108.538226",43,F,2018-04-11,active,0.52,2,1,1,pending_review,0.3795,2022
69c68c83-1eeb-4458-a5b9-71e6d0c63f25,U001998,2022-01-25 10:09:44,10:09:44,557541.24,bill_payment,M00051,USD,success,atm,D000391,60.240.96.159,debit_card,Da Nang,"9.338468,104.294814",67,F,2017-01-12,active,0.86,0,1,0,auto_approved,0.5268,2022
4215140a-969b-442d-a78b-adbbbf24ab54,U000811,2022-11-25 02:21:19,02:21:19,369885.53,cash_withdrawal,M00481,VND,success,atm,D000028,228.172.71.17,mobile_wallet,Da Nang,"17.999332,102.590255",28,M,2016-12-26,active,0.64,0,0,0,auto_approved,0.051,2022
bd806a58-ea7b-4760-ab5e-67252879320d,U000657,2022-03-04 15:16:10,15:16:10,2329577.19,cash_withdrawal,M00278,VND,success,atm,D001490,229.51.72.68,debit_card,Singapore,"10.221763,107.705578",61,F,2017-04-20,active,0.92,0,0,0,auto_approved,0.0485,2022
a73f5f8f-f5fb-40cf-b5a1-b90c8f0f180f,U000790,2022-10-19 23:51:47,23:51:47,484013.11,online_payment,M00234,VND,success,mobile,D002512,123.110.153.4,bank_transfer,Hanoi,"14.774985,104.129133",56,M,2019-10-10,active,0.94,0,0,0,auto_approved,0.3879,2022
7b52b97b-8a9d-4a57-a779-a6c6debb3824,U000287,2022-06-09 04:40:43,04:40:43,497502.84,online_payment,M00215,USD,success,desktop,D001499,136.11.33.91,debit_card,Ho Chi Minh City,"9.536345,102.846369",27,M,2019-02-01,active,0.9,0,0,0,auto_approved,0.278,2022
fbbcc7ec-0d38-4bd6-87d1-612225ed9505,U000155,2022-07-09 21:57:17,21:57:17,1494195.47,purchase,M00016,USD,success,atm,D002919,251.199.224.215,credit_card,Bangkok,"15.638662,106.545251",61,M,2021-01-15,active,0.78,2,1,0,auto_approved,0.5526,2022
377d63ac-27c9-4421-83c9-770cb41dee65,U000928,2022-09-01 17:30:40,17:30:40,1014983.32,cash_withdrawal,M00108,USD,success,pos,D001713,140.13.73.103,credit_card,Ho Chi Minh City,"8.431047,105.054175",28,M,2020-04-09,active,0.55,0,0,0,auto_approved,0.4,2022
ed16433e-fdff-469c-83a4-7e73b1147557,U000780,2022-06-15 18:36:14,18:36:14,1676143.36,online_payment,M00452,VND,failed,atm,D000437,26.38.178.235,mobile_wallet,Ho Chi Minh City,"18.986496,105.003904",65,F,2017-05-13,active,0.58,0,0,0,auto_approved,0.3975,2022
54d69b8c-c207-49c1-b2d2-7c0a37817570,U001345,2022-07-03 08:25:10,08:25:10,107155.73,purchase,M00042,USD,failed,pos,D000817,107.72.72.123,credit_card,Singapore,"20.575075,108.814848",28,F,2017-12-08,active,0.61,0,0,0,auto_approved,0.4359,2022
52726b95-8bc4-4e6d-8d64-92d7b76d35e4,U000335,2022-11-14 09:15:06,09:15:06,112707.48,online_payment,M00327,VND,success,pos,D000282,77.211.10.233,bank_transfer,Bangkok,"8.596705,102.476618",54,F,2017-06-21,active,0.46,0,0,0,auto_approved,0.0585,2022
11301102-d97d-48ed-9306-ebf0032084a0,U001880,2022-09-22 20:24:50,20:24:50,2531986.98,transfer,M00467,VND,success,atm,D001125,106.61.192.165,debit_card,Kuala Lumpur,"14.983063,108.940065",39,F,2017-03-24,active,0.71,2,1,1,pending_review,0.3779,2022
703153da-117e-495b-9fc4-3fd530a9beab,U000056,2022-10-04 18:32:24,18:32:24,92222.29,transfer,M00453,USD,success,desktop,D002024,244.133.219.138,bank_transfer,Singapore,"20.675153,105.963722",41,F,2021-12-19,active,0.91,0,0,0,auto_approved,0.2059,2022
acbac7ba-5ec8-44d7-8840-1af7248bd554,U001788,2022-08-03 03:59:57,03:59:57,1928290.46,online_payment,M00081,USD,success,desktop,D000682,95.117.253.136,mobile_wallet,Singapore,"16.640146,103.254885",48,M,2018-01-15,active,0.47,0,0,0,auto_approved,0.3088,2022
f3763477-e41f-465b-8d1d-0a1cb095e4bf,U001237,2022-01-05 22:01:58,22:01:58,554867.42,purchase,M00482,USD,success,atm,D001093,220.138.93.10,bank_transfer,Da Nang,"20.652132,108.785628",58,M,2020-07-17,active,0.59,0,0,0,auto_approved,0.2986,2022
700dbef0-778c-47a3-9cd8-82ded58bd31a,U001877,2022-03-09 20:24:43,20:24:43,1218215.18,cash_withdrawal,M00119,VND,success,mobile,D001502,232.91.112.14,credit_card,Da Nang,"10.417334,108.893341",62,M,2015-08-03,active,0.63,0,0,0,auto_approved,0.0878,2022
e9570685-7af4-410f-bb5b-a9f121e6bc2f,U000916,2022-09-04 04:55:35,04:55:35,296909.01,online_payment,M00143,VND,success,pos,D001239,206.138.58.173,mobile_wallet,Bangkok,"15.75034,102.957384",61,M,2015-06-05,active,0.47,0,0,0,auto_approved,0.2317,2022
16dfd9b4-bcf0-41f5-ae11-04a35833f853,U001051,2022-05-28 18:36:05,18:36:05,455487.53,purchase,M00008,VND,success,desktop,D002372,134.235.145.50,bank_transfer,Da Nang,"15.945321,108.626601",43,F,2022-03-13,active,0.49,0,0,0,auto_approved,0.0508,2022
bcc4fe46-89da-4ff3-a148-b6ad76d78149,U000898,2022-06-14 01:48:38,01:48:38,2830665.38,online_payment,M00351,USD,success,mobile,D002054,8.77.154.37,debit_card,Ho Chi Minh City,"20.03527,103.077382",23,M,2018-12-28,active,0.49,0,0,0,auto_approved,0.1606,2022
e092955e-1307-4cea-b454-b4fc4a78b851,U001952,2022-06-13 11:12:13,11:12:13,324448.1,cash_withdrawal,M00414,USD,failed,desktop,D001032,65.237.82.173,mobile_wallet,Ho Chi Minh City,"20.177422,105.213121",21,F,2019-04-15,active,0.87,0,0,0,auto_approved,0.2004,2022
f2b63c68-3a68-4a7b-885b-e30746e703f2,U000965,2022-10-10 05:40:50,05:40:50,308141.47,online_payment,M00277,USD,success,desktop,D002305,92.149.108.245,debit_card,Bangkok,"13.039271,104.058715",41,M,2022-07-31,active,0.6,0,1,0,auto_approved,0.2056,2022
4eae178b-cf5a-4d03-a79b-444ecc82b141,U001820,2022-01-06 03:45:24,03:45:24,271828.29,bill_payment,M00090,VND,success,desktop,D001180,138.83.104.34,mobile_wallet,Kuala Lumpur,"21.340332,108.613356",24,M,2016-05-08,active,0.55,0,0,0,auto_approved,0.0399,2022
48723dba-3494-4283-afcf-a8212cc96d67,U001970,2022-01-18 03:14:45,03:14:45,189367.11,cash_withdrawal,M00482,USD,success,mobile,D001371,121.1.243.102,bank_transfer,Singapore,"16.594416,108.48289",61,F,2019-03-08,active,0.59,0,0,0,auto_approved,0.2475,2022
59224c34-aa84-454e-8ef9-425d9a4dc11f,U001557,2022-06-25 02:11:47,02:11:47,417240.31,online_payment,M00048,USD,success,atm,D002133,81.237.221.74,bank_transfer,Da Nang,"21.313942,107.829868",54,F,2018-04-16,active,0.98,0,0,0,auto_approved,0.3621,2022
d6308738-d956-49da-b120-a605d8c079f5,U001438,2022-01-09 17:29:04,17:29:04,45132.35,transfer,M00022,USD,success,mobile,D000244,233.213.150.26,bank_transfer,Kuala Lumpur,"17.522926,102.917577",40,M,2020-11-25,active,0.75,0,0,0,auto_approved,0.0335,2022
8e098e34-f7ff-441e-b18f-2d3620aa9681,U001564,2022-02-20 19:19:07,19:19:07,1590907.16,cash_withdrawal,M00318,USD,success,mobile,D000365,80.103.104.56,bank_transfer,Singapore,"17.151492,107.664289",68,F,2015-06-30,active,0.67,0,0,0,auto_approved,0.0224,2022
26936fcb-725e-4bcc-a3d3-64fa4ffc27af,U001314,2022-03-24 16:30:47,16:30:47,328967.7,transfer,M00359,VND,success,mobile,D001346,173.106.93.194,bank_transfer,Da Nang,"11.386499,107.105786",26,F,2015-04-02,blocked,0.74,0,0,0,auto_approved,0.2716,2022
f8aa932d-b977-4335-b9a2-4c86cd6b3b17,U001076,2022-03-16 09:10:01,09:10:01,8539.61,bill_payment,M00273,USD,success,atm,D002571,253.241.130.194,mobile_wallet,Bangkok,"9.319573,102.521723",31,M,2019-05-10,active,0.77,0,0,0,auto_approved,0.4097,2022
5b09788e-9a4a-4a2c-9765-6f49fc361e22,U000025,2022-04-24 21:59:46,21:59:46,535867.77,online_payment,M00152,VND,success,mobile,D001747,134.190.163.86,credit_card,Singapore,"15.494053,103.044605",56,F,2021-02-20,active,0.66,0,0,0,auto_approved,0.1634,2022
49dba571-31d2-4bfc-bfba-6dc1cc6687d2,U001071,2022-07-20 02:15:55,02:15:55,290541.25,bill_payment,M00252,VND,success,desktop,D001093,180.249.31.205,mobile_wallet,Da Nang,"12.80413,103.738203",20,F,2018-05-21,active,0.93,0,0,0,auto_approved,0.1134,2022
e086e2a2-54dd-4190-acbe-00eb7c5fe1a5,U000861,2022-12-30 12:48:08,12:48:08,1683321.11,bill_payment,M00120,VND,failed,mobile,D001276,176.45.189.136,credit_card,Bangkok,"17.050682,108.65534",55,F,2015-08-08,active,0.85,0,0,0,auto_approved,0.0914,2022
a1116147-a4c4-45dd-ab35-f198069d4e18,U000141,2022-10-23 21:59:32,21:59:32,318328.28,bill_payment,M00149,USD,success,mobile,D000746,13.19.108.39,mobile_wallet,Hanoi,"8.855513,108.337224",43,F,2018-10-30,active,0.84,0,0,0,auto_approved,0.3716,2022
f389b68e-7de6-478c-b311-84fbfdedb395,U001088,2022-12-08 16:49:44,16:49:44,278918.79,transfer,M00005,USD,success,pos,D000386,187.19.109.220,credit_card,Ho Chi Minh City,"8.817516,107.993775",34,M,2020-12-12,active,0.67,0,0,0,auto_approved,0.2051,2022
d1febb21-4ce4-4f95-862f-51aa0d6920a7,U001097,2022-12-07 06:55:07,06:55:07,618743.9,transfer,M00251,USD,success,mobile,D001787,223.68.141.221,credit_card,Hanoi,"11.136384,105.502294",23,F,2021-12-05,active,0.64,1,0,0,auto_approved,0.5037,2022
748574d8-ff4c-4f61-b188-1ec7264f0ae2,U001525,2022-02-13 21:46:53,21:46:53,148862.8,cash_withdrawal,M00057,USD,success,atm,D002634,134.224.189.129,bank_transfer,Bangkok,"21.480821,103.410407",62,M,2016-02-19,active,0.69,0,0,0,auto_approved,0.1043,2022
8598c9fb-6425-4027-84cd-d5188bbc3a74,U001424,2022-02-06 15:38:17,15:38:17,558320.62,transfer,M00037,USD,success,desktop,D002098,10.171.113.101,debit_card,Bangkok,"14.281007,103.862841",70,M,2015-05-13,active,0.69,0,0,0,auto_approved,0.4296,2022
b4b5c05f-aba1-489a-906a-d907f8f81be3,U001027,2022-04-27 21:11:56,21:11:56,570809.71,purchase,M00470,VND,success,mobile,D001991,15.140.136.137,bank_transfer,Bangkok,"15.447502,104.435302",39,F,2017-07-17,under_review,0.99,0,0,0,auto_approved,0.2725,2022
7a6c8e9c-4450-4edf-98c0-a50c43a67cd0,U000465,2022-11-26 17:00:13,17:00:13,1349259.23,cash_withdrawal,M00336,USD,success,mobile,D002005,152.199.0.120,bank_transfer,Singapore,"9.285505,107.307837",63,F,2014-11-06,active,0.71,0,0,0,auto_approved,0.0426,2022
90d6e38f-4008-4e3c-94a0-cf8686747881,U001204,2022-09-07 11:53:08,11:53:08,629223.59,transfer,M00352,USD,success,pos,D001311,114.90.124.140,credit_card,Singapore,"15.9224,108.64701",39,M,2020-09-20,active,0.51,0,0,0,auto_approved,0.1097,2022
aeabcc4f-8b74-4995-8687-ebb82ff4d6eb,U001021,2022-10-25 11:44:31,11:44:31,354804.2,purchase,M00366,USD,success,pos,D002365,240.219.179.159,credit_card,Bangkok,"9.433201,104.743159",21,F,2015-08-17,active,0.67,0,0,0,auto_approved,0.1144,2022
1609a202-2cdf-482b-ad8e-94c5c9f8c505,U001041,2022-04-22 08:12:58,08:12:58,657109.27,cash_withdrawal,M00059,VND,success,desktop,D002012,116.224.153.108,mobile_wallet,Bangkok,"9.004366,105.18574",40,F,2018-03-03,active,0.6,0,0,0,auto_approved,0.2831,2022
0ccb058b-b16e-4e22-87e5-9dd86567f012,U000473,2022-08-25 08:24:50,08:24:50,220400.28,cash_withdrawal,M00445,USD,success,atm,D001531,130.80.203.184,debit_card,Kuala Lumpur,"13.77471,102.051612",40,M,2016-03-22,active,0.66,0,0,0,auto_approved,0.2488,2022
9e829cfe-ab33-4ac6-8081-4e4bb2d0f55f,U001314,2022-12-18 09:00:40,09:00:40,1489411.86,bill_payment,M00442,VND,success,mobile,D000093,100.138.110.211,mobile_wallet,Ho Chi Minh City,"12.725231,102.042695",55,F,2019-03-02,active,0.97,0,0,0,auto_approved,0.1217,2022
35a3a24e-8483-4cb4-8957-e40c448d3ecf,U001257,2022-11-11 05:36:44,05:36:44,152857.08,online_payment,M00267,VND,success,atm,D002780,76.99.163.67,mobile_wallet,Kuala Lumpur,"13.844448,107.118472",29,F,2016-11-25,active,0.82,0,0,0,auto_approved,0.1944,2022
a102ae3f-0c2f-4bfd-b68e-b80f4aa4ba1f,U000295,2022-09-21 23:56:13,23:56:13,741379.9,cash_withdrawal,M00009,USD,success,desktop,D002026,124.88.60.250,mobile_wallet,Hanoi,"20.969288,105.484985",70,M,2018-10-27,active,0.46,0,0,0,auto_approved,0.0226,2022
49635eee-c39c-4a51-bb5d-cce2f3710433,U001629,2022-02-23 14:46:06,14:46:06,316237.91,online_payment,M00270,USD,success,mobile,D002488,181.184.66.83,bank_transfer,Ho Chi Minh City,"9.786516,103.673459",59,F,2014-11-18,active,0.59,0,0,0,auto_approved,0.0825,2022
860aea10-ad79-41a9-a5d1-eb3301baace7,U001878,2022-08-28 07:42:36,07:42:36,821705.73,bill_payment,M00251,USD,success,desktop,D001344,129.232.27.213,debit_card,Da Nang,"15.031516,102.550315",49,F,2021-05-30,active,0.71,0,0,0,auto_approved,0.0497,2022
3ee374ca-e6af-407f-9cea-4f538cf35adf,U001737,2022-02-24 08:10:36,08:10:36,1481263.68,online_payment,M00428,VND,success,desktop,D000405,113.254.75.130,bank_transfer,Hanoi,"19.101091,105.077823",45,F,2015-12-01,active,0.7,1,0,0,auto_approved,0.1066,2022
c97916a0-c710-403c-845c-21042c5a59b6,U001036,2022-09-17 18:07:04,18:07:04,1844852.96,bill_payment,M00489,VND,success,atm,D001012,143.218.211.155,mobile_wallet,Bangkok,"19.02774,105.1566",30,F,2021-07-18,active,0.73,0,0,0,auto_approved,0.2552,2022
5a93a9aa-b557-44e9-a598-3b6790015c5e,U000531,2022-10-25 08:26:27,08:26:27,3390.76,bill_payment,M00067,USD,success,pos,D000023,78.235.49.17,debit_card,Bangkok,"9.503711,104.721017",68,M,2021-04-17,active,0.81,2,1,0,auto_approved,0.2511,2022
4638837a-0cd8-4a2e-869a-634d43cf534f,U001453,2022-10-22 16:45:00,16:45:00,40123.46,bill_payment,M00172,VND,success,pos,D001466,217.127.42.24,debit_card,Da Nang,"20.891991,105.697884",42,M,2022-09-15,active,0.75,0,0,0,auto_approved,0.1446,2022
86822331-7f05-4622-b647-4472be53dc30,U000871,2022-12-31 03:13:00,03:13:00,1396145.2,purchase,M00409,VND,success,atm,D000345,41.135.214.148,bank_transfer,Bangkok,"8.901785,104.701204",70,F,2021-05-11,active,0.73,0,0,0,auto_approved,0.1729,2022
262ffb2e-c2d3-4e26-b04f-c883b4a9b984,U000783,2022-06-17 22:29:10,22:29:10,315631.65,bill_payment,M00498,VND,success,desktop,D000718,91.218.86.29,debit_card,Da Nang,"8.586627,103.660123",30,F,2016-11-28,active,0.66,1,0,0,auto_approved,0.2125,2022
5d37a537-ced0-4e42-bec9-f46ef1820de3,U001390,2022-11-01 23:04:31,23:04:31,308236.7,purchase,M00298,USD,success,mobile,D001821,19.234.37.188,mobile_wallet,Da Nang,"20.649854,108.138756",69,F,2016-11-29,active,0.48,0,0,0,auto_approved,0.0592,2022
219d319a-5ed0-44ca-9273-56d968a27c11,U001371,2022-09-02 01:20:02,01:20:02,388488.84,bill_payment,M00313,USD,success,pos,D001493,20.180.250.186,mobile_wallet,Singapore,"10.925099,105.641816",40,F,2015-12-07,active,1.0,0,0,0,auto_approved,0.3354,2022
da706325-365f-42af-932d-9f69e6443ea7,U000855,2022-02-12 16:23:29,16:23:29,437860.63,bill_payment,M00321,USD,success,mobile,D000600,31.52.53.250,credit_card,Hanoi,"21.576255,105.659716",44,M,2016-09-18,active,0.45,0,0,0,auto_approved,0.2804,2022
42d1230f-fc14-450f-8df7-0cf4fc0b506c,U000129,2022-06-24 08:19:26,08:19:26,468962.56,bill_payment,M00405,VND,success,atm,D001671,38.38.153.3,bank_transfer,Da Nang,"20.505259,107.125693",69,F,2021-06-20,active,0.49,0,0,0,auto_approved,0.2399,2022
a5e72c4a-e93f-457c-9b9e-2fb627b3c83a,U000649,2022-03-16 19:41:15,19:41:15,408430.74,bill_payment,M00100,USD,failed,pos,D002561,218.219.216.165,bank_transfer,Bangkok,"16.541141,105.967775",32,F,2019-01-25,under_review,0.75,0,0,0,auto_approved,0.1613,2022
2e5dbd6e-5e2f-4a57-91a4-72a47679e68d,U001356,2022-12-22 05:11:53,05:11:53,1513732.81,online_payment,M00242,USD,success,pos,D002575,35.157.249.14,bank_transfer,Kuala Lumpur,"13.248338,107.344341",26,M,2014-10-28,active,0.85,0,0,0,auto_approved,0.1525,2022
e694180b-fd22-42f8-b4a1-cd672d6a1599,U001903,2022-09-27 01:12:21,01:12:21,1019315.13,bill_payment,M00049,USD,success,atm,D000311,221.215.3.248,bank_transfer,Bangkok,"8.62092,104.221503",56,F,2017-09-09,active,0.46,1,0,0,auto_approved,0.2925,2022
2d56ca8c-90b7-4b3b-bc3d-2cafd1438c1e,U001787,2022-07-07 13:23:11,13:23:11,1497451.68,purchase,M00340,USD,success,atm,D000555,152.25.245.12,mobile_wallet,Bangkok,"10.237066,107.525804",58,F,2022-01-07,active,0.58,0,0,0,auto_approved,0.2866,2022
78921fe6-3363-498c-bac8-8f5adfd6087b,U001788,2022-01-13 21:47:26,21:47:26,479471.99,bill_payment,M00365,VND,success,pos,D001930,166.110.141.126,credit_card,Kuala Lumpur,"16.933142,102.402512",62,M,2020-08-11,active,0.66,1,0,0,auto_approved,0.5142,2022
f0726440-cca5-4589-976c-5edd9db27e2d,U001639,2022-05-02 03:08:06,03:08:06,606262.33,cash_withdrawal,M00337,VND,success,pos,D002883,255.54.84.200,credit_card,Singapore,"18.197044,103.83622",40,M,2017-08-19,active,0.47,0,1,0,auto_approved,0.3693,2022
c54c40ee-f585-45f1-acc9-feb5f366e8a1,U000164,2022-10-13 05:35:18,05:35:18,417379.14,bill_payment,M00478,VND,failed,atm,D001418,58.194.113.192,mobile_wallet,Ho Chi Minh City,"16.766043,105.371736",45,M,2022-01-04,active,0.56,0,0,0,auto_approved,0.3674,2022
4f3e573f-81a7-458a-8241-c08806707bc9,U001893,2022-06-19 13:07:47,13:07:47,159123.75,transfer,M00038,VND,success,desktop,D002855,83.134.114.214,bank_transfer,Kuala Lumpur,"9.167592,104.838006",58,M,2020-07-11,active,0.63,0,0,0,auto_approved,0.0653,2022
5c158cec-3c52-47a9-98be-2380248233d2,U000805,2022-08-10 23:44:09,23:44:09,379078.91,cash_withdrawal,M00066,VND,success,desktop,D000523,51.176.27.27,bank_transfer,Bangkok,"10.35076,108.632222",48,M,2021-03-28,active,0.81,2,1,1,pending_review,0.5583,2022
ece30fb1-2b00-473f-b9b1-e0bdbe2c62d5,U000284,2022-05-31 07:08:03,07:08:03,18653.78,cash_withdrawal,M00498,VND,success,pos,D002578,34.144.140.168,mobile_wallet,Ho Chi Minh City,"18.23643,103.264953",59,F,2019-02-09,active,0.84,0,0,0,auto_approved,0.0716,2022
541b7dbb-1793-4826-a6e2-c8ffaf8d9dcd,U000798,2022-01-29 17:39:26,17:39:26,97673.43,transfer,M00002,VND,success,mobile,D000278,21.92.15.241,debit_card,Da Nang,"18.612078,108.804464",65,F,2017-08-11,active,0.62,0,0,0,auto_approved,0.4391,2022
30255d34-6fe4-44be-b75b-bad044cf2994,U000950,2022-08-20 17:48:15,17:48:15,404961.88,purchase,M00209,USD,success,desktop,D000012,180.215.16.37,bank_transfer,Da Nang,"11.630702,104.711388",43,F,2020-08-03,active,0.91,0,0,0,auto_approved,0.3432,2022
9a5bd8ab-f6ef-4f06-b7fe-874585a89314,U001893,2022-12-29 14:38:55,14:38:55,2492718.53,online_payment,M00379,VND,failed,pos,D001177,145.39.218.125,credit_card,Singapore,"16.117825,105.186159",69,F,2016-04-06,active,0.99,0,0,0,auto_approved,0.1521,2022
4dc071a1-67c1-42b8-aaa6-e080787f36bf,U001264,2022-05-12 10:19:55,10:19:55,1102224.24,purchase,M00476,VND,success,desktop,D002390,99.244.54.226,debit_card,Kuala Lumpur,"13.102076,107.216074",41,M,2018-12-07,active,0.63,0,0,0,auto_approved,0.0245,2022
e3e204b5-578f-4169-8f04-74f37652570d,U001698,2022-06-08 04:21:57,04:21:57,372566.46,cash_withdrawal,M00010,VND,success,pos,D002325,223.100.231.55,mobile_wallet,Bangkok,"19.608368,104.669467",32,F,2021-10-09,active,0.53,0,0,0,auto_approved,0.1167,2022
52be9919-47b1-4807-870f-fb0db96ea956,U001525,2022-09-08 07:48:17,07:48:17,32893.16,online_payment,M00054,USD,success,desktop,D001232,110.147.173.175,credit_card,Hanoi,"15.380934,103.186502",39,M,2022-02-26,active,0.83,1,0,0,auto_approved,0.3363,2022
b090b06d-8579-47df-be73-497abcf2af79,U000666,2022-02-02 13:56:13,13:56:13,147167.93,cash_withdrawal,M00370,USD,failed,pos,D000411,9.51.198.120,bank_transfer,Singapore,"17.305354,102.812913",44,F,2019-04-16,active,0.76,0,0,0,auto_approved,0.1984,2022
e5b60d38-2515-40df-b3c2-7d59c6b5f364,U000951,2022-02-27 17:17:06,17:17:06,1098956.07,cash_withdrawal,M00469,USD,success,atm,D001771,63.114.175.103,credit_card,Singapore,"19.088883,104.799291",46,M,2020-05-18,active,0.64,0,0,0,auto_approved,0.2342,2022
f2b7062a-acb3-4b9b-b470-2a30c98a8003,U001362,2022-11-23 13:43:21,13:43:21,1232360.61,bill_payment,M00016,USD,success,pos,D002989,48.106.78.105,bank_transfer,Hanoi,"18.008346,108.897089",63,M,2018-07-11,active,0.69,0,0,0,auto_approved,0.4323,2022
f8a3dee6-58cc-4f24-b705-ff9014543db7,U000057,2022-09-24 21:49:43,21:49:43,77066.69,purchase,M00171,VND,success,pos,D000313,96.128.24.127,debit_card,Kuala Lumpur,"15.678006,106.559384",53,F,2018-06-23,active,0.53,0,0,0,auto_approved,0.3486,2022
c084c13b-82f2-4ae0-baa1-f9d4ea3a009c,U000868,2022-07-23 06:58:32,06:58:32,514035.03,online_payment,M00436,USD,success,atm,D002746,155.34.129.138,mobile_wallet,Ho Chi Minh City,"8.039705,103.718879",58,M,2015-06-29,active,0.57,0,0,0,auto_approved,0.36,2022
4096d960-e26b-46b4-bb5d-2b243cee9e3d,U001919,2022-06-17 14:13:46,14:13:46,50462.47,online_payment,M00449,USD,success,pos,D002391,217.79.22.231,bank_transfer,Hanoi,"20.135644,107.638697",59,M,2019-10-07,active,0.99,0,0,0,auto_approved,0.3761,2022
bdd3452d-0667-4314-8fc0-328bd9e19015,U000688,2022-10-23 06:00:05,06:00:05,457823.92,bill_payment,M00119,USD,pending,pos,D000915,148.10.63.68,debit_card,Bangkok,"17.298339,105.107076",28,F,2021-02-01,active,0.9,0,0,0,auto_approved,0.2864,2022
c7a64ae4-1a0e-4b4c-a770-2cd960793e66,U001219,2022-04-18 04:18:02,04:18:02,1857784.18,bill_payment,M00016,VND,success,pos,D001535,205.71.20.229,debit_card,Bangkok,"8.045342,107.357752",29,M,2014-06-08,active,0.97,0,0,0,auto_approved,0.4486,2022
656f5e5d-49ed-4e23-8609-4fb8c2c5b75c,U000355,2022-02-08 05:23:21,05:23:21,1457552.59,purchase,M00336,VND,success,pos,D001103,109.162.238.107,bank_transfer,Bangkok,"11.40914,104.659125",21,F,2019-08-30,active,0.78,0,1,0,auto_approved,0.5247,2022
c7e8fe2f-63b9-4348-b7d6-3a1b42cd2159,U001325,2022-04-30 00:07:04,00:07:04,205955.36,cash_withdrawal,M00074,USD,success,atm,D000930,36.240.12.52,bank_transfer,Singapore,"9.276441,104.881955",26,M,2014-02-14,active,0.76,0,0,0,auto_approved,0.4332,2022
63a9c402-476a-417d-944f-af20a130c332,U001549,2022-09-18 11:49:56,11:49:56,643658.91,transfer,M00495,VND,success,atm,D000919,234.3.223.222,bank_transfer,Singapore,"11.814941,104.151402",40,M,2018-07-21,active,0.59,2,1,1,pending_review,0.2878,2022
9ce77941-1367-4330-9a46-f948360a7bc8,U001234,2022-07-25 12:08:18,12:08:18,65089.95,bill_payment,M00286,VND,success,pos,D001271,137.236.189.78,debit_card,Ho Chi Minh City,"11.330596,103.09687",26,F,2018-02-16,active,0.58,0,0,0,auto_approved,0.1037,2022
9cf17f17-9a9f-427b-8b84-8026783fdbdb,U000006,2022-05-10 14:56:59,14:56:59,164663.63,bill_payment,M00421,USD,success,desktop,D002293,71.137.184.34,credit_card,Hanoi,"20.155607,102.135119",22,F,2020-06-18,active,0.92,0,1,0,auto_approved,0.4826,2022
c2518dfc-a9a0-42d2-a672-afee654751e3,U000592,2022-01-23 16:58:05,16:58:05,1583699.13,purchase,M00224,USD,success,atm,D002782,37.168.208.120,debit_card,Kuala Lumpur,"20.212744,105.719398",36,M,2018-10-06,active,0.87,0,1,1,pending_review,0.3769,2022
a189dbc3-5dba-4df9-b5dd-6fa3717aa7a8,U001341,2022-03-20 18:50:25,18:50:25,900033.69,online_payment,M00438,VND,success,atm,D002067,128.112.6.203,bank_transfer,Kuala Lumpur,"20.469638,103.333877",20,M,2016-08-08,active,0.79,0,1,0,auto_approved,0.3825,2022
848b5214-caa0-4ac5-9a33-b37d86947c7b,U001633,2022-04-18 03:05:05,03:05:05,4074541.07,cash_withdrawal,M00103,VND,success,desktop,D001122,134.199.134.88,bank_transfer,Hanoi,"8.777363,103.549682",22,F,2019-10-25,active,0.47,0,1,0,auto_approved,0.3961,2022
fc0dec53-107f-4bdd-bef6-79af860522e1,U000346,2022-03-05 11:05:38,11:05:38,22511.71,transfer,M00429,USD,success,desktop,D001090,83.109.30.156,bank_transfer,Ho Chi Minh City,"17.815078,106.25346",65,M,2015-04-10,active,0.73,0,0,0,auto_approved,0.3091,2022
97ceb309-7c5a-4ed8-9d10-48bd54d66baf,U000450,2022-04-26 20:49:15,20:49:15,285575.67,bill_payment,M00321,VND,success,mobile,D002706,120.33.135.146,bank_transfer,Da Nang,"9.457037,106.964403",65,F,2021-07-01,active,0.85,0,0,0,auto_approved,0.3848,2022
d8941575-d942-4458-ae06-b4229d832d3f,U001339,2022-01-01 08:28:19,08:28:19,369166.25,bill_payment,M00308,USD,success,mobile,D001077,230.184.248.159,mobile_wallet,Hanoi,"10.178525,108.547714",46,F,2016-12-07,active,0.93,0,0,0,auto_approved,0.36,2022
bf98b7a5-1104-4133-8798-7c6858ba4abe,U000351,2022-06-13 23:16:12,23:16:12,547206.12,bill_payment,M00215,USD,success,pos,D002952,19.146.114.198,credit_card,Singapore,"16.595947,105.870915",70,F,2020-09-02,active,0.69,0,0,0,auto_approved,0.2907,2022
39a2d695-8573-46eb-9122-18be5911efd9,U001495,2022-08-25 04:23:58,04:23:58,2303122.52,cash_withdrawal,M00145,USD,success,atm,D002314,13.187.227.132,credit_card,Bangkok,"12.503675,108.991151",38,M,2019-09-22,active,0.52,0,0,0,auto_approved,0.4499,2022
02943a06-858c-4ce8-9e4a-c21d359d36d2,U001735,2022-10-28 04:23:17,04:23:17,593382.97,purchase,M00083,VND,success,atm,D001367,114.35.106.253,mobile_wallet,Bangkok,"19.379366,104.47882",64,M,2019-06-26,active,0.6,0,0,0,auto_approved,0.1519,2022
2f5753a9-f39a-4835-838f-bd3986612502,U000517,2022-02-14 02:35:49,02:35:49,2076037.69,cash_withdrawal,M00069,VND,success,mobile,D001339,63.198.210.52,bank_transfer,Hanoi,"14.603536,104.994918",67,M,2016-06-28,active,0.99,0,0,0,auto_approved,0.3775,2022
29dbc637-9ba0-4761-8c3d-df49d0b2c2a9,U000191,2022-08-17 17:59:52,17:59:52,1518476.01,bill_payment,M00406,VND,success,pos,D000472,241.25.150.5,credit_card,Hanoi,"11.555249,108.385559",46,F,2015-04-29,under_review,0.92,0,0,0,auto_approved,0.4009,2022
b61e2684-7184-4691-9fcf-dabadd0b8ccc,U001431,2022-07-26 13:24:08,13:24:08,306092.26,online_payment,M00307,USD,pending,mobile,D001265,78.55.157.181,mobile_wallet,Bangkok,"15.217808,104.90574",67,F,2021-02-14,active,0.97,0,0,0,auto_approved,0.4408,2022
8071b5d4-479d-416f-8187-93b06b07c9fc,U001011,2022-04-28 15:56:50,15:56:50,241828.65,cash_withdrawal,M00144,VND,success,desktop,D001017,1.209.114.110,credit_card,Hanoi,"17.811659,107.480816",66,F,2017-09-21,active,0.75,0,0,0,auto_approved,0.1193,2022
16b5901a-31bb-42e5-942f-022818e8ff5b,U001846,2022-03-21 08:00:04,08:00:04,1204137.63,online_payment,M00073,VND,success,desktop,D000372,72.77.50.237,debit_card,Ho Chi Minh City,"19.880428,104.049181",19,F,2021-02-08,active,0.53,0,0,0,auto_approved,0.1959,2022
4f2a3383-fb97-4694-99fd-ca9e9861e462,U001325,2022-04-07 06:39:21,06:39:21,1695474.61,online_payment,M00081,VND,success,pos,D002058,170.140.157.142,mobile_wallet,Bangkok,"15.574667,106.335423",41,F,2017-06-28,active,0.7,0,0,0,auto_approved,0.2326,2022
673fe6d2-d27c-4acc-97a3-baf9d38e85f5,U001855,2022-03-07 09:37:09,09:37:09,438437.29,online_payment,M00416,USD,success,desktop,D002931,43.96.182.107,bank_transfer,Hanoi,"16.036527,105.838911",22,F,2017-01-13,active,0.47,0,0,0,auto_approved,0.2979,2022
7c58486b-b009-4525-afdb-acb0b720a333,U000313,2022-12-31 00:19:27,00:19:27,780538.87,online_payment,M00068,USD,success,desktop,D001879,230.195.246.222,credit_card,Hanoi,"9.884075,108.587828",39,M,2016-10-30,active,0.86,1,0,0,auto_approved,0.3973,2022
90841f69-7a1e-419c-9200-056dfa7937e5,U000922,2022-03-01 17:09:02,17:09:02,28805.62,online_payment,M00227,VND,success,pos,D001714,209.10.9.92,debit_card,Singapore,"16.718813,102.197243",65,M,2021-05-15,active,0.98,0,0,0,auto_approved,0.195,2022
3e907743-4b4f-44fc-9ad6-9a5e0e2be2f7,U001673,2022-12-24 11:34:24,11:34:24,1088490.04,purchase,M00250,USD,success,pos,D000350,53.66.64.156,debit_card,Kuala Lumpur,"20.922463,107.670312",56,F,2018-01-21,active,0.55,0,0,0,auto_approved,0.152,2022
8e49631f-837d-4367-88e3-4935f4dec02a,U001279,2022-05-30 07:58:57,07:58:57,210151.59,purchase,M00095,USD,success,atm,D001568,45.138.99.142,mobile_wallet,Bangkok,"19.416062,102.354159",39,M,2018-12-22,active,0.53,0,0,0,auto_approved,0.3268,2022
40cebaf8-2ef6-4e66-bd4b-0a31b0876e2e,U000397,2022-12-24 20:47:02,20:47:02,2015983.17,bill_payment,M00470,USD,success,pos,D000709,119.14.237.3,credit_card,Kuala Lumpur,"13.028532,107.512879",68,F,2021-03-01,active,0.69,0,0,0,auto_approved,0.4395,2022
9b186599-8221-40a2-8fc7-366c1f3fef4f,U000224,2022-08-20 14:22:29,14:22:29,713254.91,transfer,M00054,USD,success,mobile,D002853,120.254.166.207,bank_transfer,Da Nang,"10.405495,108.825321",55,M,2016-03-23,active,0.86,0,0,0,auto_approved,0.4199,2022
6c8d4c77-fae5-426a-af20-d8a539cbba78,U000130,2022-01-09 07:36:09,07:36:09,31463.53,transfer,M00046,VND,success,desktop,D000231,26.184.196.254,bank_transfer,Bangkok,"16.263805,103.282666",46,F,2018-04-12,active,0.83,0,1,0,auto_approved,0.6396,2022
33929777-0fb1-4030-ad4c-9fa1645de83b,U000869,2022-01-29 23:54:08,23:54:08,1228036.47,bill_payment,M00235,VND,success,pos,D000468,222.123.137.88,credit_card,Ho Chi Minh City,"13.386454,103.660167",25,M,2021-12-30,active,0.82,0,0,0,auto_approved,0.4452,2022
e433db72-bf19-4628-899c-99352a41609d,U000470,2022-08-09 14:22:12,14:22:12,555671.5,online_payment,M00439,USD,success,desktop,D001052,203.187.78.91,bank_transfer,Da Nang,"11.2261,108.170666",56,F,2016-03-20,blocked,0.87,0,0,0,auto_approved,0.4163,2022
7bf9e772-e467-4005-b42a-561096066dde,U001652,2022-09-23 13:04:04,13:04:04,1829359.44,cash_withdrawal,M00320,VND,success,pos,D002378,104.196.223.238,debit_card,Da Nang,"10.578889,103.612281",55,F,2016-10-09,active,0.54,1,0,0,auto_approved,0.4166,2022
dc250cac-4296-4cdb-b3bf-0742d27be2ca,U000733,2022-11-10 15:15:22,15:15:22,2494860.11,transfer,M00027,VND,success,desktop,D002526,180.140.35.213,credit_card,Da Nang,"9.05948,107.809277",48,M,2021-08-24,active,0.57,0,0,0,auto_approved,0.117,2022
e23e15a5-666a-4729-939d-39237150deaa,U001298,2022-07-13 01:28:30,01:28:30,1205953.32,transfer,M00281,USD,success,desktop,D000630,93.143.195.14,mobile_wallet,Ho Chi Minh City,"21.900864,104.360971",66,F,2017-04-20,active,0.83,2,1,1,pending_review,0.7935,2022
fec99e3b-5f8d-42a7-a71d-e5e52fad16dc,U001485,2022-07-29 20:05:11,20:05:11,533708.65,purchase,M00009,USD,success,pos,D000680,150.185.198.107,debit_card,Ho Chi Minh City,"14.14621,106.628517",34,M,2016-05-20,active,0.91,0,1,0,auto_approved,0.4944,2022
610cec25-e90c-45fa-8dbf-f09caaacd905,U000207,2022-09-14 22:46:09,22:46:09,790711.59,online_payment,M00437,USD,success,pos,D001661,122.134.243.15,credit_card,Singapore,"19.852654,102.841768",56,M,2019-03-09,active,0.85,1,0,0,auto_approved,0.5099,2022
40c9084d-8648-4bd8-9e3f-c1ecffded8c0,U000276,2022-04-08 12:11:41,12:11:41,695509.64,online_payment,M00281,USD,success,mobile,D001680,44.112.218.56,debit_card,Kuala Lumpur,"14.695614,102.462136",43,F,2016-01-21,active,0.54,0,0,0,auto_approved,0.3765,2022
4b93bb81-292d-4c4f-b7db-533be178e383,U001378,2022-12-04 21:44:16,21:44:16,374725.45,online_payment,M00380,USD,success,atm,D001140,45.133.239.135,credit_card,Hanoi,"12.712541,104.073839",27,M,2020-02-12,active,0.74,0,0,0,auto_approved,0.3752,2022
5a6cd920-7603-4d75-8c11-45e76fe07a9c,U000615,2022-09-30 16:50:31,16:50:31,411782.46,transfer,M00163,USD,success,mobile,D002410,246.141.251.59,bank_transfer,Singapore,"10.854833,107.894312",41,F,2020-09-20,active,0.6,0,0,0,auto_approved,0.0566,2022
29c5ca62-1a8c-4c08-a66a-5057b2f05495,U001232,2022-03-17 17:33:21,17:33:21,1983203.04,purchase,M00047,USD,success,pos,D001995,57.56.145.171,bank_transfer,Da Nang,"15.012231,105.765907",69,M,2019-03-24,active,0.84,1,0,0,auto_approved,0.2269,2022
521d10c6-46e3-448d-ab5f-5b4f8c926e5c,U000257,2022-11-13 10:02:10,10:02:10,1777276.27,purchase,M00341,USD,success,mobile,D000630,80.177.215.8,debit_card,Da Nang,"11.210593,102.138572",37,M,2022-03-03,active,0.58,0,0,0,auto_approved,0.3508,2022
04905bc5-6aa9-4455-8545-f2606a69271e,U001227,2022-08-16 20:32:10,20:32:10,35821.65,cash_withdrawal,M00214,VND,success,mobile,D001166,26.4.72.187,credit_card,Da Nang,"17.217638,102.911706",67,F,2020-07-22,active,0.68,0,0,0,auto_approved,0.1724,2022
5b6bed25-41d2-422b-925c-1acd983bd2e4,U001799,2022-03-04 10:52:02,10:52:02,203477.44,transfer,M00217,USD,success,mobile,D001736,34.7.215.204,credit_card,Hanoi,"8.449168,102.630737",58,M,2016-04-21,active,0.45,0,0,0,auto_approved,0.0221,2022
3d7c4b92-83c2-41aa-a6ad-3ef475a9074a,U000904,2022-10-20 15:14:03,15:14:03,2504792.05,bill_payment,M00426,USD,success,desktop,D001865,135.176.29.8,debit_card,Singapore,"12.15401,108.811078",64,F,2017-09-10,active,0.84,0,0,0,auto_approved,0.3762,2022
92a81bba-7e8e-4e75-a526-53624d7d67ee,U001520,2022-10-15 18:50:28,18:50:28,44216.1,online_payment,M00378,VND,success,pos,D000962,61.173.93.109,credit_card,Ho Chi Minh City,"16.304803,106.272154",27,F,2021-05-03,active,0.73,0,0,0,auto_approved,0.3167,2022
3d46c238-3156-4704-84ac-2d2ce61a02df,U000557,2022-01-28 10:42:34,10:42:34,190819.7,cash_withdrawal,M00480,VND,success,pos,D002738,139.114.67.44,bank_transfer,Singapore,"8.408806,105.385469",18,M,2014-03-15,active,0.92,0,0,0,auto_approved,0.4072,2022
cbdcf3d2-3b0c-4eab-a53f-bdcd7c8a52f6,U001775,2022-09-12 07:46:10,07:46:10,315040.7,transfer,M00190,USD,success,pos,D002376,228.161.90.115,bank_transfer,Ho Chi Minh City,"12.97781,104.602315",49,F,2015-08-08,active,0.52,0,0,0,auto_approved,0.2487,2022
6d3fc483-fd44-43a1-bae0-964a15436ebf,U000196,2022-01-24 05:41:41,05:41:41,641879.73,transfer,M00372,USD,success,pos,D000102,250.3.135.99,credit_card,Kuala Lumpur,"12.312728,107.034132",67,F,2018-10-29,active,0.69,0,0,0,auto_approved,0.3509,2022
2705ae16-883f-4480-8df7-515154d31c95,U001520,2022-05-27 00:50:04,00:50:04,254676.68,bill_payment,M00364,VND,success,mobile,D000700,125.112.103.243,debit_card,Singapore,"8.878469,107.412307",40,F,2020-03-11,active,0.97,0,0,0,auto_approved,0.2067,2022
51bae7a9-618c-4485-9c4a-802e0b65060e,U001601,2022-05-12 01:02:50,01:02:50,1003024.03,bill_payment,M00256,VND,success,pos,D000609,106.89.253.187,debit_card,Kuala Lumpur,"12.865329,107.521626",65,F,2019-12-17,active,0.79,1,0,0,auto_approved,0.4929,2022
0b8d090e-2598-42a8-a1ec-8609b1d4e0fb,U000143,2022-01-10 08:29:19,08:29:19,995737.26,cash_withdrawal,M00242,USD,success,pos,D001506,41.20.91.71,bank_transfer,Kuala Lumpur,"11.383715,105.422357",21,M,2019-05-09,active,0.46,0,0,0,auto_approved,0.1828,2022
16657be1-5ee8-478f-a4f4-59431e3a9eee,U000545,2022-12-28 18:37:03,18:37:03,456340.97,bill_payment,M00324,VND,success,pos,D002486,21.189.133.9,credit_card,Bangkok,"14.043243,106.774839",50,F,2020-05-24,active,0.75,0,0,0,auto_approved,0.1567,2022
f73f5c9d-1aed-49c4-b74e-aa58935c42b4,U000792,2022-11-16 08:15:33,08:15:33,1220041.47,purchase,M00169,USD,failed,pos,D000022,200.180.37.171,credit_card,Hanoi,"9.68136,102.451141",42,M,2015-09-30,active,0.52,0,0,0,auto_approved,0.3932,2022
c906709b-1f1c-401c-9960-6b15222588b6,U000349,2022-04-16 03:33:02,03:33:02,939552.07,purchase,M00018,VND,success,desktop,D002568,127.166.29.115,credit_card,Da Nang,"20.488945,105.723189",19,M,2020-02-18,active,0.86,0,0,0,auto_approved,0.3348,2022
35a866f7-c140-4cad-850c-1a467ebad0f3,U000223,2022-10-17 12:36:57,12:36:57,1678027.37,bill_payment,M00064,USD,success,mobile,D001484,86.155.194.225,debit_card,Da Nang,"17.296765,105.507818",44,F,2018-03-31,active,0.54,0,0,0,auto_approved,0.2508,2022
41c50098-b744-45a2-a1ca-4ea0d58dd791,U001642,2022-02-07 21:02:07,21:02:07,258912.91,online_payment,M00046,VND,success,pos,D001718,199.237.85.139,credit_card,Singapore,"16.627847,104.036901",55,M,2015-04-13,active,0.66,0,0,0,auto_approved,0.332,2022
3ef8633b-c071-493a-9e45-f8264cf83dfb,U001176,2022-10-29 21:12:44,21:12:44,1742453.2,cash_withdrawal,M00168,USD,success,mobile,D002404,139.181.9.29,credit_card,Kuala Lumpur,"15.775087,104.459198",67,F,2021-11-22,active,0.52,0,1,0,auto_approved,0.4308,2022
0c0cd246-966b-4f4c-92ca-ffb915f294f4,U000908,2022-04-07 11:06:50,11:06:50,868427.28,purchase,M00495,USD,success,pos,D001048,3.213.25.197,debit_card,Kuala Lumpur,"16.891742,104.169718",27,F,2014-02-20,active,0.89,0,0,0,auto_approved,0.2192,2022
254583d8-29e9-42ec-89a6-abd2ba610c64,U001946,2022-05-08 20:51:02,20:51:02,1183499.98,cash_withdrawal,M00153,VND,success,pos,D000603,164.27.45.50,debit_card,Singapore,"15.602731,103.805288",24,M,2019-01-20,active,0.8,0,1,0,auto_approved,0.5909,2022
e56fb692-20c4-4d9d-8536-1dcb9a3c4dab,U001636,2022-11-16 01:40:26,01:40:26,253478.15,transfer,M00105,USD,success,desktop,D001800,22.194.196.58,credit_card,Singapore,"15.956477,108.726711",64,M,2017-06-07,blocked,0.63,0,0,0,auto_approved,0.0636,2022
573c343e-b07e-4976-b16d-01b244b90249,U001983,2022-12-16 23:03:48,23:03:48,147925.91,cash_withdrawal,M00331,VND,success,desktop,D001581,217.11.219.4,debit_card,Ho Chi Minh City,"14.590833,102.601146",66,M,2020-12-08,active,0.71,0,0,0,auto_approved,0.2328,2022
d0f7f889-0798-425e-86f0-c56a4862234e,U001976,2022-08-01 12:06:56,12:06:56,202295.92,online_payment,M00359,VND,success,desktop,D000125,77.111.130.9,credit_card,Hanoi,"9.494972,102.21684",20,M,2016-06-13,active,0.8,0,0,0,auto_approved,0.2136,2022
3c316d8e-f85e-4241-9f72-d0a9ab6cdce5,U000661,2022-10-09 03:47:24,03:47:24,125846.39,purchase,M00486,VND,success,atm,D002282,204.153.203.79,debit_card,Da Nang,"9.980582,102.700251",21,M,2016-07-09,active,0.59,0,0,0,auto_approved,0.0953,2022
4efeef8f-7452-4dfc-a023-4f161c0358f6,U001632,2022-03-30 07:09:29,07:09:29,2955788.35,online_payment,M00451,VND,success,atm,D000562,151.75.33.219,bank_transfer,Da Nang,"8.116218,106.622805",61,M,2016-06-11,active,0.69,1,0,0,auto_approved,0.2492,2022
eebe2d8b-c3d6-47c1-b26f-2136f0a3800b,U001530,2022-03-25 07:22:58,07:22:58,527631.92,bill_payment,M00285,USD,success,mobile,D000051,82.17.12.97,credit_card,Da Nang,"21.914776,105.887318",36,F,2019-11-19,active,0.46,0,0,0,auto_approved,0.4473,2022
8695cacf-3d37-4896-8300-29262eabc085,U001872,2022-04-16 04:48:32,04:48:32,718077.82,purchase,M00129,USD,failed,pos,D001395,45.169.153.169,mobile_wallet,Hanoi,"18.89101,107.51306",51,F,2016-04-14,active,0.93,0,0,0,auto_approved,0.1528,2022
cebf0179-2b90-4417-9067-028c693d1daf,U001312,2022-03-24 07:41:40,07:41:40,13250.61,bill_payment,M00391,VND,success,atm,D001865,98.81.6.41,debit_card,Ho Chi Minh City,"12.392185,104.752936",65,F,2017-06-02,active,0.55,0,0,0,auto_approved,0.3876,2022
3563c385-e850-488e-a4a0-13b132e3d5a0,U000343,2022-09-26 14:02:51,14:02:51,414976.72,cash_withdrawal,M00449,USD,failed,atm,D002242,4.47.41.196,debit_card,Singapore,"12.146681,106.767364",58,M,2020-02-29,active,0.63,0,0,0,auto_approved,0.424,2022
c5f5cfef-6c20-48c8-8d16-98edb0b38f2d,U001588,2022-12-17 19:36:25,19:36:25,355397.34,online_payment,M00416,VND,success,desktop,D002184,124.102.83.202,credit_card,Bangkok,"10.676084,102.989796",18,F,2016-02-02,active,0.85,0,0,0,auto_approved,0.1149,2022
24341141-4aa9-4f54-b2f9-3c3986729f4a,U000495,2022-10-03 01:49:17,01:49:17,1547014.72,bill_payment,M00071,VND,failed,desktop,D001101,64.102.74.3,credit_card,Hanoi,"17.615015,105.107286",19,M,2019-03-27,active,0.89,0,0,0,auto_approved,0.1025,2022
b13ae71a-9cc6-44b2-a394-fdd4ae633958,U001440,2022-07-17 10:09:33,10:09:33,3255504.93,cash_withdrawal,M00296,USD,success,atm,D001701,5.164.224.104,debit_card,Hanoi,"8.476444,108.146962",24,M,2018-11-13,active,0.77,0,1,0,auto_approved,0.2609,2022
39f4f601-1e3f-4bf4-8658-5801a897cef8,U000824,2022-10-31 20:51:37,20:51:37,132807.95,bill_payment,M00457,VND,success,desktop,D002220,235.32.9.84,bank_transfer,Da Nang,"9.973359,106.464972",25,M,2015-02-18,active,0.77,0,0,0,auto_approved,0.2436,2022
a92b1785-4de8-48a2-9646-0c86d95c2c1d,U001074,2022-07-26 11:55:07,11:55:07,219449.9,online_payment,M00430,VND,success,mobile,D001226,202.156.164.17,bank_transfer,Ho Chi Minh City,"14.442711,104.69429",65,M,2019-12-25,active,0.85,1,1,0,auto_approved,0.6036,2022
7c8ee3dc-94db-4815-9703-34d40d5462f2,U000190,2022-05-21 14:44:30,14:44:30,1068959.13,online_payment,M00055,VND,success,pos,D000926,76.23.55.49,credit_card,Da Nang,"11.537626,102.989622",18,F,2022-03-20,active,0.82,0,0,0,auto_approved,0.4114,2022
fb4a5434-2066-4419-ae60-c9bdd278887b,U000918,2022-03-19 21:21:28,21:21:28,821629.08,bill_payment,M00024,USD,success,mobile,D001282,48.40.218.55,debit_card,Hanoi,"12.159085,104.936795",49,M,2014-05-15,active,0.65,0,0,0,auto_approved,0.4167,2022
b51d1f74-cec2-443f-8059-f1d45ffae1c8,U000648,2022-10-13 02:55:37,02:55:37,336178.61,purchase,M00046,USD,success,pos,D001204,86.21.124.202,bank_transfer,Bangkok,"13.169894,105.165028",46,F,2016-06-30,active,0.69,0,0,0,auto_approved,0.1648,2022
900a90e3-ff5b-477e-b3e9-afadb398a807,U000633,2022-12-08 20:14:03,20:14:03,755989.4,bill_payment,M00344,VND,success,desktop,D000999,33.55.79.20,credit_card,Ho Chi Minh City,"17.30887,103.426294",24,M,2016-10-31,active,0.8,2,1,0,auto_approved,0.0998,2022
e5d286ea-b30a-4e48-ac3f-10d3ca3b6ebd,U001645,2022-05-03 16:50:22,16:50:22,388100.86,online_payment,M00026,USD,success,atm,D000997,130.83.233.201,bank_transfer,Hanoi,"20.365374,102.004557",27,F,2018-11-11,active,0.85,0,0,0,auto_approved,0.2037,2022
8463d939-fb71-4a28-b3f0-544e0d42c5fc,U000458,2022-04-11 20:07:52,20:07:52,1153822.4,purchase,M00207,VND,success,pos,D001008,83.212.220.150,debit_card,Bangkok,"9.319733,107.592461",49,M,2017-01-09,active,0.55,1,0,0,auto_approved,0.47,2022
a3903df1-7626-445b-8cb9-6ad3b1dcaed7,U001695,2022-02-03 19:42:35,19:42:35,2349658.46,cash_withdrawal,M00039,VND,success,pos,D000275,248.162.45.96,bank_transfer,Da Nang,"14.148637,104.28012",70,F,2017-10-03,blocked,0.67,2,1,0,auto_approved,0.6875,2022
0d6a740b-4ce1-4a25-ae85-770d179d9a2d,U001776,2022-12-18 19:44:23,19:44:23,2186493.3,transfer,M00430,USD,success,pos,D002830,251.62.99.120,mobile_wallet,Singapore,"18.311301,105.115679",29,M,2022-04-22,active,0.59,0,0,0,auto_approved,0.2573,2022
ce960e12-d247-4b96-a927-20d921c7cbaa,U001650,2022-04-09 22:08:10,22:08:10,388963.3,transfer,M00218,VND,success,pos,D002537,204.238.36.251,debit_card,Da Nang,"16.272467,107.226059",33,F,2014-12-18,active,0.46,0,0,0,auto_approved,0.2764,2022
35090d16-aeca-4b26-a851-432891bbdc15,U000586,2022-10-21 02:50:03,02:50:03,1724306.9,cash_withdrawal,M00016,USD,success,mobile,D001260,55.10.54.138,bank_transfer,Bangkok,"12.391896,103.139567",57,F,2021-08-24,active,0.97,0,0,0,auto_approved,0.0114,2022
1e90ab88-4e3a-47cb-a906-550a8fee8fa5,U000391,2022-08-16 10:04:31,10:04:31,318495.15,transfer,M00182,USD,failed,pos,D002320,78.215.94.231,debit_card,Ho Chi Minh City,"10.815821,107.616848",38,M,2018-08-10,active,0.47,0,0,0,auto_approved,0.2358,2022
486bfd03-8a3b-4cf4-a749-db14906500a5,U000368,2022-04-08 21:01:21,21:01:21,241472.05,purchase,M00469,VND,success,desktop,D000200,230.69.206.219,mobile_wallet,Kuala Lumpur,"15.450355,106.078892",50,F,2018-05-18,blocked,0.81,0,0,0,auto_approved,0.4346,2022
25f24860-910e-4863-8004-d3f6e4dc0b33,U001267,2022-07-28 06:57:56,06:57:56,545160.37,cash_withdrawal,M00433,USD,success,mobile,D001546,246.209.64.6,mobile_wallet,Bangkok,"8.316818,103.951223",24,M,2016-03-14,active,0.75,0,0,0,auto_approved,0.0876,2022
ce9b7bbb-38ab-4ae7-9a7b-d4a03c8c657e,U001807,2022-02-06 20:48:19,20:48:19,426922.2,bill_payment,M00261,VND,success,desktop,D000948,90.87.86.206,mobile_wallet,Kuala Lumpur,"12.631268,102.697657",33,F,2021-03-31,active,0.62,0,0,0,auto_approved,0.2971,2022
af77bffc-e0ef-44be-bd14-e884d2ee88f8,U001540,2022-01-14 13:09:47,13:09:47,105892.22,transfer,M00024,VND,success,desktop,D002786,29.106.245.177,mobile_wallet,Ho Chi Minh City,"9.792909,107.742981",18,F,2013-11-02,active,0.71,0,0,0,auto_approved,0.295,2022
895e6a48-0292-4be6-9c5d-ae768ce0628e,U001053,2022-09-14 12:49:44,12:49:44,901476.94,transfer,M00147,USD,success,pos,D002933,18.124.146.200,mobile_wallet,Da Nang,"15.369983,108.780224",38,M,2019-07-31,active,0.73,0,0,0,auto_approved,0.0315,2022
200973ee-ceeb-4f2e-91b1-856c61919d5f,U000147,2022-06-28 14:49:15,14:49:15,506165.53,cash_withdrawal,M00288,USD,success,atm,D001973,202.214.226.106,debit_card,Singapore,"8.310231,107.93398",54,F,2015-04-13,active,0.66,0,0,0,auto_approved,0.2829,2022
ccf2dc07-2b3d-4ed5-b4a1-c814bf28ecba,U001775,2022-07-15 21:15:42,21:15:42,68609.54,online_payment,M00261,VND,failed,mobile,D002033,225.129.223.190,bank_transfer,Bangkok,"13.426086,108.929717",24,F,2014-12-27,active,0.83,0,1,0,auto_approved,0.3257,2022
436a1e7c-2731-4823-a853-525ac06ee2d8,U000780,2022-08-05 00:50:59,00:50:59,134912.75,purchase,M00437,USD,success,atm,D001829,93.205.62.225,bank_transfer,Ho Chi Minh City,"17.373256,104.390112",31,F,2019-10-17,active,0.77,0,0,0,auto_approved,0.042,2022
95d0014c-d587-4e4e-8752-78ec32ce2b0e,U001335,2022-08-04 19:55:59,19:55:59,97951.75,transfer,M00382,USD,success,mobile,D000525,157.8.62.19,credit_card,Kuala Lumpur,"9.320191,107.456327",68,M,2021-12-09,active,0.75,0,0,0,auto_approved,0.1286,2022
3159a0a0-4a0b-44cf-8a55-f4b1188e0965,U000694,2022-10-31 20:36:02,20:36:02,26821.59,online_payment,M00379,USD,success,atm,D002412,136.135.22.74,debit_card,Kuala Lumpur,"11.178286,104.780163",20,M,2019-07-08,active,0.68,2,1,0,auto_approved,0.2029,2022
07e5f124-b152-4580-990a-fb8b38ebadc9,U000189,2022-02-20 11:43:31,11:43:31,830430.51,purchase,M00376,USD,failed,atm,D001947,62.98.174.21,debit_card,Da Nang,"20.056288,108.587058",32,F,2018-02-14,active,0.66,0,0,0,auto_approved,0.4159,2022
70143238-ab62-4779-b4da-851a7941c5dc,U000750,2022-08-17 08:10:10,08:10:10,389591.07,cash_withdrawal,M00146,VND,success,pos,D002295,31.117.156.1,bank_transfer,Da Nang,"19.223222,105.593429",29,F,2021-01-03,active,0.65,0,0,0,auto_approved,0.0963,2022
7417df35-51dc-471f-b9c2-96753cc693d2,U000570,2022-02-02 08:13:18,08:13:18,210995.85,bill_payment,M00018,USD,success,atm,D002157,87.230.249.194,credit_card,Singapore,"21.433646,107.605393",62,F,2014-11-13,active,0.69,0,0,0,auto_approved,0.2403,2022
32e4b5e2-0389-46f9-94d9-c4b8f8874732,U000211,2022-05-12 00:54:20,00:54:20,1009026.64,bill_payment,M00122,USD,success,mobile,D001022,239.138.195.38,debit_card,Kuala Lumpur,"16.060972,104.353148",50,F,2014-05-02,active,0.79,0,0,0,auto_approved,0.3664,2022
a7c0a517-05df-4c63-b341-fe07517ac66b,U000320,2022-10-30 00:56:40,00:56:40,146383.82,purchase,M00142,USD,success,mobile,D001086,33.251.86.40,bank_transfer,Ho Chi Minh City,"16.237831,105.943769",61,M,2016-08-17,active,0.67,0,0,0,auto_approved,0.0936,2022
20c3a92b-d4c6-44c8-a339-02b2d472d1cc,U000571,2022-07-27 10:55:01,10:55:01,2600643.26,bill_payment,M00023,USD,success,mobile,D000197,54.120.253.241,bank_transfer,Da Nang,"15.879401,107.101423",45,M,2021-11-12,active,0.74,0,0,0,auto_approved,0.2208,2022
b471ccf1-6954-458d-8b4e-1560a87f31b9,U001231,2022-10-21 16:04:36,16:04:36,630449.08,online_payment,M00399,VND,success,pos,D001686,145.154.252.241,mobile_wallet,Hanoi,"13.567605,107.634456",36,M,2022-07-15,active,0.99,0,0,0,auto_approved,0.2608,2022
a9b966be-a675-44ae-9b54-57c430d0819c,U000569,2022-12-19 15:55:31,15:55:31,216923.13,cash_withdrawal,M00445,USD,success,mobile,D001853,178.125.26.210,debit_card,Da Nang,"16.591018,107.543745",24,M,2015-09-16,active,0.9,0,0,0,auto_approved,0.3265,2022
04e90969-52e9-4d8e-9c5f-3b8699729add,U000200,2022-07-01 22:20:27,22:20:27,880284.04,purchase,M00418,USD,success,desktop,D001168,199.90.107.115,credit_card,Da Nang,"15.162407,103.061628",21,M,2021-07-20,active,0.65,0,0,0,auto_approved,0.1397,2022
e132fc36-b031-411e-98f3-6204b26950d7,U000611,2022-11-12 12:06:03,12:06:03,745814.98,bill_payment,M00155,USD,success,pos,D002726,228.34.81.96,credit_card,Singapore,"15.634787,105.427163",29,M,2015-07-26,blocked,0.84,0,0,0,auto_approved,0.2701,2022
c2703718-975b-4186-87ae-f4fb8fce8e45,U000905,2022-09-21 02:01:36,02:01:36,93010.07,purchase,M00012,USD,success,pos,D003000,220.56.121.167,debit_card,Da Nang,"10.480333,105.865746",31,M,2014-08-25,active,0.57,0,0,0,auto_approved,0.2601,2022
537257f7-115a-4b58-9b14-30ae0c9960fd,U001300,2022-07-08 00:07:12,00:07:12,401669.48,cash_withdrawal,M00269,VND,success,desktop,D001935,247.29.66.54,credit_card,Hanoi,"19.947535,106.94087",22,M,2017-09-30,active,0.83,0,0,0,auto_approved,0.0651,2022
f291dfcf-98b4-4eab-865d-0c47e6fab3fd,U000185,2022-08-15 21:22:06,21:22:06,78334.4,bill_payment,M00342,VND,success,desktop,D001900,73.180.99.213,credit_card,Ho Chi Minh City,"17.027346,108.470541",40,M,2014-06-29,active,0.67,1,0,0,auto_approved,0.3196,2022
33167a86-adb8-4c21-9b11-47dc597d71d4,U000170,2022-06-21 18:44:17,18:44:17,1134183.03,purchase,M00419,USD,success,mobile,D000493,204.174.231.223,mobile_wallet,Singapore,"10.740726,108.958125",69,M,2015-02-20,active,0.52,0,0,0,auto_approved,0.1257,2022
1e12baf7-c85d-4c25-b968-95c8768c3a9f,U001901,2022-06-09 07:17:45,07:17:45,534138.61,purchase,M00048,USD,success,pos,D000080,195.190.235.90,debit_card,Bangkok,"9.092848,103.724961",47,F,2014-07-17,active,0.59,0,0,0,auto_approved,0.0437,2022
febed361-6b97-429d-875e-ab57b212f3fd,U000494,2022-01-04 03:16:05,03:16:05,980692.51,online_payment,M00235,VND,failed,pos,D002556,208.209.59.45,mobile_wallet,Kuala Lumpur,"14.833598,105.906357",66,F,2019-10-27,blocked,0.71,0,0,0,auto_approved,0.1692,2022
3e68754e-7fad-442a-b05d-474f4eec8c1a,U001710,2022-01-16 16:05:01,16:05:01,1370723.51,cash_withdrawal,M00449,VND,success,atm,D001615,189.254.228.231,mobile_wallet,Da Nang,"14.217329,106.596444",46,M,2018-03-12,active,0.88,0,0,0,auto_approved,0.4221,2022
58ebad27-f997-4c37-abd3-03a34d4d6b42,U000628,2022-08-01 15:10:44,15:10:44,68456.87,purchase,M00241,VND,failed,desktop,D000233,26.124.165.111,mobile_wallet,Da Nang,"17.584974,105.396508",34,M,2017-07-05,active,0.83,0,0,0,auto_approved,0.2582,2022
d2b3f1c7-1582-4ef2-97b2-3cd269a4f27c,U001850,2022-04-23 05:08:56,05:08:56,6274.98,cash_withdrawal,M00100,USD,success,pos,D001438,103.143.3.225,credit_card,Bangkok,"20.036052,103.640793",40,F,2019-12-02,active,0.46,0,0,0,auto_approved,0.3878,2022
63fca19c-5b12-4617-bbaa-340bd6da314c,U000294,2022-02-26 01:07:34,01:07:34,1283852.84,transfer,M00208,VND,success,desktop,D002670,234.8.53.232,credit_card,Kuala Lumpur,"16.837337,108.839892",31,F,2014-06-01,active,0.88,0,0,0,auto_approved,0.0641,2022
83b91dfb-f677-48b0-bd9c-1d57276808eb,U000464,2022-04-13 05:37:21,05:37:21,469803.23,purchase,M00109,USD,success,desktop,D002025,134.3.25.165,bank_transfer,Singapore,"21.553886,104.35545",39,F,2018-04-07,active,0.55,0,0,0,auto_approved,0.2208,2022
be3271a7-4c19-46d5-a7ad-aeeb72e15040,U000027,2022-12-24 18:14:31,18:14:31,855960.1,cash_withdrawal,M00416,USD,success,mobile,D000862,52.222.193.187,debit_card,Hanoi,"12.310997,108.981894",20,F,2017-03-10,active,0.51,0,1,0,auto_approved,0.3439,2022
21fb9054-48dc-462b-8b5b-3664043bb051,U000354,2022-11-20 11:27:44,11:27:44,1402958.86,purchase,M00373,VND,success,pos,D001487,154.117.146.125,bank_transfer,Singapore,"13.896113,104.051514",30,F,2019-04-16,active,0.65,0,0,0,auto_approved,0.1688,2022
94154833-9d24-4fcc-8074-5900e96482fb,U000957,2022-03-05 19:49:00,19:49:00,1455502.32,transfer,M00154,USD,success,desktop,D000161,202.225.236.219,bank_transfer,Hanoi,"13.470085,102.762066",41,M,2017-02-06,active,0.93,0,0,0,auto_approved,0.2332,2022
1f02d734-9158-4461-a085-7ee5edc809ce,U001255,2022-08-02 09:54:15,09:54:15,57084.51,purchase,M00014,USD,success,pos,D001839,91.123.137.175,debit_card,Kuala Lumpur,"11.462075,106.288867",42,F,2022-03-07,active,0.79,0,0,0,auto_approved,0.4242,2022
f9232dfe-b6ea-4a8a-90d7-23502996e868,U001888,2022-05-14 23:15:05,23:15:05,253625.77,cash_withdrawal,M00080,USD,success,mobile,D002441,202.194.1.26,mobile_wallet,Hanoi,"12.701208,104.264893",46,F,2021-02-03,active,1.0,0,0,0,auto_approved,0.2299,2022
3a013db1-ae34-4531-8f84-6668ca478b28,U000183,2022-10-10 17:34:02,17:34:02,2274303.49,cash_withdrawal,M00498,USD,success,desktop,D000396,254.40.204.202,debit_card,Singapore,"10.918304,106.44578",70,F,2020-10-09,active,0.62,1,1,1,pending_review,0.6923,2022
ec66df7f-11a9-4800-8b81-dea461576ed4,U001213,2022-07-05 03:17:46,03:17:46,962497.85,online_payment,M00345,USD,success,atm,D000736,145.105.8.211,credit_card,Bangkok,"20.537173,108.228725",37,F,2019-10-30,active,0.46,0,1,1,pending_review,0.4249,2022
cc20ce69-bc35-4856-b3a6-2bd17c9b4d3d,U001249,2022-09-03 07:43:42,07:43:42,392160.83,purchase,M00316,VND,success,mobile,D001126,120.199.254.23,debit_card,Hanoi,"21.966471,105.778035",31,M,2021-06-25,active,0.67,0,0,0,auto_approved,0.0928,2022
ed3dceb9-67bd-4ad3-ab60-c470bd476831,U001692,2022-09-25 02:29:17,02:29:17,940983.68,online_payment,M00483,VND,success,pos,D001418,17.215.159.192,debit_card,Bangkok,"17.665799,105.076409",45,M,2018-11-27,active,0.79,0,0,0,auto_approved,0.1596,2022
15da9e2a-ba21-4a41-acb6-75548d3d2158,U000198,2022-06-25 04:46:42,04:46:42,1310954.94,online_payment,M00034,USD,success,mobile,D000967,196.46.179.131,credit_card,Hanoi,"8.612518,108.471894",50,F,2015-12-25,active,0.59,1,0,0,auto_approved,0.4082,2022
9fc35b7c-c528-435c-bea2-0e92010b888e,U000300,2022-06-14 08:53:09,08:53:09,381983.18,cash_withdrawal,M00396,USD,success,desktop,D002288,236.194.12.29,credit_card,Hanoi,"19.767127,106.031576",43,M,2017-06-20,active,0.94,0,0,0,auto_approved,0.2148,2022
c851fc2a-5e72-4099-a1a1-e7da0ccd33b2,U001807,2022-02-08 07:10:06,07:10:06,4205981.26,online_payment,M00016,VND,success,mobile,D000986,21.69.216.178,credit_card,Kuala Lumpur,"8.200609,107.62513",51,M,2017-12-12,active,0.63,1,1,0,auto_approved,0.5447,2022
cfd5308e-4571-4140-9a18-6ca667ffe8af,U000029,2022-07-22 19:04:48,19:04:48,375611.78,cash_withdrawal,M00291,VND,success,pos,D001425,185.49.50.230,bank_transfer,Singapore,"19.970664,105.821247",21,M,2021-04-04,active,0.79,0,0,0,auto_approved,0.1047,2022
71326d17-4fac-418a-aa6c-38b4da0b670b,U001227,2022-09-21 16:17:24,16:17:24,226092.12,transfer,M00187,VND,success,pos,D001955,20.116.87.99,mobile_wallet,Ho Chi Minh City,"17.035206,107.081875",64,F,2020-03-31,active,0.86,0,1,1,pending_review,0.4088,2022
297bf3b7-deda-41f3-8263-38426e1b668b,U000521,2022-09-15 00:20:01,00:20:01,137557.43,purchase,M00301,USD,success,atm,D001996,129.114.53.143,bank_transfer,Kuala Lumpur,"8.245651,102.529048",20,M,2021-09-12,active,0.52,0,0,0,auto_approved,0.0531,2022
03dca818-85d9-45c2-b283-e87d01cd260a,U000971,2022-12-24 08:26:58,08:26:58,1603250.01,purchase,M00168,USD,success,pos,D002799,206.101.152.73,mobile_wallet,Bangkok,"17.702247,105.671091",25,M,2022-10-22,active,0.66,0,0,0,auto_approved,0.4366,2022
2419c7f4-2e5a-4526-8fee-d6611b8f70f4,U000446,2022-03-15 16:19:18,16:19:18,519207.22,cash_withdrawal,M00430,VND,success,pos,D000538,52.145.140.14,debit_card,Singapore,"9.783408,104.770262",41,M,2014-11-21,blocked,0.97,1,0,0,auto_approved,0.1719,2022
6fd5e87b-cc2d-42ec-9dee-d9666c231f5a,U001507,2022-06-15 20:20:30,20:20:30,746906.09,cash_withdrawal,M00224,USD,success,desktop,D002489,135.131.215.84,bank_transfer,Kuala Lumpur,"12.188569,102.188249",34,F,2022-03-30,active,0.61,0,0,0,auto_approved,0.1989,2022
ce8cf878-c715-4b2e-981f-e93d12ee71b5,U001169,2022-02-06 09:23:27,09:23:27,1349.28,transfer,M00244,USD,success,pos,D000615,4.160.142.163,mobile_wallet,Hanoi,"16.221955,106.566483",20,F,2018-04-22,active,0.65,0,1,0,auto_approved,0.3956,2022
2385f485-99ff-4b5c-a43a-31e71cf937da,U000659,2022-01-31 09:32:34,09:32:34,1388884.6,online_payment,M00094,VND,success,mobile,D002261,239.71.49.3,mobile_wallet,Hanoi,"16.73255,106.517083",39,M,2016-07-17,active,0.82,0,0,0,auto_approved,0.3218,2022
1ae38742-3404-4041-a8fb-eb4c88edf54e,U000745,2022-03-23 12:21:49,12:21:49,206142.29,transfer,M00245,VND,success,atm,D000744,63.117.128.104,debit_card,Singapore,"14.256461,105.512369",32,F,2014-08-11,active,0.52,0,0,0,auto_approved,0.1819,2022
9b1b11ee-67c0-483e-8e01-94484d30d0df,U001918,2022-12-05 08:45:40,08:45:40,1425999.65,cash_withdrawal,M00215,VND,success,pos,D002008,7.136.133.194,debit_card,Bangkok,"8.78904,107.768808",44,F,2021-12-20,active,0.56,0,1,1,pending_review,0.4581,2022
e51df8e3-3c8b-46e0-a095-d40c344df6e7,U000627,2022-08-07 18:35:48,18:35:48,273122.72,transfer,M00067,USD,success,atm,D002774,127.135.36.47,mobile_wallet,Ho Chi Minh City,"21.627004,108.020686",39,F,2016-05-23,active,0.7,0,1,0,auto_approved,0.377,2022
dc6c3d85-cbae-44d4-b6ad-b15b260ed39e,U000652,2022-05-29 11:51:33,11:51:33,1061552.85,bill_payment,M00147,USD,success,atm,D002164,130.95.163.163,debit_card,Singapore,"16.882191,104.954176",56,M,2020-09-11,active,0.56,0,0,0,auto_approved,0.2769,2022
e29f8285-9c12-46a0-ba92-0f1bdde39b5b,U001823,2022-05-07 20:22:52,20:22:52,76242.3,online_payment,M00195,VND,success,desktop,D000649,151.180.43.21,debit_card,Singapore,"21.049177,106.634275",18,F,2020-04-27,active,0.9,0,0,0,auto_approved,0.0173,2022
3269816b-0677-40ca-9cb3-1c146b8f2596,U001619,2022-07-18 17:09:12,17:09:12,778176.21,transfer,M00259,USD,success,atm,D000879,77.189.222.137,bank_transfer,Bangkok,"12.922707,107.446265",42,M,2018-06-01,active,0.89,0,0,0,auto_approved,0.4157,2022
e9da2cf6-4270-45f5-a42c-4ea3e34278f7,U000076,2022-11-12 00:29:26,00:29:26,903114.95,bill_payment,M00355,VND,pending,desktop,D000780,41.219.13.7,mobile_wallet,Kuala Lumpur,"17.107421,108.589153",49,F,2020-05-20,under_review,0.53,1,0,0,auto_approved,0.2068,2022
3624d2ec-9044-432f-8938-9e526c259ff7,U001272,2022-06-14 20:27:47,20:27:47,388236.77,purchase,M00447,VND,success,desktop,D002304,141.227.30.101,credit_card,Ho Chi Minh City,"21.723467,108.148905",22,M,2018-05-16,active,0.59,0,0,0,auto_approved,0.377,2022
ef596ccf-7e3a-405c-b565-06c8e4cddb79,U001088,2022-03-26 18:48:15,18:48:15,534862.74,transfer,M00434,USD,success,mobile,D001744,90.142.61.174,debit_card,Bangkok,"19.674417,103.429115",21,F,2021-09-11,blocked,0.7,0,1,1,pending_review,0.625,2022
fa2a2d3f-b7d2-454a-96a3-769b374e066c,U000014,2022-07-07 21:55:11,21:55:11,759013.76,cash_withdrawal,M00466,USD,success,mobile,D001292,159.71.125.205,mobile_wallet,Hanoi,"15.114198,107.809128",23,F,2016-11-07,active,0.62,0,0,0,auto_approved,0.3554,2022
63305b78-3c85-4e5f-bf17-b22d14cf5b14,U000468,2022-03-22 10:51:49,10:51:49,448950.14,bill_payment,M00274,VND,success,mobile,D000393,148.14.194.115,credit_card,Da Nang,"15.789876,106.513141",66,M,2015-08-08,active,0.53,0,0,0,auto_approved,0.31,2022
7d585430-0799-49b6-9a43-a3d1108acc0e,U000663,2022-07-21 10:29:15,10:29:15,170406.77,bill_payment,M00304,VND,success,pos,D002379,71.85.126.58,bank_transfer,Kuala Lumpur,"20.386353,108.150587",49,M,2014-07-10,active,0.7,0,0,0,auto_approved,0.315,2022
771ebc6d-879a-4858-b4d5-cce9e35dcdc2,U000314,2022-12-21 22:13:28,22:13:28,626642.33,cash_withdrawal,M00208,USD,success,mobile,D001929,53.170.229.133,mobile_wallet,Singapore,"9.043581,108.814216",52,M,2021-05-04,active,0.51,0,0,0,auto_approved,0.3665,2022
5d702781-51df-477f-9b01-f436476b65c9,U001941,2022-10-23 05:10:58,05:10:58,1849843.11,cash_withdrawal,M00082,USD,success,desktop,D001090,134.253.240.192,bank_transfer,Da Nang,"9.999385,107.910883",43,M,2021-07-22,active,0.81,0,0,0,auto_approved,0.3852,2022
1e8d5289-d834-46bf-a96b-7a1088e2a4e0,U000649,2022-06-17 20:37:19,20:37:19,3238902.45,transfer,M00256,USD,pending,pos,D001334,115.250.22.86,debit_card,Kuala Lumpur,"12.551106,108.349721",23,F,2015-09-08,active,0.76,0,1,0,auto_approved,0.3045,2022
36f7dac9-aae0-4202-9f47-469995d1c818,U000925,2022-11-09 01:20:45,01:20:45,61689.82,cash_withdrawal,M00244,VND,success,atm,D000932,224.43.18.48,mobile_wallet,Singapore,"10.828769,106.507685",43,F,2019-01-13,under_review,0.86,0,0,0,auto_approved,0.0732,2022
105ae8dc-3507-42f3-919d-e03ab770324c,U000162,2022-02-02 17:39:24,17:39:24,824194.52,cash_withdrawal,M00207,USD,success,pos,D000025,37.21.91.135,credit_card,Hanoi,"16.66329,103.237106",54,M,2017-04-27,active,0.88,0,0,0,auto_approved,0.2174,2022
2bc2ac75-2fe4-4dcc-b66d-90e950e1e482,U001548,2022-11-08 03:39:17,03:39:17,3251729.4,transfer,M00469,USD,failed,desktop,D000133,229.25.202.56,debit_card,Bangkok,"17.758606,108.896436",42,M,2015-06-20,active,0.81,2,1,1,pending_review,0.765,2022
74e127c1-3d3b-49f6-a99e-725b38c25a37,U000909,2022-05-31 11:02:14,11:02:14,30724.34,online_payment,M00265,USD,success,atm,D000805,189.146.70.50,debit_card,Ho Chi Minh City,"11.358895,103.150631",39,M,2020-10-30,active,0.89,1,0,0,auto_approved,0.2582,2022
5b06f736-8af0-42c0-a8f9-9367e3aa8cfc,U001112,2022-01-10 09:33:17,09:33:17,1018672.45,bill_payment,M00252,USD,success,atm,D001597,189.214.67.155,mobile_wallet,Da Nang,"8.683233,102.671733",66,M,2014-02-21,active,0.51,0,0,0,auto_approved,0.3567,2022
c1013c14-8445-4c14-8837-12ed60c29c32,U001281,2022-07-27 17:59:09,17:59:09,3442.63,bill_payment,M00222,USD,success,desktop,D001045,217.30.237.195,credit_card,Bangkok,"8.783049,103.622971",21,M,2018-01-14,active,0.55,0,0,0,auto_approved,0.2767,2022
087ee765-f3db-4f61-9a06-1a1dcb1762a1,U001416,2022-07-28 02:04:12,02:04:12,95115.91,purchase,M00062,VND,success,pos,D000283,232.246.76.254,credit_card,Ho Chi Minh City,"16.082824,107.804664",62,M,2021-08-31,active,0.97,0,0,0,auto_approved,0.0658,2022
1b4d847e-64bd-461b-9458-4a980bdd08da,U000695,2022-03-14 13:56:44,13:56:44,771835.46,transfer,M00357,USD,success,desktop,D002872,199.99.202.201,credit_card,Da Nang,"10.058006,108.505741",22,M,2016-08-16,active,0.78,0,0,0,auto_approved,0.1168,2022
3265bf75-51ff-4d52-9b1d-5ca25849a0f8,U000825,2022-10-24 05:31:44,05:31:44,2024971.14,cash_withdrawal,M00287,USD,success,atm,D002197,165.151.22.193,debit_card,Da Nang,"12.285732,102.153621",27,F,2020-12-19,active,0.73,0,0,0,auto_approved,0.3965,2022
bc5b0281-6854-41f3-9dc4-3f8a51b99a83,U001029,2022-04-16 19:09:10,19:09:10,1059104.81,purchase,M00087,VND,pending,atm,D000715,150.2.237.206,bank_transfer,Ho Chi Minh City,"12.152199,107.117033",45,F,2015-05-22,active,0.84,0,0,0,auto_approved,0.4258,2022
501c3734-b031-4f29-a5b0-ee4bf806db23,U000807,2022-04-24 22:42:29,22:42:29,444389.92,online_payment,M00217,USD,success,desktop,D000855,112.74.152.6,credit_card,Ho Chi Minh City,"10.242227,107.063376",32,F,2018-03-30,active,0.99,0,0,0,auto_approved,0.0609,2022
4bca215e-ab0f-417c-800f-509bbd736b18,U000159,2022-10-07 18:11:45,18:11:45,454361.59,online_payment,M00254,USD,success,pos,D002270,132.236.145.22,credit_card,Singapore,"16.165161,106.037924",40,F,2015-11-25,active,0.84,0,0,0,auto_approved,0.1378,2022
e5bd43f7-10a0-45d4-bd8c-fd2d626d4de2,U000249,2022-08-23 14:34:00,14:34:00,606077.25,purchase,M00026,USD,success,pos,D000709,57.252.60.224,credit_card,Bangkok,"11.340957,106.700235",60,M,2021-09-07,active,0.89,1,0,0,auto_approved,0.5118,2022
e1cefc59-4206-4c8a-9895-b85b8141656e,U000803,2022-03-11 09:11:51,09:11:51,1197144.42,bill_payment,M00352,VND,success,pos,D001255,233.95.178.199,bank_transfer,Da Nang,"14.041307,102.656659",43,F,2018-10-12,active,0.98,0,0,0,auto_approved,0.2351,2022
6f638419-56c4-4cde-a8e6-ef28d57e3b0d,U000251,2022-01-26 22:27:08,22:27:08,422232.31,transfer,M00034,VND,success,desktop,D001024,182.203.218.152,bank_transfer,Bangkok,"11.692226,106.299059",36,F,2020-05-06,active,0.61,0,0,0,auto_approved,0.1462,2022
4dc7c1d1-8025-46bd-aba7-efbdf84abacb,U001212,2022-09-14 10:32:01,10:32:01,1360701.85,bill_payment,M00068,VND,success,pos,D002682,253.63.145.229,credit_card,Ho Chi Minh City,"14.667308,108.101375",55,M,2020-11-13,active,0.94,0,1,0,auto_approved,0.1928,2022
061aac21-1500-463b-9b34-8ad6f38e8f75,U001173,2022-05-20 22:36:28,22:36:28,3094643.9,online_payment,M00445,USD,success,pos,D000887,221.82.53.117,credit_card,Ho Chi Minh City,"15.676962,103.780864",45,M,2015-07-17,active,0.64,0,1,0,auto_approved,0.4599,2022
344927bd-e334-4b7a-984b-8d447d4e5ee2,U000298,2022-04-17 20:17:11,20:17:11,1287056.66,cash_withdrawal,M00088,USD,failed,pos,D000730,184.137.45.212,mobile_wallet,Da Nang,"10.217694,107.629912",47,F,2021-01-30,active,0.79,0,0,0,auto_approved,0.1384,2022
08722a65-df39-4749-9cd7-7e9388f15e9a,U001594,2022-05-25 04:54:28,04:54:28,473741.8,purchase,M00287,USD,success,mobile,D002416,142.215.210.36,mobile_wallet,Ho Chi Minh City,"19.124656,102.188273",32,F,2015-02-09,active,0.82,2,1,0,auto_approved,0.636,2022
7a6a45f7-7bef-4601-9747-c026314bcdf2,U001421,2022-12-07 08:38:51,08:38:51,578818.46,bill_payment,M00003,USD,success,desktop,D000773,88.187.44.31,bank_transfer,Singapore,"14.775766,108.010267",64,F,2017-03-28,active,0.52,0,0,0,auto_approved,0.0153,2022
54207f26-e90d-4f60-936b-c5adef6049c7,U001914,2022-07-06 09:35:16,09:35:16,793486.26,cash_withdrawal,M00027,USD,success,pos,D002859,92.67.163.250,debit_card,Singapore,"11.486734,107.837374",69,M,2020-04-14,active,0.67,0,0,0,auto_approved,0.031,2022
e26c155a-2ee1-4e3a-be2f-c16e607b1145,U000441,2022-04-09 19:28:46,19:28:46,56401.31,purchase,M00115,USD,success,mobile,D000372,85.231.249.164,debit_card,Kuala Lumpur,"21.151807,103.356085",21,F,2018-12-02,active,0.88,0,0,0,auto_approved,0.0415,2022
b9c4daa0-e0e0-432c-adb0-6cc2e9882ff9,U001613,2022-09-28 02:03:15,02:03:15,1030003.14,purchase,M00274,USD,success,mobile,D001198,194.191.181.178,bank_transfer,Bangkok,"19.584765,102.127191",36,M,2019-07-05,active,0.94,0,0,0,auto_approved,0.3518,2022
3b75a471-4626-4481-bb7c-5667176813a4,U000240,2022-08-30 18:01:33,18:01:33,784079.1,cash_withdrawal,M00180,VND,success,atm,D002088,240.247.109.112,mobile_wallet,Bangkok,"14.964982,106.599991",51,M,2015-01-10,active,0.96,0,0,0,auto_approved,0.1899,2022
6e4080f6-ce1f-4d1f-b944-3aca683e1f65,U001371,2022-12-07 01:00:13,01:00:13,787295.41,transfer,M00015,USD,success,mobile,D001135,180.94.195.218,bank_transfer,Kuala Lumpur,"21.106593,107.464257",57,M,2022-07-13,active,0.93,0,0,0,auto_approved,0.1188,2022
726ffb8c-b6e0-4158-b08d-c277272bdd65,U001167,2022-12-16 11:31:08,11:31:08,1082701.17,bill_payment,M00210,VND,success,pos,D002695,165.253.74.32,bank_transfer,Da Nang,"12.484227,108.580685",33,M,2017-12-27,active,0.88,0,1,1,pending_review,0.4693,2022
17bbc9c1-641e-4f88-9049-d96c52e1b47f,U001370,2022-10-20 17:22:59,17:22:59,1111061.35,bill_payment,M00203,VND,failed,desktop,D000766,39.185.28.156,credit_card,Ho Chi Minh City,"20.520565,104.844436",20,M,2017-12-08,active,0.69,0,0,0,auto_approved,0.269,2022
503ce92e-130a-41f7-b826-ac80bf690da8,U001229,2022-12-30 17:23:18,17:23:18,1701979.89,cash_withdrawal,M00345,USD,success,pos,D002297,252.231.68.16,bank_transfer,Da Nang,"13.496052,103.232966",24,M,2021-12-02,active,0.93,0,0,0,auto_approved,0.0962,2022
4df2b8d8-4401-412a-8c6c-1fc4c2a1e7a4,U000955,2022-02-18 01:37:41,01:37:41,1630344.63,bill_payment,M00053,USD,success,desktop,D002394,231.59.161.218,mobile_wallet,Kuala Lumpur,"15.910177,105.75073",22,F,2017-12-02,active,0.59,0,0,0,auto_approved,0.1106,2022
97975c95-7e14-405a-828b-b0e1dea3783d,U000204,2022-08-05 01:14:05,01:14:05,183974.74,online_payment,M00496,USD,success,mobile,D002640,39.211.246.155,credit_card,Ho Chi Minh City,"13.917976,102.79866",38,F,2014-08-25,active,0.68,0,0,0,auto_approved,0.283,2022
3301a02a-85fe-4e80-bb9a-272b41e1a1ee,U001546,2022-02-22 00:15:55,00:15:55,3144458.26,online_payment,M00008,USD,success,atm,D001473,173.55.1.77,credit_card,Hanoi,"11.184564,103.39946",53,F,2015-04-18,active,0.58,1,1,1,pending_review,0.4192,2022
408d9cc8-b710-4cba-ad83-f2319ddc54bd,U001613,2022-11-23 03:20:23,03:20:23,2212615.31,transfer,M00442,VND,failed,atm,D001682,70.48.217.222,debit_card,Kuala Lumpur,"18.105789,107.371108",46,F,2015-02-18,active,0.86,0,0,0,auto_approved,0.4098,2022
4fcb5540-67ce-46ac-9e92-d67cf8270bbd,U000785,2022-04-04 12:09:59,12:09:59,578681.07,transfer,M00150,USD,success,pos,D000614,180.71.190.217,bank_transfer,Bangkok,"18.177521,108.373007",53,F,2015-07-03,active,0.83,0,0,0,auto_approved,0.2611,2022
c71e9b60-2fc2-4d50-af41-ddfc6582892a,U001269,2022-06-14 21:54:45,21:54:45,829084.26,cash_withdrawal,M00482,VND,success,mobile,D000333,126.177.112.150,credit_card,Kuala Lumpur,"16.706955,108.044589",67,F,2020-10-21,active,0.6,0,0,0,auto_approved,0.0952,2022
d0d23405-fa0c-4836-9a44-71873a2e3be2,U001236,2022-09-22 01:43:52,01:43:52,730904.95,cash_withdrawal,M00075,VND,success,pos,D001317,240.56.237.236,mobile_wallet,Bangkok,"15.704718,104.226485",32,M,2020-01-24,active,0.52,0,0,0,auto_approved,0.3063,2022
d3002376-63cc-4f93-a397-b393814438b7,U001012,2022-01-10 09:34:45,09:34:45,858412.29,cash_withdrawal,M00152,VND,failed,atm,D001728,112.1.150.226,debit_card,Singapore,"17.650066,104.133705",26,M,2015-04-24,active,0.95,0,0,0,auto_approved,0.1097,2022
bd775cc8-fb20-403e-8a9b-61ed4bffd630,U001939,2022-01-02 04:27:09,04:27:09,472453.13,cash_withdrawal,M00322,USD,success,atm,D002343,127.91.10.156,mobile_wallet,Kuala Lumpur,"10.369173,105.564547",57,F,2017-10-29,active,0.9,0,0,0,auto_approved,0.1257,2022
a7ebdbc3-45cf-4433-a8f3-4f3be4c4f45b,U000665,2022-03-28 15:50:28,15:50:28,491686.83,cash_withdrawal,M00183,VND,success,atm,D001429,112.134.239.171,credit_card,Bangkok,"21.636829,106.184086",69,M,2017-04-29,active,0.7,0,0,0,auto_approved,0.3336,2022
58ac2ab9-225d-4dc2-92eb-626244ffb983,U000552,2022-10-07 06:58:24,06:58:24,302665.68,cash_withdrawal,M00011,VND,success,mobile,D002331,226.0.230.137,mobile_wallet,Da Nang,"9.871357,106.743119",54,M,2017-08-11,active,0.83,0,0,0,auto_approved,0.2046,2022
bd3fffd9-a62e-451d-ac0a-613396efd931,U001528,2022-04-19 11:45:11,11:45:11,820781.75,online_payment,M00432,USD,success,atm,D002896,159.118.197.25,mobile_wallet,Singapore,"14.20819,105.717916",27,F,2021-08-10,active,0.89,0,0,0,auto_approved,0.3696,2022
25a539e2-ef49-47ba-adfd-625cd04eae3c,U000703,2022-02-16 04:25:14,04:25:14,1736983.45,bill_payment,M00481,VND,success,mobile,D000606,31.37.154.33,credit_card,Singapore,"10.762391,102.934086",61,F,2013-12-26,active,0.71,0,0,0,auto_approved,0.0631,2022
80b977b1-cebd-41d2-96f5-d65b39d43455,U000426,2022-09-23 23:32:47,23:32:47,220945.5,transfer,M00486,USD,success,pos,D001190,141.223.37.245,debit_card,Kuala Lumpur,"13.82869,104.954666",53,F,2015-12-16,active,0.8,0,0,0,auto_approved,0.1652,2022
29bc9b3d-93cc-4e47-bbe1-dd2f7e119a77,U001043,2022-04-14 15:10:42,15:10:42,1038025.51,transfer,M00179,USD,success,desktop,D002429,219.168.188.25,credit_card,Hanoi,"14.03111,103.481189",65,F,2020-12-02,active,0.88,0,0,0,auto_approved,0.3245,2022
20daf05e-c68b-47da-81fe-32367ccff463,U000825,2022-01-24 14:50:12,14:50:12,324618.56,bill_payment,M00224,USD,success,mobile,D001413,209.116.1.185,mobile_wallet,Ho Chi Minh City,"14.079195,107.02102",38,F,2018-02-21,active,0.78,0,0,0,auto_approved,0.1561,2022
9b0e6e07-5094-40da-809a-4579aa02f231,U001382,2022-12-29 00:19:07,00:19:07,687204.57,purchase,M00272,USD,success,atm,D000969,176.126.160.61,credit_card,Kuala Lumpur,"17.038136,104.054777",53,M,2016-06-14,active,0.81,0,0,0,auto_approved,0.085,2022
521986b9-6d69-47d0-ad56-3fb0f3658527,U001354,2022-10-31 19:11:09,19:11:09,1614277.88,transfer,M00224,VND,success,pos,D002896,217.23.110.152,credit_card,Ho Chi Minh City,"21.686557,102.838851",21,F,2020-01-18,active,0.67,0,0,0,auto_approved,0.202,2022
005f8049-1080-44af-bad6-1a4aa744f307,U000319,2022-01-30 12:36:14,12:36:14,2228559.08,bill_payment,M00181,VND,success,atm,D001676,197.36.205.82,mobile_wallet,Da Nang,"17.224602,107.335941",52,F,2017-05-19,active,0.93,0,0,0,auto_approved,0.1872,2022
bddef147-ed18-4382-93db-9c3798c020c7,U000644,2022-03-24 07:27:17,07:27:17,1041069.06,purchase,M00433,USD,success,desktop,D001187,100.103.122.146,debit_card,Bangkok,"11.781562,107.070779",65,M,2020-07-28,active,0.91,0,0,0,auto_approved,0.4375,2022
8c6081c3-f8d2-4f4d-b8b3-4b915aae6e19,U000136,2022-12-10 11:14:56,11:14:56,561562.93,online_payment,M00008,VND,success,mobile,D001749,38.63.123.67,bank_transfer,Singapore,"13.09981,107.890356",36,F,2016-10-08,active,0.69,0,0,0,auto_approved,0.0652,2022
2821348e-30bd-423a-a8f6-bc7fe696ed54,U000330,2022-06-06 00:27:23,00:27:23,421530.66,bill_payment,M00472,USD,success,desktop,D002254,122.99.90.90,bank_transfer,Bangkok,"17.640212,106.333182",49,M,2022-05-02,active,0.86,0,0,0,auto_approved,0.1776,2022
d99cdb07-47b2-4d7e-a91b-0fdae919434f,U000247,2022-08-04 08:18:53,08:18:53,1524569.22,cash_withdrawal,M00178,USD,success,pos,D000191,172.47.40.50,debit_card,Singapore,"12.403631,102.217016",38,M,2019-05-30,active,0.59,0,0,0,auto_approved,0.3579,2022
9b085500-38a5-43da-9c04-657132592c48,U000821,2022-12-31 02:58:42,02:58:42,1197313.18,cash_withdrawal,M00219,VND,success,desktop,D001532,89.213.84.153,debit_card,Hanoi,"11.147174,103.254274",56,F,2015-10-09,active,0.81,0,0,0,auto_approved,0.0515,2022
6d3d021c-a75b-494c-a936-b13ed2623456,U000655,2022-11-11 16:46:40,16:46:40,1561972.18,online_payment,M00271,USD,success,mobile,D002492,38.9.242.155,debit_card,Ho Chi Minh City,"17.355027,104.921089",34,F,2017-12-23,active,0.84,0,0,0,auto_approved,0.1538,2022
0097f910-c9ba-4b9d-83d4-e0c103522742,U001846,2022-04-09 05:09:10,05:09:10,197388.68,transfer,M00384,USD,success,pos,D001861,237.184.105.165,bank_transfer,Bangkok,"12.503101,107.823941",23,M,2014-04-20,under_review,0.92,0,0,0,auto_approved,0.1044,2022
0d80e7ed-2b24-4bb4-bdd2-2d162e02a50b,U001016,2022-10-25 20:43:59,20:43:59,1465477.6,purchase,M00111,VND,pending,atm,D001464,91.109.25.228,debit_card,Bangkok,"13.448167,102.337155",59,M,2015-03-03,active,0.58,0,0,0,auto_approved,0.4299,2022
94bc906c-38af-44dd-a389-3bc0902f2abc,U001731,2022-11-24 22:49:34,22:49:34,356623.52,cash_withdrawal,M00085,USD,success,pos,D001091,203.208.96.189,debit_card,Hanoi,"16.434872,107.433171",65,M,2021-01-31,active,0.69,0,0,0,auto_approved,0.2387,2022
3346a810-04db-4bdc-8446-927678579126,U001221,2022-05-20 06:29:20,06:29:20,350619.26,cash_withdrawal,M00293,USD,success,mobile,D000499,215.59.215.18,debit_card,Bangkok,"15.61696,104.664115",20,F,2018-11-03,active,1.0,0,0,0,auto_approved,0.247,2022
f5a945e4-6896-4005-bb72-aeca1812d94b,U000435,2022-09-21 01:52:38,01:52:38,600703.4,transfer,M00103,VND,success,atm,D000534,11.180.75.94,debit_card,Kuala Lumpur,"10.192588,107.93661",31,M,2014-09-21,active,0.89,0,0,0,auto_approved,0.3546,2022
4d3be900-ea1a-4d63-aace-cc609bf9eca8,U000668,2022-01-28 08:27:35,08:27:35,1675946.52,transfer,M00243,VND,success,pos,D001229,80.34.143.207,credit_card,Bangkok,"18.411388,102.557835",32,M,2015-06-02,active,0.78,0,0,0,auto_approved,0.1007,2022
a4c617e7-6df1-4850-83af-d0f5a440eb25,U000650,2022-02-13 22:33:43,22:33:43,107928.39,online_payment,M00286,VND,success,mobile,D001232,247.223.64.177,mobile_wallet,Ho Chi Minh City,"21.949666,102.007004",25,M,2018-02-06,active,0.84,0,0,0,auto_approved,0.036,2022
ec1e730a-a4f0-4a47-b94d-659515972bda,U001339,2022-08-22 22:09:57,22:09:57,246765.47,transfer,M00452,VND,success,desktop,D001117,20.229.114.174,mobile_wallet,Hanoi,"15.575852,104.752752",38,M,2020-06-30,active,0.57,0,0,0,auto_approved,0.2405,2022
9841dbca-9116-442e-bc3e-bdc41b3ccb7f,U000114,2022-12-21 04:43:57,04:43:57,755930.0,purchase,M00417,USD,pending,pos,D000091,124.24.9.104,mobile_wallet,Da Nang,"9.974361,104.60541",37,F,2017-09-18,active,0.94,0,0,0,auto_approved,0.3998,2022
b930d3ef-cd4b-41ea-bb4f-5c8dceae1818,U000044,2022-03-28 11:22:02,11:22:02,1608167.75,online_payment,M00018,VND,success,atm,D001675,198.119.111.169,mobile_wallet,Ho Chi Minh City,"12.835037,107.139303",50,M,2016-06-19,active,0.83,0,0,0,auto_approved,0.2345,2022
87f7045c-00dc-43c8-b7e7-a6e893f7ad5e,U000176,2022-10-08 22:04:11,22:04:11,853597.0,bill_payment,M00141,USD,success,mobile,D000965,99.43.194.97,credit_card,Bangkok,"20.943074,104.122969",27,F,2017-08-16,active,0.52,0,0,0,auto_approved,0.0143,2022
7a723170-1a74-4d2d-8671-f789786654d4,U000665,2022-03-07 15:12:45,15:12:45,72676.61,cash_withdrawal,M00395,VND,success,desktop,D000420,186.166.253.155,mobile_wallet,Ho Chi Minh City,"19.323557,106.216017",48,F,2014-01-15,active,0.76,0,0,0,auto_approved,0.3958,2022
2b04689d-5d76-4b8b-bae9-7f638909f045,U000285,2022-04-26 16:37:16,16:37:16,40048.34,bill_payment,M00028,USD,success,atm,D001429,206.114.53.178,bank_transfer,Ho Chi Minh City,"8.856948,106.306986",67,F,2020-12-07,under_review,0.72,0,0,0,auto_approved,0.4235,2022
d3701c5b-66ef-416a-bfe1-8f218a7410a2,U001287,2022-04-06 12:19:41,12:19:41,46229.28,transfer,M00027,VND,success,atm,D001210,40.250.166.18,debit_card,Da Nang,"9.500528,103.937799",39,F,2021-02-06,active,0.7,1,0,0,auto_approved,0.3034,2022
7b90b602-9547-420e-9ce9-549794d5f724,U000929,2022-12-06 09:06:04,09:06:04,506692.82,bill_payment,M00057,USD,success,pos,D002644,79.79.22.109,bank_transfer,Bangkok,"21.00404,106.69818",38,M,2021-02-13,active,0.97,0,0,0,auto_approved,0.2006,2022
cc6446a1-fb28-4eb9-a3df-2c51b60ac301,U001555,2022-05-18 23:26:12,23:26:12,218416.71,online_payment,M00352,USD,success,mobile,D000559,120.171.193.167,bank_transfer,Bangkok,"9.975872,102.411918",47,F,2016-08-28,active,0.64,0,0,0,auto_approved,0.3517,2022
948c7113-e728-41cf-b564-4632808e9332,U000232,2022-02-26 20:54:24,20:54:24,830198.73,bill_payment,M00102,USD,failed,pos,D001694,117.6.71.84,mobile_wallet,Ho Chi Minh City,"11.029735,105.718859",43,M,2021-09-29,active,0.47,0,0,0,auto_approved,0.3851,2022
ca486f1c-3e2b-4ac4-82b1-f165ed4da3a7,U001863,2022-11-11 22:35:47,22:35:47,1731468.24,cash_withdrawal,M00334,USD,failed,atm,D002151,174.199.138.122,mobile_wallet,Hanoi,"19.889691,103.773168",26,M,2022-08-20,active,0.85,0,0,0,auto_approved,0.4475,2022
d90a094a-b6db-470b-ba45-7e596960d897,U001027,2022-10-02 02:36:54,02:36:54,488676.04,online_payment,M00095,USD,success,atm,D001207,129.67.143.98,bank_transfer,Da Nang,"13.731336,106.926507",20,F,2019-02-22,active,0.75,0,0,0,auto_approved,0.3907,2022
491e276c-7874-4547-a740-010c797d2bc9,U001689,2022-08-29 04:26:41,04:26:41,314405.89,purchase,M00357,USD,success,atm,D002049,147.28.222.151,debit_card,Hanoi,"19.458781,108.351623",37,F,2016-08-18,active,0.72,0,0,0,auto_approved,0.0921,2022
ef7ce85d-dd8c-4afe-8a85-29e0900fa1bb,U000848,2022-08-09 03:38:25,03:38:25,396268.82,transfer,M00003,VND,success,pos,D001659,141.173.180.133,debit_card,Singapore,"8.821806,106.191878",37,F,2015-04-14,active,0.93,0,0,0,auto_approved,0.2453,2022
8d993e89-e8f9-4930-aae4-b30badb16d8d,U000858,2022-05-21 10:48:35,10:48:35,3442596.71,online_payment,M00279,USD,success,mobile,D001200,81.17.95.50,debit_card,Singapore,"19.227992,103.581553",30,M,2016-10-09,active,0.86,0,1,0,auto_approved,0.5757,2022
069b345f-3d4c-45dd-9fd2-c1c024eccda3,U001000,2022-06-18 01:10:43,01:10:43,142342.9,online_payment,M00263,USD,success,desktop,D002956,160.156.0.238,credit_card,Ho Chi Minh City,"11.525073,104.273719",24,M,2020-03-31,active,0.81,0,0,0,auto_approved,0.0606,2022
e2be0dee-6a84-4957-b069-97d42ceb390a,U001059,2022-11-27 05:25:10,05:25:10,885287.18,transfer,M00147,VND,success,atm,D002763,135.239.173.72,credit_card,Ho Chi Minh City,"14.268984,102.528323",57,F,2018-12-31,active,0.73,0,0,0,auto_approved,0.0412,2022
8443fa6c-918f-4c54-85d6-12689a06c032,U001557,2022-08-19 11:18:27,11:18:27,1449191.51,purchase,M00348,USD,success,atm,D002682,75.18.0.212,credit_card,Bangkok,"17.58032,103.241325",41,F,2015-08-16,active,0.46,0,0,0,auto_approved,0.0977,2022
df169032-3ae8-44ab-9ef1-adb910316faf,U000819,2022-07-30 19:52:10,19:52:10,562200.67,purchase,M00325,VND,success,mobile,D000386,24.52.87.35,debit_card,Hanoi,"19.120509,103.766038",60,F,2016-06-09,active,0.73,0,0,0,auto_approved,0.1969,2022
09dde3db-5239-43c2-a6bd-7a9789002429,U000545,2022-06-21 10:48:53,10:48:53,410762.47,purchase,M00044,USD,success,pos,D000226,85.40.250.14,debit_card,Kuala Lumpur,"11.57339,106.528699",30,M,2015-06-07,active,0.46,0,1,0,auto_approved,0.3003,2022
82c857b5-251b-4190-9996-e7007d8faa62,U001197,2022-07-26 13:36:47,13:36:47,1471763.08,cash_withdrawal,M00274,VND,success,desktop,D000287,108.6.39.19,mobile_wallet,Singapore,"13.892521,102.004462",32,M,2015-03-20,active,0.65,1,0,0,auto_approved,0.4606,2022
4d37ae34-d326-4720-9302-c0fde68c588b,U001074,2022-02-27 16:54:54,16:54:54,1412706.72,online_payment,M00319,USD,success,desktop,D002369,44.73.233.160,credit_card,Singapore,"19.191237,105.495642",65,M,2016-10-31,active,0.93,0,0,0,auto_approved,0.2762,2022
30eebc6c-e054-435e-b348-caeb92f46388,U001589,2022-06-09 13:01:51,13:01:51,1161102.35,cash_withdrawal,M00006,USD,success,atm,D002443,135.78.7.224,credit_card,Ho Chi Minh City,"18.780695,102.579601",18,F,2016-12-16,active,0.46,1,0,0,auto_approved,0.3629,2022
3ba5892c-6b4c-49a8-90d4-9b2b6a2da516,U000076,2022-09-16 05:11:55,05:11:55,1945705.55,cash_withdrawal,M00207,USD,success,atm,D001347,133.75.243.29,mobile_wallet,Da Nang,"21.992121,103.474587",30,M,2018-04-30,active,0.95,0,0,0,auto_approved,0.2706,2022
7f625362-6290-4430-ad59-4dfafb38e167,U001730,2022-11-30 07:50:40,07:50:40,1202437.69,bill_payment,M00486,VND,success,mobile,D001902,244.225.123.245,debit_card,Hanoi,"15.352699,102.059927",66,M,2021-12-07,under_review,0.78,0,0,0,auto_approved,0.2797,2022
13a80ef1-3b66-47a5-8772-28595c44564f,U001166,2022-03-02 08:59:39,08:59:39,178301.23,cash_withdrawal,M00337,USD,success,mobile,D000343,16.70.218.79,debit_card,Bangkok,"13.317909,105.789168",22,F,2021-10-27,active,0.57,0,0,0,auto_approved,0.3508,2022
11831e85-2a20-4806-b564-413ea7a9024f,U001141,2022-08-14 11:37:36,11:37:36,935294.05,online_payment,M00331,VND,success,atm,D000293,195.115.227.218,bank_transfer,Ho Chi Minh City,"9.804905,104.558229",40,M,2015-10-07,active,0.61,0,0,0,auto_approved,0.05,2022
b9e2d8f7-482e-4c5b-bc52-15a5ec79dd15,U000505,2022-11-09 15:54:29,15:54:29,71148.87,transfer,M00307,USD,pending,desktop,D001611,102.97.38.15,mobile_wallet,Ho Chi Minh City,"8.800949,107.694391",33,F,2015-03-21,active,0.95,0,0,0,auto_approved,0.1867,2022
ae4b1e68-1a62-4ab5-8225-4e340f8fd8ff,U001545,2022-06-30 05:36:58,05:36:58,135562.44,cash_withdrawal,M00184,USD,success,desktop,D001927,137.78.45.120,debit_card,Hanoi,"19.656903,107.73999",62,F,2020-02-08,active,0.95,0,0,0,auto_approved,0.3114,2022
ffe4bc80-ca8f-412e-a3ae-28bfb587d765,U000838,2022-05-18 05:05:08,05:05:08,1432558.49,online_payment,M00390,VND,success,pos,D002513,195.130.43.137,debit_card,Da Nang,"10.89985,103.203556",19,M,2015-02-22,active,0.6,0,0,0,auto_approved,0.261,2022
c36e1372-edf6-473a-8c82-069839c6362b,U001472,2022-05-23 00:45:13,00:45:13,25976.56,purchase,M00040,VND,success,mobile,D000492,19.224.116.174,credit_card,Da Nang,"11.829505,105.693961",28,M,2014-12-19,active,0.97,0,0,0,auto_approved,0.1872,2022
cd1ff3d8-6429-44c8-83b9-bf5cc39f6fea,U001226,2022-03-26 07:28:21,07:28:21,2904076.69,transfer,M00268,VND,failed,pos,D001089,98.52.96.74,bank_transfer,Bangkok,"9.817989,108.46814",56,M,2016-01-08,active,0.54,0,0,0,auto_approved,0.4286,2022
07db6fe0-8ef4-4b34-9520-e5bd9fbb1d41,U001044,2022-07-02 04:06:15,04:06:15,584633.13,purchase,M00489,USD,success,pos,D002127,253.157.152.213,bank_transfer,Hanoi,"9.158822,107.795866",41,M,2020-01-30,active,0.56,0,0,0,auto_approved,0.0152,2022
9a2ab337-ea45-4be0-8912-f5598ffc4e6e,U001480,2022-09-17 11:27:48,11:27:48,469725.16,transfer,M00480,VND,success,mobile,D000376,156.152.245.218,debit_card,Da Nang,"14.40715,107.539539",24,M,2017-08-28,active,0.48,0,0,0,auto_approved,0.2728,2022
5ad95e05-28c5-4362-9b24-bc9ab0e71efa,U001885,2022-01-18 22:44:35,22:44:35,727010.7,online_payment,M00195,USD,success,desktop,D000508,252.91.55.123,credit_card,Hanoi,"14.360731,102.426587",51,M,2019-03-06,active,0.98,0,0,0,auto_approved,0.1209,2022
fbdb1459-3ca8-4010-8cb5-4c4e9f51e7d1,U001546,2022-04-27 02:06:36,02:06:36,1480469.4,transfer,M00470,VND,success,pos,D000633,33.29.238.56,bank_transfer,Da Nang,"15.516213,107.23181",19,F,2016-11-11,active,0.51,0,0,0,auto_approved,0.4392,2022
cfc87453-6af8-4d5a-90d6-c5a6d3409339,U000928,2022-08-15 08:42:17,08:42:17,1236027.21,purchase,M00153,USD,success,desktop,D001546,90.252.8.214,debit_card,Kuala Lumpur,"17.448323,107.234664",18,M,2021-05-30,active,0.81,2,1,0,auto_approved,0.225,2022
ed47abf3-1d49-48be-be19-aab976a607c1,U000219,2022-04-07 04:56:37,04:56:37,73290.55,online_payment,M00462,USD,success,mobile,D000880,197.241.182.87,credit_card,Hanoi,"12.4455,104.425986",25,M,2016-04-16,active,0.66,0,0,0,auto_approved,0.082,2022
04f571d2-e945-47cc-bed6-edb16e92c628,U001116,2022-05-21 12:22:23,12:22:23,240966.38,bill_payment,M00447,USD,success,atm,D000091,119.66.203.244,debit_card,Hanoi,"11.703427,103.399565",51,F,2016-01-04,active,0.99,0,0,0,auto_approved,0.2822,2022
1765429a-6084-4f91-8a90-2ed98e350141,U000894,2022-07-01 05:48:13,05:48:13,2781571.67,bill_payment,M00466,VND,success,atm,D001885,139.88.198.30,debit_card,Singapore,"15.989663,103.997873",35,M,2017-01-25,active,0.58,0,0,0,auto_approved,0.072,2022
3dba2eda-997f-49cc-aa1c-4815a85538da,U001828,2022-03-20 19:55:02,19:55:02,217812.41,bill_payment,M00092,VND,success,desktop,D000975,69.128.39.25,debit_card,Da Nang,"14.492847,105.896919",66,M,2018-08-15,active,0.58,1,0,0,auto_approved,0.5163,2022
100e621e-cd29-44ee-a015-63248b69bc42,U001246,2022-08-25 02:53:51,02:53:51,187938.6,online_payment,M00040,USD,success,atm,D002181,235.140.3.146,debit_card,Hanoi,"16.142194,103.940059",61,F,2017-11-20,active,0.88,0,0,0,auto_approved,0.0362,2022
17a50e82-eaef-48a7-a447-43159112b8dd,U000269,2022-03-27 05:46:54,05:46:54,194996.75,purchase,M00295,VND,success,mobile,D002911,194.1.201.225,mobile_wallet,Hanoi,"17.91716,106.922966",44,M,2017-06-29,active,0.99,0,0,0,auto_approved,0.1211,2022
864c08e6-37a2-4bbe-9c2f-9ae6313cdc49,U000989,2022-08-25 16:07:37,16:07:37,93853.24,transfer,M00500,USD,success,pos,D000122,196.233.75.253,bank_transfer,Ho Chi Minh City,"12.75418,107.43657",49,M,2017-11-20,active,0.9,0,0,0,auto_approved,0.1892,2022
5da672fa-4801-46a5-a760-e904372b4dfe,U001157,2022-03-22 13:06:55,13:06:55,2132669.69,bill_payment,M00248,USD,success,pos,D001574,128.230.0.76,bank_transfer,Kuala Lumpur,"8.200868,105.031885",52,F,2021-06-27,active,0.55,0,0,0,auto_approved,0.363,2022
31b7906d-6e42-4332-ad7c-e2fdb6366431,U000803,2022-05-04 20:28:08,20:28:08,215458.66,bill_payment,M00205,USD,success,mobile,D000228,184.68.203.141,bank_transfer,Da Nang,"11.109379,106.58197",20,M,2018-02-25,active,0.46,0,0,0,auto_approved,0.2365,2022
146aae6f-6395-44a5-b332-7d6cc396c462,U001028,2022-09-26 09:17:38,09:17:38,432003.55,online_payment,M00415,VND,success,pos,D000585,255.174.167.185,credit_card,Bangkok,"12.567861,108.309738",29,M,2015-07-18,active,0.7,2,1,0,auto_approved,0.2403,2022
68a487d2-8007-41b1-9fd7-fe7cce1a80e0,U001313,2022-09-15 01:13:38,01:13:38,616199.58,bill_payment,M00007,VND,success,pos,D000122,173.78.40.143,debit_card,Kuala Lumpur,"19.395022,106.220476",59,M,2015-02-02,active,0.83,0,0,0,auto_approved,0.1664,2022
6e146740-cc70-4ba1-a945-11086c90be65,U001709,2022-07-11 01:44:55,01:44:55,704868.4,bill_payment,M00155,VND,success,desktop,D001210,157.180.182.201,mobile_wallet,Da Nang,"14.413441,105.204597",39,F,2022-05-09,active,0.47,0,0,0,auto_approved,0.3526,2022
9a0fc9f5-be39-49c6-8c7a-b5d9be4e2b96,U000759,2022-07-26 07:13:22,07:13:22,426349.76,transfer,M00283,VND,success,atm,D002572,50.164.46.164,bank_transfer,Bangkok,"18.879559,102.833381",40,F,2018-08-07,active,0.47,0,0,0,auto_approved,0.4356,2022
58aec8f6-2432-4973-a421-d7f421eb38ec,U000409,2022-10-03 17:18:33,17:18:33,1045122.72,cash_withdrawal,M00279,VND,success,atm,D000053,184.48.173.48,mobile_wallet,Singapore,"11.655286,106.073302",55,F,2019-11-22,active,0.6,0,0,0,auto_approved,0.0306,2022
87b3475f-ca32-41cf-a370-d453c346e47c,U000018,2022-09-16 14:10:42,14:10:42,376432.98,bill_payment,M00361,VND,success,pos,D001385,176.12.111.35,credit_card,Da Nang,"16.976208,108.873241",44,F,2018-06-25,active,0.58,0,0,0,auto_approved,0.389,2022
2295bbdc-5fe1-4e7e-a31c-efe52a49a9a3,U001678,2022-03-05 13:04:22,13:04:22,47482.63,purchase,M00484,USD,success,atm,D001725,120.119.35.163,debit_card,Kuala Lumpur,"12.201483,105.251981",21,F,2017-01-09,active,0.97,0,0,0,auto_approved,0.2669,2022
f9bda2d2-2731-42f1-a516-2bc407514769,U001408,2022-09-15 10:39:49,10:39:49,1006599.98,bill_payment,M00356,VND,success,pos,D000251,32.50.25.145,mobile_wallet,Singapore,"17.753935,108.011393",68,F,2017-07-18,active,0.69,0,0,0,auto_approved,0.0981,2022
c41ab8d4-0c1c-4a1a-ba51-32721a2d8847,U001450,2022-12-26 03:16:06,03:16:06,51568.34,bill_payment,M00450,USD,success,desktop,D000210,123.109.188.121,debit_card,Singapore,"10.041321,103.736278",42,F,2014-11-21,active,0.74,0,0,0,auto_approved,0.4369,2022
cfffb14d-1255-4674-b768-18a091c45fba,U001987,2022-03-08 19:45:55,19:45:55,2329281.78,purchase,M00251,VND,success,desktop,D002571,143.154.165.12,credit_card,Hanoi,"20.854972,103.500451",68,M,2015-09-16,active,0.76,0,0,0,auto_approved,0.1683,2022
b2388a45-21c4-4969-ab27-ae1391ae5960,U000986,2022-10-24 10:09:40,10:09:40,37855.23,purchase,M00323,USD,success,atm,D002260,133.153.52.83,mobile_wallet,Kuala Lumpur,"11.061131,106.889798",62,F,2019-11-22,active,0.98,0,1,0,auto_approved,0.5718,2022
f6d4ea8c-c397-4dfc-ab43-92a872dd9746,U000763,2022-10-30 21:50:57,21:50:57,259787.77,purchase,M00010,VND,failed,pos,D002065,230.119.8.146,debit_card,Ho Chi Minh City,"10.602296,102.197678",51,M,2017-02-11,active,0.73,0,0,0,auto_approved,0.0502,2022
18e706b8-fc9d-44e4-8761-bd231045650a,U001423,2022-03-22 05:43:07,05:43:07,435584.77,bill_payment,M00110,USD,success,pos,D002997,251.136.78.113,debit_card,Singapore,"18.164445,102.191989",38,M,2014-12-19,blocked,0.65,1,0,0,auto_approved,0.3498,2022
6b285fde-0d55-4ea3-9105-d1dbe910f8c6,U001075,2022-09-09 05:11:20,05:11:20,503214.36,transfer,M00019,VND,success,pos,D001193,71.19.168.76,mobile_wallet,Singapore,"10.766382,104.200315",47,F,2015-03-16,active,0.94,0,0,0,auto_approved,0.0274,2022
3c1c12b2-4b98-478b-8cb3-73d274f28a4a,U000688,2022-07-12 10:24:47,10:24:47,41869.65,purchase,M00018,USD,success,desktop,D002445,54.40.163.84,debit_card,Hanoi,"16.616541,106.784338",54,F,2015-08-26,under_review,0.98,0,1,0,auto_approved,0.592,2022
7bc770bb-2903-4c1d-84bb-6e2e500a0c6a,U000458,2022-06-24 23:34:36,23:34:36,1403492.83,online_payment,M00284,USD,success,atm,D001804,125.99.201.13,credit_card,Hanoi,"8.134358,103.721237",55,M,2020-12-10,active,0.87,1,1,0,auto_approved,0.3769,2022
0370e7ad-b698-449b-8841-ef7e12109615,U000071,2022-03-29 20:33:29,20:33:29,469676.06,bill_payment,M00212,VND,success,mobile,D000764,199.188.129.5,bank_transfer,Bangkok,"9.278877,102.662044",53,M,2015-09-03,active,0.76,0,0,0,auto_approved,0.0858,2022
a27bf664-3867-41ab-bbda-59aad944d6c7,U001458,2022-05-04 05:07:02,05:07:02,1547849.29,bill_payment,M00421,VND,success,mobile,D001054,54.183.234.138,bank_transfer,Singapore,"9.033009,108.306111",62,F,2018-06-07,blocked,0.78,0,0,0,auto_approved,0.3172,2022
c2837239-da1d-4a69-a28f-409d1150853e,U000809,2022-05-17 14:31:58,14:31:58,527599.41,purchase,M00421,VND,success,mobile,D001107,186.54.8.220,debit_card,Singapore,"16.265984,105.540626",62,M,2020-06-01,active,0.68,0,0,0,auto_approved,0.2068,2022
dfa8d1db-be0f-4794-bb1c-16a6632b6088,U000290,2022-11-15 16:35:42,16:35:42,590488.79,bill_payment,M00498,USD,success,desktop,D001252,211.251.19.151,credit_card,Da Nang,"15.098661,104.812409",60,M,2018-06-04,active,0.57,0,0,0,auto_approved,0.4433,2022
bc21921b-151f-4395-9df6-33f20a19572b,U001936,2022-06-09 10:56:32,10:56:32,96631.28,cash_withdrawal,M00414,USD,success,mobile,D002354,107.119.48.62,debit_card,Kuala Lumpur,"9.820157,107.059287",63,F,2015-11-26,blocked,0.88,1,0,0,auto_approved,0.1876,2022
7eb6abb8-79f2-4b40-92d2-fabc6dd8fa35,U001701,2022-06-21 15:43:25,15:43:25,506886.97,cash_withdrawal,M00387,USD,success,pos,D001940,215.182.244.252,bank_transfer,Kuala Lumpur,"20.846593,107.278651",47,F,2021-04-14,active,0.89,1,0,0,auto_approved,0.1828,2022
39c84ebe-c141-4393-863e-8c93904d9a6e,U001241,2022-02-17 04:24:22,04:24:22,795420.64,bill_payment,M00035,VND,success,atm,D000999,68.22.248.107,mobile_wallet,Bangkok,"13.229046,108.100795",61,F,2021-02-08,active,0.73,0,0,0,auto_approved,0.3278,2022
50e2ef0e-d5bb-49eb-baba-a1c94b74fe53,U000141,2022-02-10 19:10:34,19:10:34,715893.58,cash_withdrawal,M00224,USD,success,atm,D001499,150.253.34.122,bank_transfer,Singapore,"15.662233,105.112499",65,F,2019-02-02,active,0.73,0,1,0,auto_approved,0.2398,2022
92e6a7ab-c5e2-488c-96cf-b0a8957beb57,U001996,2022-06-08 11:51:31,11:51:31,133657.83,online_payment,M00339,VND,success,atm,D000616,9.61.25.24,mobile_wallet,Da Nang,"12.763513,103.615427",24,M,2019-02-14,active,0.64,0,0,0,auto_approved,0.393,2022
da5b5229-4dc4-4f7a-bd5b-f03b0f11168d,U000319,2022-11-23 16:18:13,16:18:13,272359.16,cash_withdrawal,M00279,USD,success,pos,D000423,233.153.207.13,credit_card,Hanoi,"18.722149,103.176008",26,M,2021-12-09,active,0.74,0,0,0,auto_approved,0.2099,2022
64729565-d117-42e3-8ad2-60c8665a607b,U001945,2022-11-08 06:52:12,06:52:12,168998.33,online_payment,M00422,USD,success,pos,D002991,186.105.29.167,credit_card,Bangkok,"17.632057,103.649515",41,M,2017-04-19,active,0.84,0,0,0,auto_approved,0.3592,2022
be273f4f-7cf8-42c6-a494-0146ca57bb00,U000902,2022-06-12 14:30:09,14:30:09,573685.01,cash_withdrawal,M00239,VND,success,mobile,D000054,79.130.107.108,bank_transfer,Kuala Lumpur,"11.530084,106.079838",24,F,2017-06-16,active,0.47,0,0,0,auto_approved,0.382,2022
ef44a4eb-ce48-4428-be87-9ff764f5fe95,U000586,2022-02-25 17:24:32,17:24:32,1177318.87,bill_payment,M00357,VND,success,mobile,D002082,195.4.52.210,debit_card,Kuala Lumpur,"15.836051,103.269287",66,M,2013-12-11,active,0.99,0,0,0,auto_approved,0.1398,2022
ebe446e3-497b-412b-b2a5-34e5ec0deac3,U000513,2022-08-09 22:49:28,22:49:28,12544.15,bill_payment,M00390,VND,success,mobile,D000517,98.107.161.19,mobile_wallet,Bangkok,"20.117293,107.32241",25,M,2021-12-07,active,0.51,0,0,0,auto_approved,0.4458,2022
14c35710-3ded-4744-a7a9-da386f2641d7,U000357,2022-12-16 20:49:01,20:49:01,820452.62,bill_payment,M00060,USD,success,desktop,D001074,16.8.254.51,debit_card,Hanoi,"18.331058,105.657063",40,F,2021-02-07,active,0.99,0,0,0,auto_approved,0.3392,2022
85761557-896a-419d-aa8b-45f23f7ddd07,U001816,2022-05-04 05:24:45,05:24:45,1168583.79,online_payment,M00036,USD,failed,pos,D002431,12.122.34.142,bank_transfer,Singapore,"19.166316,106.466375",66,F,2014-04-27,active,0.97,0,0,0,auto_approved,0.3189,2022
3bf06f26-5453-41b9-bdeb-b2cef34ecbc5,U001879,2022-06-13 22:38:15,22:38:15,685057.86,transfer,M00312,VND,success,atm,D000182,135.179.160.236,bank_transfer,Ho Chi Minh City,"8.082235,104.453976",28,F,2021-06-10,active,0.69,0,0,0,auto_approved,0.2124,2022
c6f84439-4d3b-4ed4-aee5-1b1e5642582a,U001850,2022-04-03 15:30:50,15:30:50,511790.87,online_payment,M00036,USD,success,desktop,D001023,70.27.27.90,bank_transfer,Bangkok,"19.959893,105.755866",18,M,2016-04-20,active,0.68,0,0,0,auto_approved,0.4412,2022
e296a765-7ecd-4dcb-bc81-96f401ef2791,U001630,2022-07-19 13:42:49,13:42:49,1208621.98,transfer,M00421,USD,success,pos,D001975,14.90.81.200,debit_card,Da Nang,"8.604432,104.000386",41,F,2016-07-02,active,0.74,0,0,0,auto_approved,0.3139,2022
aa71ac8a-1a6e-4fd1-9151-b228872d98d6,U000087,2022-12-22 15:36:25,15:36:25,36301.9,bill_payment,M00324,USD,success,pos,D000352,247.163.131.142,bank_transfer,Kuala Lumpur,"18.997775,108.871296",41,F,2019-10-28,active,0.75,0,0,0,auto_approved,0.3445,2022
d209ed7e-3a3c-4ee0-a789-c11eedc751ab,U000654,2022-12-12 19:47:05,19:47:05,293193.95,purchase,M00371,USD,success,desktop,D002739,9.19.83.239,bank_transfer,Ho Chi Minh City,"10.318415,108.193195",29,M,2016-04-20,active,0.46,0,0,0,auto_approved,0.1981,2022
aef90686-0faf-42b1-96b7-188f4af88c7f,U001285,2022-09-24 01:53:08,01:53:08,1101583.73,purchase,M00204,USD,success,desktop,D002307,169.106.229.66,debit_card,Singapore,"19.682131,103.301887",45,F,2016-03-11,active,0.66,0,0,0,auto_approved,0.3927,2022
e9a364db-3cb0-489e-b918-24c5f75de596,U000612,2022-08-16 08:38:54,08:38:54,1086380.19,transfer,M00138,USD,success,pos,D002079,158.178.221.35,mobile_wallet,Kuala Lumpur,"15.808858,103.838191",51,F,2022-05-12,active,0.68,0,0,0,auto_approved,0.4184,2022
ae82b467-9dbb-4f87-b01e-39c474093ef1,U001937,2022-10-07 21:10:54,21:10:54,2337739.19,cash_withdrawal,M00159,VND,success,pos,D000095,56.186.14.36,mobile_wallet,Hanoi,"20.918183,106.695352",20,M,2017-11-02,active,0.96,0,1,0,auto_approved,0.6122,2022
fd6b2ac9-a235-443f-84fc-6b5d4af6ca8f,U001186,2022-09-05 09:33:21,09:33:21,382309.6,online_payment,M00315,VND,success,pos,D002678,162.157.23.29,bank_transfer,Da Nang,"14.07779,102.449001",35,F,2021-12-01,active,0.92,0,0,0,auto_approved,0.4278,2022
ec736492-63db-42af-86b1-61b66f06132b,U000167,2022-08-01 20:20:42,20:20:42,967755.64,transfer,M00287,VND,success,atm,D000089,220.84.94.77,credit_card,Ho Chi Minh City,"11.808544,102.213722",38,M,2020-10-16,active,0.53,1,0,0,auto_approved,0.2628,2022
4bd13c75-0b06-46b5-b0f5-3ececa4e1b85,U001438,2022-12-21 09:42:35,09:42:35,492526.67,cash_withdrawal,M00488,USD,success,desktop,D000371,116.167.138.216,mobile_wallet,Bangkok,"16.802816,108.776703",63,F,2019-04-10,active,0.98,0,0,0,auto_approved,0.256,2022
10f375fa-5bbb-452c-9811-fdce33eecac6,U000036,2022-01-19 09:52:15,09:52:15,169224.9,bill_payment,M00496,USD,success,mobile,D002218,9.240.122.97,mobile_wallet,Da Nang,"19.092272,102.068375",58,F,2013-11-05,active,0.8,0,0,0,auto_approved,0.0121,2022
1d5539bd-3d6d-43d2-971a-33b7af57c931,U001558,2022-10-10 08:21:57,08:21:57,911606.63,online_payment,M00486,USD,success,pos,D002910,217.217.2.255,mobile_wallet,Da Nang,"18.78304,102.741674",64,F,2016-10-04,active,0.78,0,0,0,auto_approved,0.0979,2022
a9cfdc03-aafc-4ec3-bdd2-24da08e2389e,U001902,2022-03-08 17:22:18,17:22:18,995983.23,transfer,M00472,VND,success,atm,D002226,215.27.90.226,mobile_wallet,Singapore,"8.081511,104.870699",65,M,2019-10-18,active,0.64,0,0,0,auto_approved,0.3376,2022
f853c7bf-180a-4ebb-85ba-3c38241164ea,U000809,2022-04-21 21:24:21,21:24:21,67063.24,bill_payment,M00499,VND,success,desktop,D000520,166.135.199.180,credit_card,Hanoi,"12.502798,108.511338",59,M,2017-08-05,blocked,0.58,0,0,0,auto_approved,0.2359,2022
e9abcdfa-f88b-4aba-bfa7-1a76b14e43b7,U000232,2022-12-23 02:36:46,02:36:46,926302.61,transfer,M00134,VND,success,pos,D000280,37.138.112.190,bank_transfer,Da Nang,"13.877603,106.365367",21,M,2021-07-27,active,0.81,0,0,0,auto_approved,0.1226,2022
1a8324df-e1ba-4768-aa60-0d2b350c49a5,U000070,2022-09-17 19:21:05,19:21:05,833067.94,online_payment,M00026,VND,success,mobile,D002589,35.232.216.156,credit_card,Kuala Lumpur,"12.218726,102.977648",40,M,2021-07-01,active,0.85,0,0,0,auto_approved,0.2538,2022
ff167a6d-df3e-400e-ae2c-bfadcecc1219,U000495,2022-04-26 21:23:38,21:23:38,24433.02,transfer,M00342,USD,success,atm,D000815,50.234.75.168,debit_card,Hanoi,"21.644823,106.770579",69,F,2016-10-26,active,0.82,1,0,0,auto_approved,0.5644,2022
2f73ca0e-a8bf-4376-9115-23ae1453a448,U001631,2022-12-19 07:03:12,07:03:12,426690.52,online_payment,M00009,USD,success,pos,D002553,127.225.160.214,bank_transfer,Bangkok,"8.004496,108.832592",65,F,2017-12-13,active,0.5,0,0,0,auto_approved,0.2165,2022
3d754e83-8622-46ad-83de-60c4462257fe,U000845,2022-06-28 09:03:01,09:03:01,451386.29,cash_withdrawal,M00157,VND,success,desktop,D001004,244.102.58.153,debit_card,Bangkok,"8.890121,106.872899",55,F,2020-02-13,active,0.61,0,0,0,auto_approved,0.3958,2022
b09f7764-5764-4562-a4be-f7fbc147571a,U001475,2022-01-01 03:14:53,03:14:53,4248176.24,purchase,M00355,VND,success,desktop,D001635,191.210.110.42,credit_card,Singapore,"14.895886,107.954233",25,M,2015-08-07,active,0.98,1,1,1,pending_review,0.7956,2022
bdca13e7-f580-4b6f-bb33-80a669758931,U000966,2022-11-20 23:09:03,23:09:03,536034.52,cash_withdrawal,M00188,USD,success,pos,D001635,103.81.159.7,debit_card,Ho Chi Minh City,"12.99733,108.160526",41,F,2022-08-29,active,0.47,0,0,0,auto_approved,0.0968,2022
4b90c454-5120-4723-a104-8be2c20e49aa,U000633,2022-12-15 12:39:26,12:39:26,1427373.19,purchase,M00349,USD,pending,pos,D001993,41.19.48.53,mobile_wallet,Hanoi,"13.445583,108.917892",25,M,2017-09-20,active,0.58,0,0,0,auto_approved,0.2883,2022
311b773c-8e22-44b5-a417-7a6c1347eb35,U000181,2022-11-16 20:51:25,20:51:25,117017.27,online_payment,M00071,USD,success,pos,D002106,3.94.200.121,mobile_wallet,Kuala Lumpur,"9.08366,108.919439",20,M,2014-10-17,blocked,0.93,0,0,0,auto_approved,0.3822,2022
3c50fba0-5082-40ef-b75d-f3c480746044,U001530,2022-12-26 19:15:27,19:15:27,367606.16,purchase,M00332,USD,success,desktop,D001324,83.112.255.222,bank_transfer,Hanoi,"9.070387,105.968295",62,M,2016-01-05,active,0.62,0,0,0,auto_approved,0.181,2022
eccb9810-9e7d-40d1-b432-cfd76f98d506,U000403,2022-08-05 04:56:25,04:56:25,376678.31,online_payment,M00030,VND,success,pos,D001059,123.144.129.56,debit_card,Kuala Lumpur,"20.682474,105.209306",36,F,2020-05-08,active,0.86,0,1,0,auto_approved,0.3638,2022
ac329b22-d02e-464a-91cc-1749617a2991,U000856,2022-12-28 12:58:46,12:58:46,559157.9,cash_withdrawal,M00495,VND,success,pos,D001824,20.41.202.96,debit_card,Da Nang,"21.069543,102.410067",31,M,2017-04-06,active,0.91,0,0,0,auto_approved,0.4116,2022
e9b9d489-d781-4a9c-8b24-22d752f134ea,U001537,2022-06-06 07:59:12,07:59:12,75876.26,online_payment,M00416,USD,success,pos,D001546,232.57.8.213,debit_card,Singapore,"20.011041,107.715213",67,F,2021-06-06,active,0.74,1,0,0,auto_approved,0.2488,2022
0f4e6c3c-987a-4302-b2c2-4e0281fec5cf,U000645,2022-12-12 09:33:05,09:33:05,642642.61,online_payment,M00024,USD,success,atm,D002349,108.240.123.18,bank_transfer,Bangkok,"9.405373,104.026572",28,M,2017-02-07,active,0.71,0,0,0,auto_approved,0.3725,2022
cf49cf2b-1ec9-4a93-b71b-a12423810f31,U001727,2022-05-09 11:39:46,11:39:46,1337593.4,cash_withdrawal,M00156,USD,success,atm,D002605,191.110.103.223,bank_transfer,Kuala Lumpur,"21.130258,105.222635",56,M,2019-06-12,active,0.85,0,0,0,auto_approved,0.145,2022
5e92a63a-c1a1-4a57-a9b4-345a892a75b1,U000390,2022-06-25 20:57:32,20:57:32,449022.6,cash_withdrawal,M00341,VND,success,pos,D002227,6.26.94.154,mobile_wallet,Kuala Lumpur,"19.649449,103.731451",36,M,2014-05-26,under_review,0.7,0,0,0,auto_approved,0.2044,2022
a76d6dc7-389f-47f4-94b7-a432ccaff275,U001091,2022-10-16 04:58:00,04:58:00,46071.69,online_payment,M00141,VND,success,mobile,D001393,60.20.154.192,credit_card,Singapore,"20.837928,105.433093",47,F,2017-01-04,active,1.0,0,0,0,auto_approved,0.1201,2022
0cff31ba-2baf-4a87-8824-58973f9604f1,U000535,2022-05-01 07:04:08,07:04:08,90011.51,bill_payment,M00152,VND,success,pos,D001743,100.7.87.229,debit_card,Kuala Lumpur,"13.499064,103.672705",57,M,2021-11-14,active,0.56,0,0,0,auto_approved,0.0199,2022
d7fec825-127c-4281-aa65-77affab97b0b,U000446,2022-09-23 19:33:07,19:33:07,815621.74,online_payment,M00302,VND,success,mobile,D000147,7.85.23.98,bank_transfer,Singapore,"20.747002,103.660461",53,F,2021-04-05,active,0.52,0,0,0,auto_approved,0.0796,2022
cf936b7e-499c-476e-9bfd-3e17ff731feb,U001463,2022-09-09 23:20:10,23:20:10,321958.76,transfer,M00488,VND,success,mobile,D002239,123.57.14.7,bank_transfer,Singapore,"13.927976,108.122784",37,M,2018-09-11,active,0.78,0,0,0,auto_approved,0.2249,2022
bc657891-6fbc-4830-8b74-6893d083c938,U001559,2022-11-27 18:53:55,18:53:55,1395894.51,bill_payment,M00284,USD,success,atm,D000159,142.175.117.100,credit_card,Kuala Lumpur,"13.879325,105.609935",54,F,2021-07-23,active,0.68,0,0,0,auto_approved,0.4065,2022
0d65b027-9253-425e-af0b-c9136eb65f3a,U000284,2022-05-12 22:03:20,22:03:20,428338.91,online_payment,M00187,VND,success,desktop,D001812,72.28.219.81,mobile_wallet,Bangkok,"18.730485,108.999747",70,M,2021-09-09,active,0.84,0,0,0,auto_approved,0.0162,2022
dc4d7737-5f6d-4031-9368-cddbbe0539ca,U000029,2022-08-07 18:27:03,18:27:03,1483076.33,online_payment,M00354,USD,success,desktop,D000517,9.21.156.52,bank_transfer,Hanoi,"19.020202,107.954179",37,M,2016-06-02,active,0.83,0,0,0,auto_approved,0.2742,2022
ac8a3c20-ff0a-4caf-84fb-000ef4234255,U000014,2022-05-30 22:48:28,22:48:28,1747464.52,purchase,M00276,USD,success,atm,D001870,78.105.229.100,bank_transfer,Bangkok,"9.243413,102.639219",18,M,2019-10-03,active,0.66,0,0,0,auto_approved,0.4234,2022
fc4aa91e-0426-4cb2-bab0-445f4713cb7b,U001401,2022-12-12 02:21:20,02:21:20,1568917.62,online_payment,M00470,VND,success,atm,D002906,188.215.222.224,debit_card,Kuala Lumpur,"13.203288,104.786977",34,M,2019-07-03,active,0.79,0,0,0,auto_approved,0.1669,2022
64b6d1a8-1661-4db4-bd5f-d0106a669499,U000955,2022-01-10 04:53:56,04:53:56,99355.79,online_payment,M00270,USD,success,mobile,D002400,14.201.130.247,debit_card,Kuala Lumpur,"8.696247,107.623164",58,M,2017-09-22,active,0.89,0,0,0,auto_approved,0.3756,2022
e2788ef4-c0fa-4f16-a3cb-96624bd5be1d,U001756,2022-04-12 16:06:37,16:06:37,453910.68,purchase,M00253,VND,success,pos,D001519,140.68.194.54,bank_transfer,Ho Chi Minh City,"13.900824,102.403073",24,F,2019-05-01,active,0.63,0,0,0,auto_approved,0.0622,2022
26007ae7-fcd5-4294-a896-4d9dc20d44b9,U001114,2022-09-03 11:19:29,11:19:29,483493.12,online_payment,M00091,USD,success,atm,D000746,248.240.36.193,mobile_wallet,Kuala Lumpur,"13.122819,106.775923",48,M,2020-06-03,active,0.8,1,1,1,pending_review,0.7461,2022
c544e359-82e1-4ed3-9199-c6cc396fdef9,U000930,2022-05-19 01:31:20,01:31:20,1968492.12,cash_withdrawal,M00043,VND,success,desktop,D000747,93.168.164.223,credit_card,Bangkok,"17.268764,105.352527",52,F,2015-05-11,active,0.91,0,0,0,auto_approved,0.1622,2022
8af9431b-d24b-465d-950f-f531bc412c70,U001600,2022-11-21 21:47:54,21:47:54,599100.82,bill_payment,M00217,USD,success,desktop,D002004,166.177.82.87,credit_card,Hanoi,"15.225412,108.284888",28,M,2019-05-07,active,0.83,0,0,0,auto_approved,0.2081,2022
1e2f0eba-6812-4af8-88c3-4389740e4008,U001380,2022-09-02 23:17:50,23:17:50,1320751.01,transfer,M00152,VND,success,desktop,D002444,231.153.238.13,debit_card,Singapore,"8.215066,103.043178",27,F,2020-11-09,active,0.67,0,0,0,auto_approved,0.1241,2022
5ed9be62-af75-4655-a7ba-f22a20e14b16,U001512,2022-11-23 02:47:39,02:47:39,915579.81,transfer,M00414,VND,success,desktop,D000010,136.249.102.241,mobile_wallet,Bangkok,"16.577316,105.880363",50,M,2020-05-28,active,0.88,1,0,0,auto_approved,0.3096,2022
8189049d-cbab-4fad-81d0-f85268005ab0,U000683,2022-11-07 02:56:39,02:56:39,548511.89,transfer,M00008,VND,success,desktop,D000984,101.251.35.206,credit_card,Bangkok,"12.16615,108.827847",55,F,2022-01-25,active,0.99,0,0,0,auto_approved,0.0717,2022
af1a509f-6aeb-4d8d-9a25-04a16a11c168,U001357,2022-06-20 00:00:04,00:00:04,552363.36,online_payment,M00097,USD,success,mobile,D000950,178.199.84.114,debit_card,Da Nang,"11.129845,108.13856",65,M,2015-03-07,active,0.7,0,0,0,auto_approved,0.2785,2022
b43bfb7f-d7ec-401e-af3e-8101cfde3d03,U001898,2022-05-07 22:32:39,22:32:39,2965779.61,transfer,M00060,VND,success,pos,D001236,102.117.191.138,bank_transfer,Da Nang,"20.936324,107.112193",25,F,2016-11-09,active,0.47,1,0,0,auto_approved,0.3893,2022
9fcdbcd1-846b-405e-909c-6de85242c58f,U000776,2022-01-12 23:51:54,23:51:54,145478.3,bill_payment,M00035,VND,success,atm,D002060,116.50.131.104,mobile_wallet,Ho Chi Minh City,"18.96347,105.45576",63,F,2018-03-13,active,0.76,0,0,0,auto_approved,0.111,2022
9fcf316a-0ecd-4f8d-a203-39b4acb9408a,U001834,2022-05-18 10:47:44,10:47:44,226840.74,online_payment,M00203,VND,success,mobile,D000895,116.129.103.165,debit_card,Da Nang,"10.293967,102.199824",37,M,2022-02-03,active,0.61,0,0,0,auto_approved,0.3679,2022
76ae311f-4fe8-49e0-aebc-b53ed5bb2952,U000296,2022-02-13 15:17:07,15:17:07,434212.38,cash_withdrawal,M00036,USD,success,atm,D001013,98.163.92.150,debit_card,Singapore,"16.629308,108.433299",67,F,2014-08-20,active,0.68,0,0,0,auto_approved,0.3128,2022
98e6906b-477c-429d-85b2-6f6317f8d39c,U000903,2022-06-23 00:16:01,00:16:01,1341198.42,transfer,M00264,USD,success,mobile,D001996,140.23.133.214,credit_card,Hanoi,"17.106699,102.988089",58,F,2017-02-05,active,0.6,0,1,0,auto_approved,0.4437,2022
8dd422fb-6c73-4268-af48-98d86977e594,U001961,2022-04-13 14:26:16,14:26:16,137850.14,online_payment,M00320,USD,success,desktop,D000340,117.64.65.178,mobile_wallet,Ho Chi Minh City,"16.056974,108.26009",62,F,2021-07-01,active,0.97,0,0,0,auto_approved,0.0539,2022
d9e206b2-7322-4ded-88fe-ab9dbaf50204,U001791,2022-02-09 02:25:31,02:25:31,1270.88,cash_withdrawal,M00239,USD,success,pos,D001748,109.29.183.198,mobile_wallet,Ho Chi Minh City,"12.292917,106.407128",65,F,2017-12-06,active,0.88,0,0,0,auto_approved,0.2144,2022
354e0e89-358a-4223-8604-7d7f85b2b149,U000240,2022-12-30 07:46:54,07:46:54,1144228.3,purchase,M00441,VND,success,atm,D001604,166.248.62.140,credit_card,Hanoi,"14.761744,103.297036",25,F,2017-07-31,active,0.81,0,0,0,auto_approved,0.3265,2022
af12242e-45b6-4bf7-88c6-07d0d5f802c4,U000464,2022-02-26 12:38:42,12:38:42,404936.01,bill_payment,M00001,USD,success,desktop,D000335,126.45.239.117,bank_transfer,Singapore,"17.246306,108.954022",28,F,2019-04-01,active,0.96,0,0,0,auto_approved,0.1652,2022
ee0804a6-80f4-483c-a8cd-4dd4d575b898,U001544,2022-08-12 11:23:59,11:23:59,1168611.32,online_payment,M00461,VND,failed,desktop,D000219,139.33.210.115,bank_transfer,Bangkok,"13.486421,103.310558",67,M,2021-06-20,active,0.79,1,1,1,pending_review,0.7286,2022
25805050-4c5b-4475-b975-c01338e49d31,U001889,2022-10-16 12:12:34,12:12:34,817381.97,purchase,M00031,USD,success,pos,D000719,231.34.196.127,bank_transfer,Da Nang,"13.470149,107.440473",63,F,2021-08-29,active,0.67,1,0,0,auto_approved,0.4736,2022
918b3ccb-2df0-4f07-8040-08e24dc12df1,U001531,2022-10-11 07:46:27,07:46:27,1130192.3,online_payment,M00126,USD,failed,desktop,D002498,153.19.32.255,debit_card,Ho Chi Minh City,"21.097596,103.880015",62,M,2014-11-12,active,0.49,0,1,0,auto_approved,0.5781,2022
5eafa9fd-77a0-4d7d-9380-1246e3c0fbd7,U001646,2022-11-16 22:32:42,22:32:42,159831.63,transfer,M00374,USD,success,desktop,D002257,173.161.21.30,credit_card,Ho Chi Minh City,"18.372042,105.974086",26,F,2018-10-15,active,0.93,0,0,0,auto_approved,0.1443,2022
3375d697-0f96-427b-8367-74a611c3d8a7,U001762,2022-05-19 00:33:20,00:33:20,1920500.13,bill_payment,M00279,USD,success,desktop,D000597,157.172.229.210,credit_card,Hanoi,"15.338983,103.836543",68,M,2021-01-19,active,0.74,0,0,0,auto_approved,0.3835,2022
b7d7d5a3-07a4-48c3-a038-135a5c72316d,U001232,2022-07-26 02:27:27,02:27:27,1883020.94,bill_payment,M00191,USD,success,mobile,D002938,24.154.249.54,credit_card,Hanoi,"17.400064,105.787821",54,F,2016-01-23,active,0.7,0,0,0,auto_approved,0.0565,2022
7e44b95d-55e4-44e2-b585-12f7cac6ea10,U000876,2022-02-10 21:43:45,21:43:45,306207.49,purchase,M00423,USD,success,desktop,D000416,188.248.22.167,credit_card,Ho Chi Minh City,"11.314605,106.814812",22,M,2021-11-03,active,0.81,0,0,0,auto_approved,0.1156,2022
4ea441fc-007e-4e8d-8572-531155aa4bd9,U000778,2022-07-26 07:10:50,07:10:50,1486269.14,cash_withdrawal,M00390,VND,success,atm,D000317,61.149.227.93,credit_card,Kuala Lumpur,"12.890337,102.745344",53,M,2020-05-22,active,0.55,0,0,0,auto_approved,0.3359,2022
31983356-94a8-4552-9ec1-b48f57190a2e,U000224,2022-06-29 14:29:32,14:29:32,1209981.6,cash_withdrawal,M00474,VND,success,pos,D001991,52.138.171.208,credit_card,Da Nang,"17.561944,102.843428",37,F,2021-11-08,blocked,0.47,1,0,0,auto_approved,0.1502,2022
5315a244-a9c6-4656-aa67-21e56247b743,U001746,2022-12-09 02:13:44,02:13:44,187022.93,transfer,M00407,VND,success,pos,D001978,1.99.97.139,debit_card,Kuala Lumpur,"21.617811,108.449401",26,M,2022-05-22,active,0.99,0,0,0,auto_approved,0.1944,2022
c78c2c4d-c05b-469e-b59d-f8f8a74631e4,U001605,2022-05-15 08:15:53,08:15:53,26146.41,bill_payment,M00321,VND,success,mobile,D000073,181.65.211.74,mobile_wallet,Bangkok,"17.121058,102.074653",45,M,2021-07-04,active,0.91,0,0,0,auto_approved,0.3246,2022
41f59696-1d14-41d7-bcfa-70ef5bc6a673,U000806,2022-05-08 20:34:57,20:34:57,1031256.56,cash_withdrawal,M00231,VND,success,pos,D002420,178.241.205.22,mobile_wallet,Bangkok,"12.400169,107.478748",25,M,2020-07-11,active,0.77,0,0,0,auto_approved,0.2005,2022
df9b05ed-a50c-4ace-b523-0055e5d0cf7c,U001711,2022-02-15 22:06:05,22:06:05,520009.93,cash_withdrawal,M00149,USD,success,pos,D000539,4.189.31.4,bank_transfer,Da Nang,"8.030495,104.994374",38,F,2019-09-09,active,0.53,0,0,0,auto_approved,0.4381,2022
3f5dae84-e630-411b-8477-789b70b3cc75,U000216,2022-03-31 07:46:22,07:46:22,434311.4,purchase,M00035,VND,success,desktop,D001708,210.204.60.166,debit_card,Kuala Lumpur,"10.409865,108.901025",48,F,2015-07-07,active,0.85,0,0,0,auto_approved,0.2672,2022
31092eb7-7b51-4f74-99e3-6520cb992da0,U001544,2022-04-03 10:30:35,10:30:35,59534.91,online_payment,M00309,USD,success,pos,D002065,9.123.175.16,bank_transfer,Singapore,"14.667202,103.942326",23,F,2019-04-13,active,0.62,0,0,0,auto_approved,0.335,2022
24777ceb-d532-4891-8762-8f5ffb640f80,U001576,2022-02-13 10:13:19,10:13:19,719694.71,online_payment,M00405,VND,success,atm,D002038,181.192.54.110,credit_card,Hanoi,"18.131242,105.175213",29,M,2016-05-15,active,0.83,1,0,0,auto_approved,0.3481,2022
fcd57af3-2ef4-45c6-a9ef-0b6dd4ffceeb,U001513,2022-03-31 14:09:33,14:09:33,615469.88,bill_payment,M00395,USD,success,pos,D001254,208.222.152.189,mobile_wallet,Da Nang,"12.566834,104.151494",58,M,2014-12-30,active,0.84,0,1,0,auto_approved,0.3738,2022
1eac5a5c-68a9-4215-8239-59586738acfd,U000059,2022-08-19 05:01:08,05:01:08,319510.37,transfer,M00173,VND,success,pos,D002424,250.76.223.28,mobile_wallet,Da Nang,"14.618059,106.410562",37,M,2015-11-13,active,0.57,0,0,0,auto_approved,0.2645,2022
fcb09d86-0f45-49b3-99f1-5f4300e0646b,U001194,2022-04-11 09:04:21,09:04:21,834961.68,cash_withdrawal,M00193,VND,success,mobile,D002110,248.20.39.170,credit_card,Da Nang,"18.713851,107.449031",68,M,2017-02-22,active,0.95,0,0,0,auto_approved,0.335,2022
4014c4ab-7142-49c9-9d86-ba3dc598fc0e,U001346,2022-02-21 15:41:22,15:41:22,3229258.82,cash_withdrawal,M00085,VND,success,desktop,D001302,18.140.48.123,bank_transfer,Kuala Lumpur,"13.217078,106.315131",36,F,2014-04-07,active,0.69,0,1,1,pending_review,0.6395,2022
04cffa01-6727-4b93-aa95-6c43606d6472,U000595,2022-07-09 12:12:23,12:12:23,800287.36,online_payment,M00176,USD,success,desktop,D000288,198.163.92.235,bank_transfer,Ho Chi Minh City,"20.066699,106.344904",66,M,2019-03-27,active,0.74,0,0,0,auto_approved,0.2228,2022
f4d8d482-6c03-4d02-8811-4c3f146fb788,U000459,2022-11-13 17:58:10,17:58:10,753384.79,online_payment,M00394,VND,success,desktop,D000132,218.148.88.111,debit_card,Bangkok,"10.140898,105.383179",33,M,2014-11-03,active,0.98,0,0,0,auto_approved,0.1834,2022
a23dd022-92c4-4439-b6ee-2380885f2081,U001814,2022-06-19 13:02:02,13:02:02,950406.18,online_payment,M00451,USD,success,mobile,D002494,156.71.34.9,credit_card,Hanoi,"15.901777,108.281636",49,F,2018-10-25,active,0.96,0,0,0,auto_approved,0.4409,2022
95353d2f-2d9f-436a-a1f9-c6446b90f722,U000448,2022-06-08 03:14:10,03:14:10,338854.86,cash_withdrawal,M00025,VND,success,atm,D000622,51.105.216.162,debit_card,Ho Chi Minh City,"14.436933,106.723062",67,F,2017-08-02,active,0.91,0,0,0,auto_approved,0.137,2022
011b06cc-35e3-4f7b-b616-b01bde446aa0,U001865,2022-08-13 14:45:16,14:45:16,864098.86,cash_withdrawal,M00180,VND,success,atm,D002391,153.133.78.80,mobile_wallet,Kuala Lumpur,"20.661301,104.467215",55,F,2019-05-05,active,0.93,0,1,1,pending_review,0.351,2022
edb91f29-d52a-4c5d-841f-aba5259b9869,U000644,2022-10-28 20:46:45,20:46:45,696128.08,purchase,M00427,USD,success,pos,D001872,48.24.194.191,mobile_wallet,Da Nang,"12.481618,102.569792",35,F,2016-03-16,active,0.91,0,0,0,auto_approved,0.3945,2022
36c81abe-e431-4a0c-b1eb-42c56721a837,U000442,2022-08-16 09:10:04,09:10:04,28988.05,bill_payment,M00441,VND,success,desktop,D001345,236.130.248.139,credit_card,Hanoi,"9.717228,107.454076",64,M,2018-06-27,active,0.51,0,0,0,auto_approved,0.2543,2022
d5286682-9d8e-4e19-a2a4-0985dc146632,U000867,2022-12-27 04:33:16,04:33:16,56719.25,cash_withdrawal,M00325,VND,success,pos,D000840,117.177.41.199,debit_card,Bangkok,"9.021935,103.633413",50,F,2016-06-18,active,1.0,0,1,0,auto_approved,0.4569,2022
53ab7ead-52a1-442f-9738-57bce558d7f7,U001384,2022-09-18 01:14:54,01:14:54,622697.37,cash_withdrawal,M00119,USD,success,mobile,D002522,178.196.161.93,debit_card,Bangkok,"21.773312,108.240684",52,M,2018-06-24,active,0.89,0,0,0,auto_approved,0.2733,2022
0443890c-093b-4979-96a0-2c6c78de7027,U000232,2022-02-11 19:06:25,19:06:25,417295.18,bill_payment,M00285,VND,success,mobile,D000032,187.224.8.108,credit_card,Hanoi,"18.827898,104.100587",63,F,2014-05-15,active,0.58,0,0,0,auto_approved,0.1033,2022
99460d0f-6525-4a9b-b5a8-65d559b5f140,U000988,2022-09-17 12:04:16,12:04:16,657779.82,online_payment,M00120,USD,success,pos,D000369,115.66.57.96,credit_card,Da Nang,"16.406128,108.384068",29,M,2019-09-21,active,0.77,1,0,0,auto_approved,0.5997,2022
9f3d03ea-cf84-4f39-9f1c-c4b2c6c700e8,U000568,2022-11-09 22:26:02,22:26:02,276079.32,cash_withdrawal,M00095,VND,success,atm,D000814,229.24.128.227,debit_card,Ho Chi Minh City,"10.067328,103.806662",40,M,2017-08-10,active,0.54,0,0,0,auto_approved,0.2873,2022
9a129b80-9a25-4dda-b631-d5a1abdbd498,U000768,2022-07-13 15:12:05,15:12:05,87574.4,cash_withdrawal,M00089,VND,success,mobile,D001562,36.16.168.172,bank_transfer,Ho Chi Minh City,"14.93155,102.176839",64,M,2022-03-13,active,0.58,0,0,0,auto_approved,0.1719,2022
e65735dc-a7a9-4b50-80e4-34df36df726c,U000802,2022-03-20 21:17:37,21:17:37,119314.27,transfer,M00041,USD,failed,desktop,D000401,37.43.27.30,mobile_wallet,Singapore,"20.398334,105.498697",48,M,2018-05-15,active,0.5,0,0,0,auto_approved,0.3276,2022
2ca474e8-766e-4533-83c4-35eab4c6a619,U000557,2022-05-09 04:36:47,04:36:47,666787.47,online_payment,M00420,VND,success,mobile,D002123,208.57.235.33,mobile_wallet,Ho Chi Minh City,"13.709028,105.80901",41,F,2019-07-22,active,0.66,0,0,0,auto_approved,0.0727,2022
b792cd11-706b-4a54-98e7-6bdd7d1b14a2,U001368,2022-10-01 20:55:19,20:55:19,656505.82,bill_payment,M00076,VND,success,desktop,D002910,204.223.149.92,bank_transfer,Bangkok,"16.114821,106.917427",44,F,2015-07-01,active,0.69,2,1,0,auto_approved,0.6008,2022
69955cc7-5fc1-491e-ba20-88e213ae1440,U001949,2022-04-07 12:06:50,12:06:50,2735.1,purchase,M00101,USD,pending,atm,D001056,186.243.96.92,mobile_wallet,Da Nang,"15.218625,106.209066",35,F,2014-08-04,active,0.51,0,0,0,auto_approved,0.1818,2022
a3d3bf9e-acc7-4e06-a37b-4ed11c5e52c1,U001759,2022-10-09 11:48:06,11:48:06,95699.68,online_payment,M00202,USD,pending,atm,D002773,85.68.19.71,mobile_wallet,Hanoi,"9.93249,105.984292",28,F,2022-06-01,active,0.78,0,0,0,auto_approved,0.1199,2022
cd63cb4c-d6c0-4f18-b4bf-99c5d8db41fc,U000828,2022-02-19 13:23:57,13:23:57,258159.72,cash_withdrawal,M00272,VND,success,atm,D001763,75.196.55.2,credit_card,Da Nang,"10.174205,103.423541",30,M,2016-03-04,active,0.79,1,0,0,auto_approved,0.5053,2022
e4c4bb5a-6665-47f8-b9ce-451208cda3dc,U000496,2022-06-11 08:50:40,08:50:40,44396.39,bill_payment,M00203,VND,success,pos,D002340,179.30.99.184,debit_card,Da Nang,"21.47975,105.408448",66,F,2021-07-04,active,0.67,0,0,0,auto_approved,0.091,2022
ac534b89-0fb2-4b61-90d3-c492036ed9cc,U001463,2022-01-23 15:16:48,15:16:48,1458.52,cash_withdrawal,M00168,USD,success,mobile,D000910,171.114.100.233,bank_transfer,Ho Chi Minh City,"13.981739,107.262931",29,F,2016-06-19,active,0.9,0,0,0,auto_approved,0.1257,2022
e7e06913-86df-45c9-83f9-07818867b222,U000678,2022-02-21 22:43:11,22:43:11,488466.8,bill_payment,M00012,VND,success,mobile,D000114,24.237.34.8,mobile_wallet,Bangkok,"9.750297,105.116122",63,F,2014-10-23,active,0.69,0,0,0,auto_approved,0.0539,2022
8abe6dde-3eb8-4892-8692-10d34a13843f,U000424,2022-01-22 08:25:09,08:25:09,331996.65,online_payment,M00253,VND,success,atm,D001915,66.239.158.191,credit_card,Bangkok,"9.157544,104.210228",68,M,2021-02-12,active,0.81,0,0,0,auto_approved,0.383,2022
9add8f42-3b68-4857-97b3-296e5c55c53b,U001378,2022-12-30 02:43:33,02:43:33,146301.8,purchase,M00313,VND,success,pos,D000052,138.175.201.230,bank_transfer,Da Nang,"9.00288,103.649615",58,M,2020-10-11,active,0.62,0,0,0,auto_approved,0.2415,2022
99f080fd-9565-48e0-86a1-9f39aa437d70,U000926,2022-03-19 11:48:54,11:48:54,250278.57,bill_payment,M00076,VND,success,atm,D001198,135.164.116.164,debit_card,Ho Chi Minh City,"9.031773,107.870548",42,M,2019-09-11,active,0.64,0,0,0,auto_approved,0.1884,2022
444f837c-6f2e-4342-98e7-60a71b0e5d73,U000735,2022-07-08 17:43:58,17:43:58,594040.19,bill_payment,M00356,USD,success,atm,D001769,210.68.221.52,debit_card,Ho Chi Minh City,"16.007432,106.69224",59,M,2017-05-29,active,0.79,0,0,0,auto_approved,0.1336,2022
37da6d6c-8440-4e4e-a581-f402209fd4bd,U001249,2022-06-13 08:23:00,08:23:00,156301.11,online_payment,M00129,USD,failed,pos,D000706,182.55.30.151,debit_card,Ho Chi Minh City,"8.962559,105.422954",62,M,2014-12-15,active,0.8,0,0,0,auto_approved,0.3282,2022
9674ae10-ac47-4d14-9fc0-7a49fa292b4c,U001375,2022-01-09 17:25:45,17:25:45,276116.25,online_payment,M00036,VND,success,desktop,D002798,129.225.9.197,debit_card,Singapore,"10.183068,105.412004",40,F,2017-04-22,active,0.9,2,1,0,auto_approved,0.5382,2022
381d5523-48ff-43cc-9970-154dbe3ec684,U000801,2022-07-08 17:49:29,17:49:29,265146.76,cash_withdrawal,M00357,VND,success,mobile,D000874,31.193.45.229,mobile_wallet,Da Nang,"10.373465,102.827144",69,M,2022-04-24,active,0.59,1,0,0,auto_approved,0.4319,2022
5d6a6524-d6e3-4f4c-a3c2-208e4e08b8f3,U000785,2022-12-04 07:03:17,07:03:17,505610.67,bill_payment,M00158,VND,success,atm,D000466,66.176.166.190,debit_card,Kuala Lumpur,"10.844341,105.699119",32,M,2015-01-23,active,0.64,0,0,0,auto_approved,0.2957,2022
b87df1e2-6d32-441f-9ca0-97742bbd14d4,U001227,2022-01-23 19:58:55,19:58:55,268802.61,bill_payment,M00107,VND,success,atm,D001047,140.44.209.222,bank_transfer,Kuala Lumpur,"14.713041,105.60402",60,F,2016-09-15,under_review,0.46,0,0,0,auto_approved,0.0579,2022
d23592c7-34e1-4d27-8487-123bebb7b74a,U000881,2022-02-17 08:36:05,08:36:05,1100147.85,transfer,M00101,VND,success,pos,D002358,82.182.244.59,bank_transfer,Ho Chi Minh City,"8.803034,106.765912",33,M,2015-09-22,active,0.71,0,0,0,auto_approved,0.0305,2022
c36606d8-e2f1-477c-b32f-7092b12813f6,U001004,2022-12-23 10:21:39,10:21:39,241972.34,transfer,M00015,VND,success,pos,D001174,252.224.222.116,credit_card,Hanoi,"20.168346,104.857693",23,M,2015-09-23,active,0.86,1,1,0,auto_approved,0.6802,2022
32675095-4325-48b8-a9df-5e54677dd631,U000888,2022-10-29 10:25:29,10:25:29,1274030.19,cash_withdrawal,M00320,USD,success,mobile,D000485,13.168.178.244,debit_card,Da Nang,"14.061543,102.094106",34,F,2017-07-13,active,0.94,0,0,0,auto_approved,0.4042,2022
be86ed7a-6f4b-4d88-8cf2-cfe83d2b75d7,U001761,2022-12-17 16:15:53,16:15:53,1578698.37,bill_payment,M00175,VND,success,pos,D001942,112.130.140.168,mobile_wallet,Hanoi,"9.324105,106.359404",47,M,2015-07-12,active,0.94,0,0,0,auto_approved,0.3771,2022
89be898b-137c-41d0-8c1f-b505d8367f10,U001661,2022-11-20 04:15:16,04:15:16,385623.59,online_payment,M00161,VND,success,mobile,D002292,141.235.171.4,credit_card,Ho Chi Minh City,"15.030564,103.662368",25,F,2022-07-12,active,0.59,0,0,0,auto_approved,0.2594,2022
d6673057-0cbb-4fa6-ae4e-57b5ce80b69f,U000867,2022-02-25 19:50:23,19:50:23,372114.85,purchase,M00090,USD,success,pos,D000488,215.160.53.204,debit_card,Hanoi,"20.111727,106.246459",67,F,2019-02-14,active,0.73,0,0,0,auto_approved,0.2927,2022
f56ba2b7-a7e7-4c2f-8684-78364eb5c6f6,U000361,2022-05-08 01:14:49,01:14:49,1780408.09,transfer,M00018,USD,success,atm,D000929,236.17.215.159,credit_card,Bangkok,"11.333428,108.691298",23,F,2014-12-24,blocked,0.96,0,0,0,auto_approved,0.2702,2022
4af2f1e9-8ea1-46fe-a3c0-f1bc5f0046e8,U000012,2022-04-19 17:14:16,17:14:16,313940.42,online_payment,M00084,USD,success,desktop,D001126,12.246.221.59,bank_transfer,Da Nang,"13.828335,106.644469",59,F,2019-04-15,active,0.83,0,0,0,auto_approved,0.0257,2022
6e904c7e-c3ae-4381-a32a-3b6b50b03396,U001514,2022-04-06 17:39:56,17:39:56,78747.69,transfer,M00210,VND,success,pos,D001882,121.28.196.93,debit_card,Singapore,"18.370702,106.719248",60,M,2017-11-08,active,0.57,1,0,0,auto_approved,0.4371,2022
d1b75ae7-9b75-44d4-a326-fee726ee7657,U000630,2022-09-07 21:49:30,21:49:30,119411.94,purchase,M00400,VND,success,pos,D000243,158.31.231.57,debit_card,Ho Chi Minh City,"16.014942,107.867715",59,F,2020-02-18,active,0.54,0,1,0,auto_approved,0.6694,2022
d1c3c117-786c-49d9-be98-6dd5daea56af,U000817,2022-07-04 01:15:55,01:15:55,855839.87,transfer,M00367,USD,success,pos,D000252,233.231.38.161,mobile_wallet,Ho Chi Minh City,"8.039801,107.221024",25,F,2021-10-01,active,0.78,0,0,0,auto_approved,0.4275,2022
02388f60-3788-4c32-ba99-6cc0cac8cdef,U000891,2022-07-23 09:43:52,09:43:52,557997.02,purchase,M00103,USD,success,pos,D002988,252.9.28.235,debit_card,Da Nang,"15.71613,105.455",42,F,2014-09-03,active,0.63,0,0,0,auto_approved,0.2521,2022
1af526af-5371-4674-aa5e-fe0edaf07984,U001602,2022-03-07 09:20:39,09:20:39,247515.99,purchase,M00162,VND,success,atm,D000559,99.194.130.10,credit_card,Hanoi,"12.043585,102.284899",46,M,2015-05-29,active,0.95,1,0,0,auto_approved,0.3432,2022
f62b104a-9ec0-4184-a29a-0c26c848df01,U000662,2022-04-14 05:30:43,05:30:43,612499.1,bill_payment,M00105,VND,success,mobile,D001044,146.248.148.180,credit_card,Ho Chi Minh City,"10.093065,108.602327",53,M,2018-12-28,active,0.97,0,0,0,auto_approved,0.1545,2022
9250a49d-6231-4aa1-ac3f-55dcf48b1fec,U001420,2022-06-10 20:58:56,20:58:56,530556.19,transfer,M00110,USD,success,atm,D002178,165.77.158.249,mobile_wallet,Bangkok,"18.468934,107.267879",43,M,2020-02-24,active,0.87,2,1,0,auto_approved,0.5007,2022
3ad13016-ba18-4882-8325-bac0dc7b1814,U000482,2022-06-30 01:15:34,01:15:34,321650.12,bill_payment,M00440,VND,success,mobile,D000431,50.131.151.154,bank_transfer,Kuala Lumpur,"18.40404,103.742646",18,M,2021-08-07,active,0.69,1,1,0,auto_approved,0.635,2022
3c23413d-0fa8-4d64-8704-e1b918fe05c7,U000063,2022-10-26 18:11:35,18:11:35,145452.11,purchase,M00348,VND,success,mobile,D001914,76.0.36.242,bank_transfer,Hanoi,"15.805883,106.770601",58,F,2017-12-29,under_review,0.99,0,0,0,auto_approved,0.294,2022
4495be17-7b71-4248-980d-78641a244291,U001646,2022-01-05 05:32:22,05:32:22,351496.37,online_payment,M00214,USD,success,mobile,D002411,98.229.189.207,mobile_wallet,Da Nang,"12.770019,102.375689",63,M,2017-06-19,active,0.73,0,1,0,auto_approved,0.6424,2022
8908bf97-a50c-4ba2-86b5-49b4206f1601,U001899,2022-04-09 13:51:08,13:51:08,185941.27,purchase,M00065,VND,success,mobile,D001013,58.236.35.47,mobile_wallet,Ho Chi Minh City,"9.961992,103.680083",45,M,2014-03-27,active,0.53,2,1,0,auto_approved,0.2664,2022
9480dead-9b59-4184-8aa6-1b53af838a3d,U000153,2022-03-07 02:21:16,02:21:16,436300.84,online_payment,M00030,USD,success,desktop,D002163,207.74.133.216,mobile_wallet,Da Nang,"15.381696,106.260876",59,F,2019-05-29,active,0.75,0,0,0,auto_approved,0.3768,2022
5a62b7ab-3659-45cb-ae81-5a2b7fa40109,U000435,2022-09-09 08:33:56,08:33:56,1853791.69,online_payment,M00159,USD,success,atm,D001525,200.248.145.33,mobile_wallet,Bangkok,"13.750933,106.685263",58,M,2016-07-05,active,0.72,0,0,0,auto_approved,0.0875,2022
0807f693-561c-470e-8fea-6b8de5ba5b64,U000099,2022-01-15 03:02:33,03:02:33,1503593.97,cash_withdrawal,M00498,USD,pending,desktop,D001683,83.181.125.210,bank_transfer,Da Nang,"14.34559,107.753532",49,M,2020-07-30,active,0.9,0,0,0,auto_approved,0.1665,2022
ed3040c9-5299-4c7e-8036-38a127b5457c,U000724,2022-11-13 05:23:37,05:23:37,511562.99,online_payment,M00290,USD,success,mobile,D001641,41.249.98.236,bank_transfer,Bangkok,"19.469318,105.98301",40,F,2021-04-02,active,0.53,1,1,0,auto_approved,0.5537,2022
6d663c47-53b4-4821-88be-88571fef3df9,U001739,2022-08-10 20:06:10,20:06:10,2212038.13,online_payment,M00264,USD,success,mobile,D001724,169.146.151.224,debit_card,Singapore,"14.387938,107.527586",64,F,2019-09-15,active,0.59,0,0,0,auto_approved,0.0298,2022
cf60f7c2-ad14-4454-91af-813b8fdcf37a,U000026,2022-02-08 13:20:51,13:20:51,515305.81,cash_withdrawal,M00413,VND,success,mobile,D000176,167.159.224.19,bank_transfer,Singapore,"11.202237,105.734296",48,F,2017-01-11,active,0.6,0,0,0,auto_approved,0.2484,2022
97c88b50-f856-4251-b6eb-0b984a274780,U000098,2022-07-31 14:47:09,14:47:09,324057.96,purchase,M00094,USD,success,mobile,D002535,74.24.196.34,bank_transfer,Ho Chi Minh City,"15.069296,103.425542",64,F,2014-12-31,active,0.62,0,0,0,auto_approved,0.2464,2022
36f4c654-d216-4a08-9332-9e2d909d56bb,U001329,2022-02-25 06:45:16,06:45:16,860987.74,transfer,M00423,VND,success,desktop,D002353,12.108.23.153,debit_card,Bangkok,"13.459057,103.088475",36,F,2019-11-27,active,0.74,1,0,0,auto_approved,0.3995,2022
50fca61e-9252-4079-8718-964fe33ad87a,U001044,2022-03-07 23:47:40,23:47:40,71481.17,cash_withdrawal,M00437,USD,success,mobile,D001812,87.227.72.57,credit_card,Singapore,"21.121511,104.231793",23,F,2016-10-24,active,0.84,0,0,0,auto_approved,0.0759,2022
be77704e-c02f-4890-8b51-6bcd9abd8747,U001562,2022-11-12 15:15:48,15:15:48,647242.57,bill_payment,M00137,VND,success,pos,D002466,57.99.35.90,debit_card,Singapore,"12.060269,104.444706",47,F,2016-01-01,active,0.87,0,0,0,auto_approved,0.4465,2022
ed32394b-f21e-4411-b0c3-f0c88aa5a24e,U001025,2022-03-08 22:13:54,22:13:54,74266.65,purchase,M00441,USD,success,mobile,D002869,105.50.215.16,debit_card,Singapore,"19.576035,106.507499",30,F,2016-08-04,active,0.71,1,0,0,auto_approved,0.3321,2022
292acbd9-df8a-4355-a179-64566708f789,U001158,2022-11-26 01:00:21,01:00:21,77485.16,online_payment,M00023,USD,success,pos,D002613,251.230.151.235,bank_transfer,Kuala Lumpur,"11.751694,106.833644",67,M,2016-10-03,active,0.63,0,0,0,auto_approved,0.0847,2022
debb4a31-8056-4e8b-8d7e-38ab9e3a1276,U000713,2022-09-11 16:53:31,16:53:31,80995.76,bill_payment,M00007,VND,success,mobile,D002568,59.2.14.96,mobile_wallet,Ho Chi Minh City,"14.356508,106.526657",57,F,2014-10-04,active,0.73,0,0,0,auto_approved,0.4012,2022
ebc70329-5a27-4bfd-87ea-fe98f793981a,U000757,2022-08-10 15:24:21,15:24:21,380744.44,online_payment,M00037,VND,success,desktop,D001840,168.172.13.153,credit_card,Da Nang,"11.437572,108.633584",29,M,2020-07-03,active,0.85,0,0,0,auto_approved,0.231,2022
830e2567-f775-48a6-a5c5-e8e92922d6e3,U001334,2022-04-09 23:59:31,23:59:31,695840.95,purchase,M00373,USD,success,mobile,D002406,211.8.253.3,credit_card,Hanoi,"19.451684,104.753599",60,M,2021-10-12,active,0.97,0,0,0,auto_approved,0.1304,2022
85b73001-2103-44c4-8896-f0918720e51f,U001413,2022-02-15 01:08:05,01:08:05,427309.51,purchase,M00360,USD,success,atm,D002185,173.106.253.180,credit_card,Ho Chi Minh City,"21.739815,103.090638",49,M,2020-03-09,active,0.55,0,0,0,auto_approved,0.3977,2022
3f333b8a-c501-4b9b-be7c-02f322daa1c1,U001365,2022-08-27 02:06:07,02:06:07,183414.58,online_payment,M00257,VND,success,atm,D001226,83.65.243.118,mobile_wallet,Singapore,"19.133004,106.747501",48,M,2014-09-02,active,0.74,1,0,0,auto_approved,0.3593,2022
4353e3d8-df74-48a8-a026-49483c00d7b3,U000762,2022-11-26 11:16:58,11:16:58,311307.09,transfer,M00166,USD,success,pos,D001124,11.223.140.31,mobile_wallet,Hanoi,"16.654983,107.023067",26,M,2022-06-04,active,0.8,0,0,0,auto_approved,0.3507,2022
e749815a-b11b-46f3-becc-17b60af528fb,U001664,2022-10-04 02:49:34,02:49:34,1070522.39,bill_payment,M00481,USD,success,mobile,D002683,204.131.230.112,credit_card,Ho Chi Minh City,"13.609927,107.94771",41,M,2018-03-22,active,0.54,0,0,0,auto_approved,0.2457,2022
3cc281e2-5993-4e72-a224-85d0e97db1d6,U000981,2022-02-09 04:22:27,04:22:27,849164.0,transfer,M00073,VND,success,desktop,D001108,120.197.91.29,debit_card,Kuala Lumpur,"11.410188,104.450996",69,F,2020-02-23,active,0.93,0,0,0,auto_approved,0.1142,2022
187700b2-18bb-41c9-957f-8ee062558bcb,U001217,2022-09-20 13:58:00,13:58:00,513680.88,transfer,M00387,VND,success,desktop,D001517,235.88.134.243,debit_card,Kuala Lumpur,"19.407845,108.233535",37,M,2019-03-21,active,0.49,0,0,0,auto_approved,0.1488,2022
ba2c3689-9fd1-4ab1-81a7-f1e1f59283ce,U000149,2022-12-16 19:30:58,19:30:58,651518.44,cash_withdrawal,M00334,VND,success,atm,D002553,238.172.9.161,credit_card,Kuala Lumpur,"19.699699,103.450414",36,F,2020-06-09,active,0.99,2,1,1,pending_review,0.1816,2022
77a86ea3-713e-4d2c-84f5-d01da292f0fc,U000835,2022-09-26 08:38:49,08:38:49,458948.46,bill_payment,M00181,USD,success,mobile,D001777,115.236.83.19,debit_card,Da Nang,"19.867657,103.948671",24,M,2022-01-30,active,0.55,1,0,0,auto_approved,0.1351,2022
b123e841-3ada-4e62-a99b-40b851fdb33a,U000803,2022-07-17 13:16:59,13:16:59,396739.23,bill_payment,M00409,USD,success,atm,D000367,190.13.239.6,bank_transfer,Singapore,"19.793869,102.695579",31,F,2015-04-30,under_review,0.62,2,1,0,auto_approved,0.2441,2022
a87d3998-8135-4071-9389-21c548aa91f9,U001758,2022-10-02 14:13:28,14:13:28,289033.51,bill_payment,M00064,VND,success,mobile,D001299,245.199.199.234,credit_card,Bangkok,"8.524357,102.739211",69,M,2016-01-24,active,0.47,0,0,0,auto_approved,0.3147,2022
b0bc3934-c1ea-401f-9cf2-2417f2fa5a80,U001627,2022-06-07 05:47:45,05:47:45,719106.59,cash_withdrawal,M00221,VND,success,mobile,D000292,118.96.190.108,credit_card,Bangkok,"8.830881,104.956543",23,F,2016-03-17,active,0.88,0,0,0,auto_approved,0.2671,2022
51cb35b1-6136-46e9-ad87-54cdfed12e6c,U000242,2022-02-16 03:31:49,03:31:49,455817.01,online_payment,M00305,VND,failed,atm,D000357,193.198.62.88,debit_card,Da Nang,"18.872756,107.569674",47,M,2014-04-25,under_review,0.75,0,0,0,auto_approved,0.2389,2022
030fce94-ad0d-4ef0-933c-039aeaf2e7ac,U001421,2022-09-26 10:02:01,10:02:01,75396.82,online_payment,M00217,USD,success,desktop,D001237,144.187.215.145,credit_card,Da Nang,"15.581701,108.754447",31,M,2017-05-15,active,0.77,0,0,0,auto_approved,0.2044,2022
79b97831-7fdf-4707-93b5-a450f58f89fd,U001377,2022-12-04 18:10:06,18:10:06,2662547.72,cash_withdrawal,M00368,VND,success,mobile,D002677,62.141.50.57,bank_transfer,Da Nang,"14.724081,106.148233",52,M,2022-06-12,active,0.96,0,0,0,auto_approved,0.1632,2022
6cf29eb4-f8c4-4ae4-816d-a47538af7132,U000950,2022-02-27 17:12:22,17:12:22,345050.22,transfer,M00227,VND,success,mobile,D002431,50.73.11.30,debit_card,Ho Chi Minh City,"8.544632,104.661592",48,F,2018-09-25,under_review,0.77,0,0,0,auto_approved,0.0546,2022
cd9bfffe-4ecd-41ef-8da0-e00cab5100c5,U001882,2022-11-07 17:19:40,17:19:40,1582223.1,bill_payment,M00109,VND,success,atm,D001708,16.159.186.178,debit_card,Ho Chi Minh City,"21.70345,105.916578",25,F,2016-11-09,active,0.72,0,0,0,auto_approved,0.3054,2022
b60d4bd5-6c05-4f6c-845a-f5a68505c21c,U001983,2022-11-19 04:59:32,04:59:32,438702.63,online_payment,M00014,VND,success,desktop,D002166,110.6.171.54,credit_card,Bangkok,"21.10656,107.078317",20,M,2020-12-15,active,0.92,0,1,1,pending_review,0.4672,2022
a9cff8f9-ff55-4c7c-b392-6fb8735661b0,U000183,2022-06-24 18:21:27,18:21:27,87237.45,cash_withdrawal,M00096,VND,success,desktop,D000880,189.231.222.2,bank_transfer,Singapore,"10.474003,105.027831",61,M,2015-02-12,active,0.88,0,1,0,auto_approved,0.5101,2022
282ef863-6ea9-4b8b-97d4-1865005ca287,U001153,2022-06-03 09:34:11,09:34:11,898113.98,online_payment,M00417,USD,success,pos,D000613,139.132.192.228,credit_card,Ho Chi Minh City,"19.376669,107.726854",29,F,2018-03-20,active,0.78,0,0,0,auto_approved,0.0341,2022
797ba78d-2b71-476a-82de-bfe92919320f,U000158,2022-08-21 20:24:51,20:24:51,170984.62,bill_payment,M00438,VND,success,mobile,D000436,27.253.166.49,mobile_wallet,Hanoi,"14.623199,106.282158",26,M,2020-04-06,active,0.88,0,0,0,auto_approved,0.4112,2022
e0c653f5-9335-400a-9e41-604d6ed71502,U001302,2022-02-04 14:52:11,14:52:11,542020.96,cash_withdrawal,M00345,VND,success,mobile,D001835,143.202.183.39,bank_transfer,Ho Chi Minh City,"16.380537,108.245383",56,F,2013-12-08,active,0.63,0,0,0,auto_approved,0.2116,2022
07fc5263-2a0b-4a85-a1fa-ea9c1882a928,U000371,2022-12-03 18:22:41,18:22:41,877755.05,bill_payment,M00042,USD,success,pos,D000985,68.234.84.169,credit_card,Singapore,"20.78607,102.871644",23,M,2021-06-09,active,0.97,0,0,0,auto_approved,0.1951,2022
9f9e279b-2240-41b0-b5e7-c7d2aaa13d15,U000622,2022-08-12 13:35:14,13:35:14,785723.9,purchase,M00324,VND,success,pos,D002457,69.36.144.43,mobile_wallet,Ho Chi Minh City,"21.1383,106.537647",32,M,2022-04-08,active,0.99,0,0,0,auto_approved,0.1143,2022
4af63d49-a9f3-4780-bba6-51c80244cce4,U000567,2022-10-08 22:41:35,22:41:35,10319.45,purchase,M00016,VND,success,mobile,D000642,25.106.8.255,bank_transfer,Singapore,"20.42165,105.325798",24,F,2016-10-08,under_review,0.65,0,0,0,auto_approved,0.2596,2022
7ccfbc0c-e0e2-4562-8469-285e4909a2f6,U001542,2022-08-21 17:12:10,17:12:10,390054.68,online_payment,M00014,USD,success,mobile,D000638,186.100.43.68,bank_transfer,Singapore,"8.974732,103.385651",41,M,2016-09-19,active,0.64,0,0,0,auto_approved,0.2962,2022
bbab17e3-27f5-4c17-affa-43b4f9eec020,U000129,2022-03-27 22:24:43,22:24:43,621314.29,bill_payment,M00179,USD,success,mobile,D001242,189.228.233.114,debit_card,Hanoi,"19.498357,104.241959",60,F,2017-08-14,active,1.0,3,1,0,auto_approved,0.4284,2022
d9b91c74-bb2b-4bd6-8626-f5a354bec5e3,U000483,2022-02-19 09:11:32,09:11:32,473026.43,cash_withdrawal,M00216,VND,success,atm,D000769,70.69.110.19,bank_transfer,Ho Chi Minh City,"19.701301,105.301968",67,F,2019-10-27,blocked,0.52,0,0,0,auto_approved,0.4127,2022
a772b720-e509-4166-aa2c-4a5deccdfde0,U001639,2022-08-27 09:26:26,09:26:26,398806.12,bill_payment,M00406,USD,success,mobile,D002299,21.160.128.184,credit_card,Kuala Lumpur,"21.246694,102.451122",37,F,2019-01-28,active,0.47,0,0,0,auto_approved,0.3313,2022
00cb314d-4f05-47f5-b25b-e2e791063fd5,U000453,2022-10-12 05:55:41,05:55:41,1676883.91,purchase,M00397,VND,success,pos,D000792,219.56.59.159,bank_transfer,Kuala Lumpur,"8.785182,104.72617",66,M,2020-02-06,under_review,0.56,0,1,0,auto_approved,0.2948,2022
189a3f1d-e8cb-4241-a182-e9c6ca3c51c3,U001447,2022-03-09 20:24:22,20:24:22,926937.14,transfer,M00086,VND,success,desktop,D002797,182.132.248.111,debit_card,Da Nang,"21.250597,106.780524",46,M,2017-12-29,active,0.91,0,0,0,auto_approved,0.4426,2022
8a13449a-c1c2-4c68-a199-99c92a79ea45,U001975,2022-04-06 15:03:50,15:03:50,1076179.56,transfer,M00252,VND,success,pos,D001009,253.250.9.95,bank_transfer,Hanoi,"21.404131,105.621345",34,M,2017-07-20,active,0.7,1,0,0,auto_approved,0.2588,2022
ff0fcb9c-4f07-45f3-a47e-fe6c5ca2bf64,U001179,2022-02-21 01:21:47,01:21:47,177495.59,bill_payment,M00042,USD,success,atm,D000983,236.1.196.43,credit_card,Ho Chi Minh City,"20.860271,103.00599",36,F,2014-12-27,active,0.92,0,0,0,auto_approved,0.1032,2022
194e6eb9-ee75-4c17-ad9d-cfefb1b0d731,U000195,2022-02-12 12:42:49,12:42:49,3395288.87,transfer,M00399,VND,success,mobile,D002995,72.134.134.140,bank_transfer,Hanoi,"21.602954,103.273377",48,F,2016-01-06,active,0.58,1,1,0,auto_approved,0.4345,2022
08f0d478-e4fe-4f54-bbcc-64d000551ffb,U000875,2022-06-13 22:28:46,22:28:46,409994.92,transfer,M00023,VND,success,atm,D000496,150.122.162.176,debit_card,Kuala Lumpur,"14.496106,102.275369",35,F,2017-10-29,active,0.78,0,0,0,auto_approved,0.4269,2022
38cfd09a-ab31-4da4-98c9-8b673a391bf8,U001900,2022-08-01 01:52:03,01:52:03,21156.24,transfer,M00187,VND,success,pos,D002260,41.183.237.184,debit_card,Bangkok,"9.256095,102.670015",23,M,2020-11-14,active,0.61,0,0,0,auto_approved,0.2477,2022
eb94108c-288f-4e0a-85b8-bf4002cdd7e0,U000633,2022-06-21 15:21:29,15:21:29,113836.2,online_payment,M00031,USD,success,desktop,D001391,198.253.30.65,debit_card,Kuala Lumpur,"15.145871,103.738481",18,M,2019-01-01,active,0.52,0,0,0,auto_approved,0.4151,2022
9917cd97-1a1b-4677-a375-422ff2d48627,U000554,2022-07-18 02:55:21,02:55:21,587232.36,cash_withdrawal,M00015,USD,success,pos,D000065,164.243.248.46,bank_transfer,Ho Chi Minh City,"15.692419,106.345191",42,F,2018-12-05,blocked,0.87,0,0,0,auto_approved,0.0495,2022
9ea1b114-71f2-4192-bbb7-be79629ca5c1,U001674,2022-03-31 18:13:58,18:13:58,538612.95,purchase,M00431,VND,success,pos,D000498,240.207.102.223,bank_transfer,Hanoi,"10.865403,104.860044",30,F,2018-03-01,active,0.51,1,0,0,auto_approved,0.519,2022
7d160d25-9bb9-483e-af08-672e9e08496e,U001063,2022-01-15 23:00:56,23:00:56,514696.07,online_payment,M00076,USD,success,mobile,D001951,236.91.209.186,credit_card,Da Nang,"20.403905,106.78469",64,M,2018-11-28,active,0.6,0,0,0,auto_approved,0.264,2022
90d35cec-42cb-41b9-88b1-17cdb0d3425b,U001504,2022-11-05 08:33:33,08:33:33,2072108.42,online_payment,M00082,VND,success,atm,D000187,106.208.109.152,credit_card,Kuala Lumpur,"14.43795,102.658009",48,M,2017-07-08,active,0.97,0,0,0,auto_approved,0.3476,2022
d9efe09d-85a4-4272-b8c7-e08ba7e7d460,U001336,2022-12-08 00:00:44,00:00:44,495327.21,transfer,M00220,USD,success,desktop,D000898,239.155.210.8,mobile_wallet,Hanoi,"11.578726,103.837902",60,M,2021-11-05,active,0.95,0,0,0,auto_approved,0.0964,2022
43524fee-9416-4047-9992-65ccaf6c51a1,U000127,2022-03-20 03:23:24,03:23:24,898080.46,bill_payment,M00359,USD,success,atm,D000715,120.115.223.108,credit_card,Hanoi,"8.505938,106.388701",59,F,2018-09-20,active,0.86,1,0,0,auto_approved,0.4366,2022
9576dc30-5b02-4112-b4fb-151fd64a682f,U000865,2022-01-24 13:48:11,13:48:11,212996.57,purchase,M00077,USD,success,mobile,D001224,44.1.114.129,bank_transfer,Ho Chi Minh City,"8.563902,102.248087",64,F,2018-01-21,active,0.71,0,0,0,auto_approved,0.4237,2022
c9bc561a-8237-4878-943f-4506694f95b7,U001451,2022-05-30 09:17:31,09:17:31,498153.06,transfer,M00176,USD,success,mobile,D002992,62.91.151.151,bank_transfer,Ho Chi Minh City,"15.20445,108.41832",37,M,2021-03-31,active,0.55,0,0,0,auto_approved,0.0401,2022
6fd43049-8d75-4736-9484-53da7c78996e,U000037,2022-11-17 07:22:00,07:22:00,3764466.79,online_payment,M00099,VND,pending,desktop,D000525,120.59.69.231,mobile_wallet,Singapore,"16.345188,108.738486",20,F,2022-03-08,active,0.74,0,1,1,pending_review,0.4862,2022
a07125fd-ccd6-4b39-80c4-6be0a7839b9a,U000501,2022-10-27 22:36:43,22:36:43,739241.2,cash_withdrawal,M00228,VND,success,desktop,D000913,188.60.16.211,debit_card,Bangkok,"10.645658,103.304534",21,M,2017-07-19,active,0.95,3,1,0,auto_approved,0.4028,2022
3d21c844-af2a-463f-be11-a8f6124b9e7c,U000224,2022-05-21 06:59:57,06:59:57,837595.11,purchase,M00377,USD,success,desktop,D000726,204.60.103.235,credit_card,Ho Chi Minh City,"15.921412,106.252416",45,M,2021-05-20,active,0.51,1,0,0,auto_approved,0.2674,2022
efdb4839-5bbb-4f57-8f25-a7228ee99920,U001951,2022-04-05 04:44:32,04:44:32,564254.49,bill_payment,M00072,VND,failed,atm,D002711,175.145.189.232,mobile_wallet,Ho Chi Minh City,"8.021302,104.645038",26,F,2017-12-04,active,0.48,0,0,0,auto_approved,0.3697,2022
f0e90ae6-a4f2-4219-b118-4f8208449002,U001544,2022-01-17 05:25:58,05:25:58,2212791.42,purchase,M00391,USD,success,mobile,D000264,75.171.211.6,debit_card,Da Nang,"11.118838,104.421843",42,F,2020-07-22,active,0.72,1,0,0,auto_approved,0.1926,2022
86386582-79e9-4e88-ad3e-d64cd0a69ba0,U001571,2022-12-27 06:29:38,06:29:38,24718.34,bill_payment,M00152,VND,success,pos,D002268,53.88.159.202,credit_card,Kuala Lumpur,"19.960282,105.199742",64,F,2016-06-20,active,0.76,1,0,0,auto_approved,0.6113,2022
0802d4f5-3a51-4a4d-afb5-559a109d0d6d,U000299,2022-12-27 02:28:51,02:28:51,816274.6,purchase,M00357,VND,success,desktop,D000466,59.126.50.78,mobile_wallet,Singapore,"13.198737,108.171784",67,M,2017-08-06,active,0.81,0,0,0,auto_approved,0.3672,2022
00251711-c57d-485c-912e-26dc669dd0b0,U000191,2022-08-03 19:36:47,19:36:47,701239.2,online_payment,M00132,USD,success,pos,D001229,250.30.157.248,debit_card,Da Nang,"19.406862,106.761779",28,M,2016-12-07,active,0.92,0,1,0,auto_approved,0.3936,2022
e8c68b1f-b736-485f-8bd2-3963cf882377,U000492,2022-08-30 07:29:43,07:29:43,19486.82,purchase,M00439,USD,success,pos,D002592,79.92.131.213,mobile_wallet,Bangkok,"19.035099,102.647374",43,M,2017-11-18,active,0.79,0,0,0,auto_approved,0.0536,2022
b1ead680-d532-4c41-9359-076fdeb6bccc,U000584,2022-10-14 14:25:21,14:25:21,261501.27,bill_payment,M00489,USD,success,desktop,D000559,157.16.220.163,credit_card,Singapore,"10.157461,102.170747",69,M,2015-10-14,active,0.46,0,0,0,auto_approved,0.3001,2022
0087f9cb-0f6a-42db-84b3-6182c97d344e,U001461,2022-11-01 15:21:04,15:21:04,363404.71,online_payment,M00377,VND,success,mobile,D000707,187.25.26.126,credit_card,Kuala Lumpur,"8.128095,105.700525",19,F,2022-03-19,active,0.69,0,0,0,auto_approved,0.2604,2022
19277d9e-ccde-4001-80e5-4d336f1f31d5,U001451,2022-05-26 10:59:27,10:59:27,2489481.44,cash_withdrawal,M00181,VND,success,atm,D002428,132.81.122.161,credit_card,Kuala Lumpur,"18.297235,106.166111",41,M,2019-08-22,active,0.91,0,0,0,auto_approved,0.4431,2022
fabc2050-12e0-4823-988a-64823e4fdf42,U000127,2022-02-28 19:29:35,19:29:35,551811.68,bill_payment,M00374,VND,success,atm,D002642,72.252.36.45,mobile_wallet,Bangkok,"20.98488,103.436547",55,F,2018-10-25,active,0.55,0,0,0,auto_approved,0.0369,2022
45655b61-b77b-4747-8f90-898149b327a4,U001820,2022-06-05 02:19:22,02:19:22,684229.54,bill_payment,M00026,USD,success,pos,D002823,185.209.207.27,mobile_wallet,Kuala Lumpur,"19.966054,104.207866",19,M,2017-08-08,active,0.97,0,0,0,auto_approved,0.4149,2022
60224c9e-a41f-40c6-833a-69486ce6a0c1,U000696,2022-03-26 06:11:36,06:11:36,1397857.49,bill_payment,M00483,USD,success,mobile,D001078,242.219.98.106,bank_transfer,Ho Chi Minh City,"9.441099,106.576196",50,M,2019-12-22,active,0.5,0,0,0,auto_approved,0.2212,2022
58a38f3b-e893-4755-a954-1fef97350e6e,U001795,2022-07-20 08:24:52,08:24:52,506864.06,bill_payment,M00168,VND,success,desktop,D000244,162.107.209.109,debit_card,Ho Chi Minh City,"10.857659,106.248264",49,F,2015-02-26,active,0.55,0,0,0,auto_approved,0.3942,2022
857dbfb1-39a6-420a-b527-179d1095074c,U001138,2022-08-27 05:32:54,05:32:54,697085.52,bill_payment,M00144,VND,success,mobile,D002311,132.228.216.5,mobile_wallet,Hanoi,"16.226091,106.308179",37,M,2022-06-30,active,0.7,0,0,0,auto_approved,0.3623,2022
70d513fa-d558-463d-893f-fa08be339606,U001284,2022-05-13 09:54:14,09:54:14,103674.44,purchase,M00031,VND,failed,mobile,D000907,202.155.211.220,mobile_wallet,Kuala Lumpur,"13.295815,102.261527",66,M,2017-03-19,active,0.96,0,0,0,auto_approved,0.0214,2022
6e4e1b3a-7158-4d70-bb8d-9c22149b90d3,U001787,2022-02-07 22:17:55,22:17:55,1002715.96,online_payment,M00125,USD,success,pos,D002429,207.169.28.243,bank_transfer,Kuala Lumpur,"11.377877,106.37427",37,F,2018-02-04,active,0.94,0,0,0,auto_approved,0.3667,2022
f402d27b-8dd7-44f8-9752-fdbb618f6624,U000270,2022-12-19 08:37:12,08:37:12,75756.77,purchase,M00070,VND,success,mobile,D000715,26.81.68.187,mobile_wallet,Bangkok,"10.997586,103.510611",52,F,2017-01-01,active,0.64,0,0,0,auto_approved,0.0815,2022
823a7143-1aee-4664-8963-b30478a96de4,U001395,2022-11-04 01:40:07,01:40:07,529580.49,bill_payment,M00110,VND,success,desktop,D002935,8.141.127.240,mobile_wallet,Bangkok,"18.385415,108.890822",32,M,2016-11-27,active,0.62,0,0,0,auto_approved,0.152,2022
3b13e217-4fa5-4385-95ed-d3ae890ebe47,U000617,2022-08-05 11:08:39,11:08:39,961015.74,purchase,M00066,USD,success,mobile,D002100,61.152.44.111,mobile_wallet,Kuala Lumpur,"20.958569,103.083503",34,M,2020-08-17,active,0.96,0,0,0,auto_approved,0.0772,2022
48609e2f-f95b-4076-b948-bef473e84948,U000699,2022-07-31 02:36:36,02:36:36,211648.9,bill_payment,M00005,USD,success,mobile,D001507,156.183.22.72,bank_transfer,Bangkok,"19.341542,103.676857",34,F,2018-05-28,active,0.79,0,0,0,auto_approved,0.376,2022
555641cb-60be-4ee1-a5ee-19159aea45a1,U001217,2022-06-01 10:13:57,10:13:57,1489448.69,bill_payment,M00464,USD,success,pos,D000120,100.253.205.187,bank_transfer,Singapore,"21.574122,105.575296",28,F,2021-06-02,active,0.92,0,0,0,auto_approved,0.2025,2022
9f5296b4-5df7-4e38-9d25-b1300bc4ab49,U000751,2022-11-15 10:04:30,10:04:30,306134.96,transfer,M00093,USD,success,desktop,D001879,137.123.152.49,bank_transfer,Da Nang,"16.174727,107.072711",47,F,2020-07-28,active,0.7,0,0,0,auto_approved,0.3437,2022
ae1a1899-f6c1-4ca6-a1df-39ec38b6a4de,U000398,2022-02-08 01:19:38,01:19:38,54082.16,purchase,M00023,VND,success,desktop,D002627,243.184.181.10,debit_card,Bangkok,"16.417714,103.450777",32,F,2014-06-24,active,0.57,0,0,0,auto_approved,0.4414,2022
f5dc07ec-786c-4737-b1af-f1eae4420c28,U001000,2022-07-02 11:23:12,11:23:12,487152.14,online_payment,M00234,VND,success,desktop,D001209,7.229.246.214,debit_card,Bangkok,"10.805409,108.172377",36,M,2019-11-30,active,0.68,0,0,0,auto_approved,0.2217,2022
9d063af3-fa49-4725-bc8b-618f663062d1,U000870,2022-12-15 07:21:24,07:21:24,25163.3,transfer,M00063,USD,success,pos,D000748,134.237.72.108,credit_card,Bangkok,"17.081422,107.0512",57,F,2021-08-03,active,0.99,0,0,0,auto_approved,0.4068,2022
d4bd5a77-ab50-43f6-9958-83832a2b0d8b,U001894,2022-09-29 11:10:47,11:10:47,945234.97,cash_withdrawal,M00275,VND,success,mobile,D001310,109.159.128.170,debit_card,Da Nang,"18.689873,105.741308",56,F,2020-06-28,active,0.88,0,1,0,auto_approved,0.256,2022
97358927-2446-421b-bf20-0ba735624fc5,U001678,2022-02-23 12:30:32,12:30:32,300313.03,online_payment,M00357,VND,success,desktop,D001102,154.229.66.21,credit_card,Hanoi,"21.673264,108.693757",33,M,2021-04-09,active,0.65,0,0,0,auto_approved,0.1193,2022
81b9e1f0-8dbd-48c8-b7b6-58f724232c2c,U001920,2022-02-07 20:11:27,20:11:27,1561363.85,online_payment,M00374,VND,failed,atm,D000070,165.204.83.208,bank_transfer,Singapore,"17.857424,104.245205",25,M,2019-03-29,active,0.62,0,0,0,auto_approved,0.3419,2022
7917e32a-e068-4add-a48e-6609931b835b,U000998,2022-06-22 03:44:05,03:44:05,633888.76,cash_withdrawal,M00493,VND,success,pos,D001533,25.174.136.149,bank_transfer,Singapore,"20.772149,105.738487",69,M,2018-02-24,active,0.6,0,0,0,auto_approved,0.247,2022
8a1ceb16-e997-45e0-9351-d24daa6b46d9,U000479,2022-02-28 07:31:39,07:31:39,911674.52,bill_payment,M00478,VND,success,atm,D001245,66.153.220.92,credit_card,Ho Chi Minh City,"10.728542,106.06451",35,F,2016-07-22,active,0.61,0,0,0,auto_approved,0.4428,2022
7e5b34b7-d3af-4e92-9578-e507d56f82d4,U000304,2022-02-12 04:48:34,04:48:34,1268115.1,cash_withdrawal,M00037,VND,success,atm,D001559,239.178.23.6,bank_transfer,Bangkok,"21.366374,103.08586",32,M,2017-10-17,active,0.93,0,0,0,auto_approved,0.423,2022
7f087b7b-38ee-422d-926e-2c7f6a81e3f8,U001081,2022-10-28 06:51:06,06:51:06,30943.6,purchase,M00370,VND,success,mobile,D001664,118.66.35.94,debit_card,Bangkok,"9.840592,105.001237",70,F,2018-02-28,active,0.77,0,0,0,auto_approved,0.0915,2022
d7cb40e5-9dd5-4733-a85b-4ef916318358,U000959,2022-11-14 07:27:00,07:27:00,26997.62,bill_payment,M00159,USD,failed,atm,D000019,198.196.234.4,mobile_wallet,Kuala Lumpur,"8.090756,106.217532",38,M,2021-07-20,active,0.67,0,0,0,auto_approved,0.1666,2022
7037ec4a-05c0-4024-8726-a37f08cb21b9,U001482,2022-04-24 21:58:37,21:58:37,690175.88,cash_withdrawal,M00279,VND,success,mobile,D001253,151.148.177.148,debit_card,Da Nang,"13.670868,106.912239",52,M,2020-06-02,active,0.46,0,0,0,auto_approved,0.4119,2022
94f9fa73-ff17-412e-b368-eccaaab0319d,U000363,2022-07-25 04:57:59,04:57:59,469304.07,online_payment,M00258,USD,pending,desktop,D001292,150.135.252.110,credit_card,Kuala Lumpur,"12.632095,102.488644",52,F,2021-06-21,active,0.9,0,0,0,auto_approved,0.4161,2022
e5506e46-56dc-404b-979e-9ffdca1927dc,U001150,2022-03-16 21:50:28,21:50:28,1356955.43,bill_payment,M00058,USD,success,mobile,D002236,233.109.147.120,mobile_wallet,Kuala Lumpur,"8.638857,107.170303",41,M,2020-03-18,active,0.56,0,0,0,auto_approved,0.2455,2022
b66e6726-5cb2-4f84-b89e-ca4d689f9e31,U001999,2022-09-12 20:37:15,20:37:15,1527354.36,bill_payment,M00118,USD,success,mobile,D001349,114.150.221.4,debit_card,Ho Chi Minh City,"21.914246,105.825437",29,F,2020-03-15,active,0.48,0,0,0,auto_approved,0.373,2022
0c507557-af3c-4486-ba80-c55d60cd3adf,U001012,2022-02-14 06:37:13,06:37:13,147989.86,transfer,M00340,USD,success,mobile,D002111,115.196.2.137,credit_card,Da Nang,"15.14367,102.43618",56,M,2021-11-18,active,0.49,0,0,0,auto_approved,0.1729,2022
b03ec9ed-0fd4-4ad1-938a-fff34a6b052b,U000141,2022-01-30 01:55:50,01:55:50,174240.33,transfer,M00369,USD,success,atm,D000466,65.75.54.175,debit_card,Bangkok,"18.819001,103.65518",36,M,2021-08-28,active,0.67,0,0,0,auto_approved,0.3846,2022
da38c4d1-72bb-4c1c-81c7-ad029c89b044,U000744,2022-01-04 05:58:12,05:58:12,865399.13,cash_withdrawal,M00165,VND,success,atm,D000104,217.253.182.17,mobile_wallet,Singapore,"21.410211,107.699298",60,F,2021-09-22,active,0.84,0,0,0,auto_approved,0.2242,2022
5e796a90-4bde-46a4-9a5c-0b29ba73ff71,U000320,2022-06-03 21:57:21,21:57:21,105247.13,online_payment,M00358,USD,success,mobile,D000017,251.60.76.229,mobile_wallet,Singapore,"17.147981,107.621073",32,F,2015-09-04,active,0.54,1,0,0,auto_approved,0.5486,2022
24523253-4d66-43d8-87b3-940205411b6d,U001530,2022-05-23 14:40:15,14:40:15,737250.1,bill_payment,M00196,VND,success,pos,D001212,130.36.122.161,credit_card,Hanoi,"11.707414,102.639913",60,M,2018-08-28,active,0.86,0,0,0,auto_approved,0.3265,2022
eb63f3ee-074c-40f0-8e9a-78ffd36e527f,U001406,2022-04-15 09:34:23,09:34:23,1818240.1,purchase,M00402,USD,success,atm,D001417,101.224.157.107,bank_transfer,Hanoi,"8.81367,102.585263",48,M,2022-02-25,active,0.49,0,0,0,auto_approved,0.0323,2022
65492209-8c42-4521-9136-3e15eca034ad,U001944,2022-07-29 22:39:07,22:39:07,537093.03,transfer,M00042,VND,success,desktop,D001027,24.112.173.220,credit_card,Kuala Lumpur,"15.304858,102.322522",28,F,2019-06-27,active,0.45,0,0,0,auto_approved,0.1462,2022
96e48481-bda0-4448-85b8-c065b81103c1,U000169,2022-03-06 00:31:06,00:31:06,368463.14,cash_withdrawal,M00026,VND,success,atm,D000576,56.35.93.247,mobile_wallet,Kuala Lumpur,"16.447271,106.669563",62,M,2014-10-17,active,0.53,0,0,0,auto_approved,0.0242,2022
b79c8ef7-66cf-4722-bfb7-886230d58d6b,U000275,2022-12-06 01:11:26,01:11:26,78998.32,cash_withdrawal,M00114,VND,success,desktop,D000299,128.171.140.243,bank_transfer,Singapore,"21.496622,105.03745",39,M,2020-03-22,active,0.97,0,0,0,auto_approved,0.076,2022
c8282835-2e4c-4cf1-87eb-e8508fb298c4,U001897,2022-11-27 15:08:42,15:08:42,340898.23,cash_withdrawal,M00217,USD,success,pos,D001004,120.25.117.89,mobile_wallet,Kuala Lumpur,"19.913032,106.916832",19,M,2021-01-19,active,0.83,0,0,0,auto_approved,0.0323,2022
294fdaf2-9352-4863-a33c-78fbdfb44df3,U001575,2022-07-28 01:39:28,01:39:28,1812060.53,cash_withdrawal,M00470,USD,success,desktop,D001989,205.159.90.49,mobile_wallet,Kuala Lumpur,"21.949675,106.827395",41,M,2018-08-07,active,1.0,0,0,0,auto_approved,0.3315,2022
d3212faa-c9af-4580-8b02-c455e104d4ac,U001726,2022-03-26 12:40:45,12:40:45,294616.9,transfer,M00296,VND,success,atm,D000236,127.159.175.85,bank_transfer,Da Nang,"8.821402,107.456981",57,M,2014-02-26,active,0.73,0,0,0,auto_approved,0.2361,2022
8eeee249-fba6-4f0a-9ad8-f50674c508a6,U001800,2022-03-02 10:14:32,10:14:32,514060.23,bill_payment,M00394,VND,success,mobile,D001866,230.75.173.101,debit_card,Da Nang,"10.516842,106.890122",37,M,2014-08-14,active,0.64,0,0,0,auto_approved,0.1038,2022
4a088aa5-d9f5-45d8-992c-c62e9c8e9c1d,U000833,2022-06-18 10:49:06,10:49:06,1251274.48,cash_withdrawal,M00066,VND,success,mobile,D002213,109.166.133.229,debit_card,Singapore,"19.090392,107.763473",28,M,2021-07-10,active,0.58,2,1,0,auto_approved,0.2447,2022
6ec65aba-d4a0-40a0-9e77-13070abf8c4d,U000007,2022-08-01 15:19:39,15:19:39,388517.52,online_payment,M00288,VND,success,pos,D000431,38.206.209.72,credit_card,Kuala Lumpur,"16.792702,106.488066",32,M,2017-10-15,active,0.72,0,0,0,auto_approved,0.3377,2022
0857215e-e3df-427c-b372-991cbcf87049,U000175,2022-12-02 15:01:55,15:01:55,202821.63,transfer,M00143,VND,success,desktop,D001541,139.119.24.119,credit_card,Hanoi,"19.706017,108.468824",58,F,2017-06-30,under_review,1.0,0,0,0,auto_approved,0.315,2022
2d1fdbce-2417-4b80-81e6-63e95ee6dd15,U000843,2022-01-26 08:01:38,08:01:38,429629.62,cash_withdrawal,M00496,VND,success,desktop,D000332,53.198.92.35,debit_card,Da Nang,"8.588185,104.094581",52,F,2016-01-20,active,0.86,0,0,0,auto_approved,0.1005,2022
2a4eb0f5-e87f-4dbd-98ca-51bcbdef059f,U000818,2022-09-15 18:45:06,18:45:06,650462.17,cash_withdrawal,M00410,USD,failed,pos,D002009,233.46.232.72,credit_card,Singapore,"10.11317,105.965087",39,M,2015-02-20,active,0.9,0,0,0,auto_approved,0.0697,2022
1440e259-af75-4ffa-9b20-3f295a94e47c,U000631,2022-10-09 13:49:18,13:49:18,1482090.88,online_payment,M00301,USD,success,pos,D000536,185.169.125.233,debit_card,Bangkok,"19.763163,103.054831",45,F,2018-04-30,active,0.71,0,0,0,auto_approved,0.0424,2022
7f82c13e-ced9-443e-aff4-c68d88a27561,U000456,2022-07-15 21:51:50,21:51:50,63056.17,transfer,M00148,USD,success,mobile,D001552,76.253.186.115,debit_card,Da Nang,"11.909536,102.721686",54,F,2014-09-29,active,0.81,0,0,0,auto_approved,0.3882,2022
e61684c2-75b4-4c24-910c-ea4c7c0764c2,U000193,2022-12-06 03:14:34,03:14:34,2135242.45,bill_payment,M00473,USD,success,mobile,D001063,190.207.178.248,bank_transfer,Bangkok,"12.505696,108.360561",41,F,2016-12-03,active,0.5,0,0,0,auto_approved,0.3956,2022
2192d66c-ed98-4240-8788-7a8b24395426,U000356,2022-04-15 17:57:29,17:57:29,200076.06,online_payment,M00044,USD,success,mobile,D001923,2.199.115.215,mobile_wallet,Hanoi,"21.845223,107.85506",34,F,2016-12-23,active,0.63,0,0,0,auto_approved,0.1192,2022
6e6ef459-af55-4336-8f3e-e61517406ce2,U000344,2022-01-05 19:09:42,19:09:42,379007.1,purchase,M00226,VND,success,desktop,D000357,16.231.27.227,bank_transfer,Ho Chi Minh City,"18.169984,107.696488",43,F,2018-05-19,active,0.73,0,0,0,auto_approved,0.1169,2022
5fca3502-cee0-4008-90d0-d776ad5d905d,U001046,2022-12-23 09:04:19,09:04:19,47264.0,purchase,M00020,USD,failed,atm,D000422,12.67.58.115,debit_card,Kuala Lumpur,"15.818671,103.0525",29,F,2018-05-25,active,0.73,0,0,0,auto_approved,0.3901,2022
f45d686b-6789-43ef-a6a9-43e762363dcb,U001388,2022-11-22 14:02:54,14:02:54,294070.6,transfer,M00294,VND,success,atm,D002548,110.213.182.13,debit_card,Da Nang,"16.041855,104.007725",46,F,2017-12-11,active,0.49,2,1,0,auto_approved,0.3396,2022
121d93d0-e7a2-403c-a021-bf8f9e9feaec,U001852,2022-02-01 00:14:16,00:14:16,774479.1,online_payment,M00015,VND,success,mobile,D000045,84.164.62.234,mobile_wallet,Bangkok,"12.013732,107.913018",62,F,2015-11-22,active,0.71,0,0,0,auto_approved,0.032,2022
d199969f-58f3-4e4e-8dd6-afd8b47a0920,U000131,2022-05-30 12:26:25,12:26:25,1353502.16,bill_payment,M00153,USD,success,mobile,D001894,117.116.243.219,mobile_wallet,Ho Chi Minh City,"8.673821,106.62101",44,F,2022-03-10,under_review,0.85,1,0,0,auto_approved,0.3998,2022
c4a7bc40-a1be-4e26-9e5c-453e15700281,U001424,2022-06-26 16:43:29,16:43:29,1070454.57,online_payment,M00115,USD,success,atm,D000202,5.221.215.121,bank_transfer,Bangkok,"12.844227,105.836162",59,F,2020-05-12,active,0.47,0,0,0,auto_approved,0.1602,2022
fcde35bd-573a-429d-bbfd-3a4ad3f6db2a,U001564,2022-11-13 03:18:49,03:18:49,1227480.28,online_payment,M00457,VND,success,pos,D001894,214.99.252.240,debit_card,Kuala Lumpur,"12.747361,104.978261",65,M,2016-03-09,active,0.97,0,0,0,auto_approved,0.3521,2022
4f993261-4f42-41b6-80d1-39694bd219a4,U001086,2022-07-21 23:52:34,23:52:34,430554.38,purchase,M00332,VND,success,atm,D000828,144.159.23.72,credit_card,Kuala Lumpur,"12.788907,108.957956",61,F,2020-09-26,active,0.99,0,0,0,auto_approved,0.331,2022
6e2adb03-2f5f-4871-ba0d-b6ad2f3edaeb,U001718,2022-09-02 19:15:43,19:15:43,3697340.98,purchase,M00224,USD,success,pos,D000168,27.122.182.233,debit_card,Kuala Lumpur,"14.446393,104.926873",57,M,2017-10-03,active,0.9,0,1,0,auto_approved,0.435,2022
e05c6ac4-16dd-4453-ba69-f12711e75bbb,U001990,2022-05-12 14:32:00,14:32:00,887006.36,online_payment,M00335,VND,success,desktop,D000170,119.206.17.44,credit_card,Hanoi,"11.185314,103.151071",56,F,2019-12-20,active,0.86,0,0,0,auto_approved,0.2162,2022
c343308e-36b1-4307-9bcd-a92ffabcfbcd,U001434,2022-01-17 08:25:46,08:25:46,121385.86,transfer,M00139,USD,success,mobile,D002994,39.75.114.98,debit_card,Bangkok,"8.343126,102.8064",54,F,2014-05-19,active,0.6,0,0,0,auto_approved,0.1353,2022
531b2a73-8055-4b96-8361-7398eb659517,U000590,2022-11-09 18:46:16,18:46:16,755683.65,cash_withdrawal,M00290,VND,pending,atm,D002290,148.16.207.145,credit_card,Ho Chi Minh City,"21.095439,102.377046",70,F,2020-12-03,active,0.75,0,0,0,auto_approved,0.0608,2022
56b571ac-db58-42cd-8ff7-30759b232b53,U000120,2022-09-08 18:53:03,18:53:03,1086173.37,bill_payment,M00014,USD,success,pos,D001153,211.40.207.57,mobile_wallet,Bangkok,"19.84086,106.101214",24,M,2020-07-04,active,0.97,0,0,0,auto_approved,0.3266,2022
b6f329cb-962a-4bc0-8461-cd2b2bbaa896,U000027,2022-09-22 01:55:47,01:55:47,188943.15,purchase,M00359,USD,success,mobile,D001111,181.112.0.238,debit_card,Singapore,"8.898589,105.053878",50,M,2022-03-01,active,0.64,0,0,0,auto_approved,0.3377,2022
feee8f46-c598-457a-8a12-c5e70462e522,U001632,2022-02-14 21:23:48,21:23:48,94563.41,bill_payment,M00304,VND,success,atm,D001175,43.57.35.44,mobile_wallet,Ho Chi Minh City,"10.415985,106.030333",46,M,2016-07-24,active,0.86,0,0,0,auto_approved,0.394,2022
f4dfcb1b-2f13-4e3d-b565-14a5098eb7de,U000574,2022-07-31 04:24:58,04:24:58,435088.21,bill_payment,M00166,USD,success,mobile,D001592,4.230.139.141,debit_card,Kuala Lumpur,"10.986359,102.377991",56,M,2020-06-12,active,0.72,0,0,0,auto_approved,0.1545,2022
a4c18fb7-9501-4945-9349-2133d4e60760,U000231,2022-02-10 06:00:18,06:00:18,400027.94,online_payment,M00239,VND,success,mobile,D002958,135.68.8.121,bank_transfer,Bangkok,"16.758812,105.911432",43,M,2017-02-03,active,0.47,1,0,0,auto_approved,0.4321,2022
c25d8e38-c90f-41ac-b90c-a5f606774995,U000839,2022-02-21 03:40:13,03:40:13,637201.54,online_payment,M00405,VND,success,atm,D000708,99.139.251.246,bank_transfer,Singapore,"12.681888,102.537971",41,M,2017-03-04,active,0.8,1,0,0,auto_approved,0.4816,2022
78d4178d-6ea4-4669-87b9-6e7f2ea2febf,U001887,2022-12-22 02:35:08,02:35:08,971565.61,purchase,M00097,VND,success,atm,D002364,174.11.202.82,credit_card,Hanoi,"11.99934,102.917079",64,F,2020-12-27,active,0.52,1,0,0,auto_approved,0.2037,2022
21568a87-083c-496b-a2d3-313af64d8be5,U000980,2022-06-08 22:34:47,22:34:47,268159.93,cash_withdrawal,M00116,VND,success,desktop,D000288,138.151.159.152,debit_card,Bangkok,"20.084025,107.364858",62,M,2022-04-21,active,0.71,0,0,0,auto_approved,0.0276,2022
be084fed-b6d2-4238-895e-07d543601533,U000822,2022-06-01 14:50:18,14:50:18,353957.7,purchase,M00138,VND,success,desktop,D001324,21.51.97.216,mobile_wallet,Kuala Lumpur,"16.652034,102.918773",18,M,2021-04-03,active,0.61,2,1,0,auto_approved,0.2412,2022
c018123d-26e3-4201-9d68-4a813d0ca99c,U000123,2022-10-25 16:40:09,16:40:09,464394.33,online_payment,M00310,VND,success,mobile,D001192,222.249.223.232,credit_card,Bangkok,"12.21745,107.047737",23,F,2017-03-03,active,0.5,0,0,0,auto_approved,0.0545,2022
c47fad89-feba-49de-bc91-4b7d00471071,U001138,2022-10-01 11:03:33,11:03:33,44841.12,online_payment,M00339,VND,success,desktop,D000497,244.26.95.4,mobile_wallet,Kuala Lumpur,"15.725238,106.665037",59,M,2015-03-26,active,0.75,0,1,1,pending_review,0.4405,2022
01962b6c-001a-4fb7-a458-8e4df5a59dc9,U001394,2022-03-07 10:13:59,10:13:59,3207.58,online_payment,M00292,VND,success,atm,D000809,77.198.207.82,mobile_wallet,Bangkok,"15.245096,108.456565",56,M,2014-01-08,active,0.84,0,0,0,auto_approved,0.1622,2022
3e788b22-8f91-4c76-a2f0-f01604f144d3,U001866,2022-04-12 00:12:53,00:12:53,319767.94,bill_payment,M00239,VND,success,desktop,D001087,232.230.65.66,mobile_wallet,Ho Chi Minh City,"19.057797,104.970488",57,F,2019-07-21,active,0.91,0,0,0,auto_approved,0.0687,2022
fb7be66a-7fc1-42dd-a4a0-6698dcb8f8cf,U001511,2022-11-17 13:33:41,13:33:41,529034.29,transfer,M00120,USD,success,pos,D000104,109.46.155.213,debit_card,Singapore,"19.742825,108.078636",61,M,2015-07-05,active,0.83,0,0,0,auto_approved,0.4385,2022
38aec0c4-52c4-48bc-8728-4ac8019bbd71,U001695,2022-12-03 15:48:22,15:48:22,656996.59,transfer,M00252,VND,success,desktop,D002337,155.243.89.232,credit_card,Bangkok,"18.870483,104.053403",33,M,2022-10-11,under_review,0.66,0,0,0,auto_approved,0.2344,2022
c54c294d-f62c-482f-85cb-81573ba9a6eb,U000084,2022-01-20 22:59:55,22:59:55,154146.72,cash_withdrawal,M00423,VND,success,pos,D000910,61.61.31.96,credit_card,Ho Chi Minh City,"19.756695,105.987553",64,M,2018-12-24,active,0.59,0,0,0,auto_approved,0.4479,2022
34cecb18-155e-4067-a99a-ec4da3733d6f,U000819,2022-02-02 17:18:19,17:18:19,303434.57,bill_payment,M00060,VND,success,mobile,D000993,163.35.130.226,mobile_wallet,Hanoi,"19.267135,104.084868",46,M,2013-12-07,active,0.58,0,0,0,auto_approved,0.0798,2022
c80d487c-54e0-446d-b467-21d65fc74b83,U000010,2022-03-19 10:25:08,10:25:08,1759620.25,online_payment,M00324,VND,success,desktop,D000648,112.162.135.209,debit_card,Da Nang,"10.21815,107.864927",60,F,2017-08-29,active,0.94,0,0,0,auto_approved,0.3941,2022
428c3632-47e5-42b8-81c5-bae8f9aab8e5,U000478,2022-02-11 10:21:31,10:21:31,1444188.96,transfer,M00266,VND,success,mobile,D002660,216.226.122.253,mobile_wallet,Da Nang,"19.429062,105.283392",18,F,2016-03-08,active,0.46,0,0,0,auto_approved,0.1789,2022
40dfc35c-0d8d-4dcf-8a1b-eb9340833056,U001367,2022-01-26 08:59:18,08:59:18,737794.17,transfer,M00152,USD,success,desktop,D001948,8.153.130.180,bank_transfer,Kuala Lumpur,"12.786224,107.836989",27,M,2018-02-03,active,0.64,0,0,0,auto_approved,0.0701,2022
a04e2e34-c2e4-4389-b7e2-04bcb30d274a,U000208,2022-02-24 11:19:53,11:19:53,151455.98,purchase,M00303,USD,success,desktop,D002366,74.135.122.154,credit_card,Bangkok,"12.039449,103.263402",69,M,2014-04-21,active,0.69,0,1,1,pending_review,0.3857,2022
f37f7190-101f-48e4-ba8d-8b0981e65f43,U001519,2022-05-14 18:11:23,18:11:23,432907.25,bill_payment,M00139,USD,success,atm,D002789,229.113.93.227,bank_transfer,Hanoi,"9.264921,103.763904",28,M,2021-10-30,active,0.87,1,1,0,auto_approved,0.6561,2022
62ecf7da-decf-4aa7-90d2-498e5bbb02ca,U001538,2022-09-19 01:16:40,01:16:40,156092.46,transfer,M00494,USD,success,mobile,D000083,132.184.140.233,credit_card,Singapore,"9.092148,107.082115",34,F,2021-09-17,active,0.56,0,1,1,pending_review,0.6451,2022
016aa350-32ed-42aa-aec5-b016af2d6972,U000349,2022-11-01 19:31:31,19:31:31,1799200.12,online_payment,M00281,USD,success,atm,D001505,92.65.92.31,bank_transfer,Ho Chi Minh City,"20.310217,103.874366",68,M,2017-03-13,active,0.45,0,1,0,auto_approved,0.326,2022
becd2799-4c1c-482c-ba04-170d8310f27e,U001041,2022-08-23 21:46:57,21:46:57,88684.29,bill_payment,M00327,VND,success,mobile,D001428,227.229.142.187,bank_transfer,Kuala Lumpur,"15.230746,103.241828",60,M,2017-09-25,active,0.48,1,0,0,auto_approved,0.3765,2022
b3778a21-ad76-4529-b754-8236acc1291f,U001128,2022-01-03 03:47:49,03:47:49,1382542.47,purchase,M00367,USD,success,atm,D002513,140.0.163.78,mobile_wallet,Da Nang,"16.62826,103.976118",52,F,2019-03-07,active,0.98,1,0,0,auto_approved,0.2985,2022
4a3bd1ec-1ce0-416c-83d8-80fb08b6cda2,U000763,2022-11-10 17:28:58,17:28:58,131734.98,transfer,M00114,VND,success,pos,D002489,146.92.66.113,credit_card,Hanoi,"13.173067,106.456956",62,M,2017-10-07,active,0.91,0,0,0,auto_approved,0.1536,2022
8acf077f-733d-4d83-9993-fce6107aac05,U000139,2022-02-16 11:20:33,11:20:33,223067.37,cash_withdrawal,M00438,USD,success,atm,D001765,15.107.73.91,credit_card,Singapore,"18.735777,103.088966",47,M,2014-07-05,active,0.72,0,1,0,auto_approved,0.6173,2022
05e2ecae-47b5-46eb-b306-2632d938bccc,U000259,2022-12-19 07:48:20,07:48:20,608641.08,cash_withdrawal,M00113,USD,success,desktop,D000502,219.148.55.172,credit_card,Kuala Lumpur,"10.610796,108.278152",33,F,2017-12-14,active,0.72,0,0,0,auto_approved,0.2198,2022
6e7bd93e-e0e8-4800-a29f-11c2e45aa072,U000954,2022-05-03 13:30:14,13:30:14,282406.17,cash_withdrawal,M00336,USD,success,atm,D001014,140.179.181.125,debit_card,Singapore,"14.475827,104.385495",50,F,2016-06-25,active,0.65,0,0,0,auto_approved,0.4255,2022
483fe3bd-b172-4cc4-978b-01486a0171c8,U000268,2022-04-01 21:22:15,21:22:15,978405.22,transfer,M00150,USD,success,atm,D001336,211.50.225.154,bank_transfer,Ho Chi Minh City,"10.476069,102.732354",28,M,2014-06-17,blocked,0.81,0,0,0,auto_approved,0.3941,2022
bc6573c4-3526-48e0-9313-6aac2a165f53,U001923,2022-10-23 08:50:03,08:50:03,1312668.17,cash_withdrawal,M00082,VND,success,atm,D000865,38.174.110.119,bank_transfer,Hanoi,"15.648229,104.304379",23,M,2019-09-15,active,0.74,0,0,0,auto_approved,0.2034,2022
0c541dff-fcf9-4dab-8e46-26da82789460,U000298,2022-01-15 07:43:13,07:43:13,278378.03,purchase,M00314,USD,success,pos,D001299,138.201.54.18,credit_card,Singapore,"11.652161,105.703478",50,M,2021-10-17,active,0.92,0,0,0,auto_approved,0.1753,2022
961ed420-9203-4942-b314-3969cd4c8818,U000264,2022-04-07 15:33:24,15:33:24,270100.55,transfer,M00135,VND,success,pos,D000721,18.53.217.106,debit_card,Singapore,"9.120482,102.395272",27,F,2014-12-16,active,0.94,0,0,0,auto_approved,0.0671,2022
d22dea3d-ccd8-4323-9d15-da5c5cc08d82,U000797,2022-09-15 16:56:36,16:56:36,319947.65,bill_payment,M00188,USD,success,atm,D001458,100.243.50.184,credit_card,Bangkok,"16.876109,102.394801",20,M,2017-06-09,active,0.56,0,0,0,auto_approved,0.2965,2022
c0f7a970-9cfc-4f82-8a7e-100e924a3443,U000807,2022-04-05 23:22:00,23:22:00,2166073.21,bill_payment,M00450,USD,success,desktop,D002325,79.53.190.5,credit_card,Bangkok,"20.199531,107.636055",20,F,2021-01-15,active,0.45,2,1,1,pending_review,0.3846,2022
93c5d7b7-cafa-4701-a530-f9fcd2dc0d78,U001586,2022-05-22 09:07:10,09:07:10,276270.71,purchase,M00454,VND,success,atm,D002055,229.179.164.63,credit_card,Ho Chi Minh City,"8.656345,107.314199",69,F,2016-05-29,active,0.73,1,0,0,auto_approved,0.2898,2022
4d4d7eb7-e3da-4762-b108-8e04f7b74453,U001164,2022-09-25 11:44:44,11:44:44,528961.03,online_payment,M00103,VND,success,desktop,D002937,178.195.216.207,debit_card,Da Nang,"11.809372,106.91569",61,M,2016-05-02,active,0.58,0,0,0,auto_approved,0.2586,2022
4767b5ae-4b15-4c3f-9e48-499ddac1f583,U000406,2022-06-09 11:30:47,11:30:47,96649.29,bill_payment,M00285,USD,success,desktop,D002465,227.108.91.255,debit_card,Ho Chi Minh City,"12.565618,106.334743",65,M,2016-08-06,active,0.83,0,0,0,auto_approved,0.2031,2022
6820d7a6-a981-4668-8239-8d0cebaa904d,U001485,2022-11-11 08:27:11,08:27:11,276306.77,cash_withdrawal,M00460,USD,success,desktop,D001203,111.210.10.57,credit_card,Ho Chi Minh City,"17.580417,108.702056",54,M,2020-11-26,active,0.81,0,0,0,auto_approved,0.2226,2022
07e87433-84ec-4cb6-8ded-cb50fd11c451,U000343,2022-02-18 13:45:34,13:45:34,597989.32,bill_payment,M00460,USD,success,atm,D002610,118.55.54.130,debit_card,Da Nang,"15.361765,102.54167",29,M,2019-08-06,active,0.79,0,0,0,auto_approved,0.3226,2022
e573915b-ea70-4648-8989-e7b4401fe475,U001335,2022-03-08 23:06:36,23:06:36,1668193.97,cash_withdrawal,M00157,USD,failed,mobile,D000250,124.44.33.148,credit_card,Bangkok,"19.774195,105.04744",43,M,2016-04-14,active,0.73,0,0,0,auto_approved,0.3094,2022
65857d90-6e76-41c7-b487-9c0ab12d96f7,U000837,2022-08-12 03:47:25,03:47:25,798633.69,purchase,M00351,VND,success,desktop,D000115,1.13.12.200,credit_card,Hanoi,"10.188829,104.110539",32,M,2016-06-27,active,0.63,1,0,0,auto_approved,0.3824,2022
520ab399-04cf-4eea-bb78-5e90aeae224c,U001982,2022-06-07 12:46:33,12:46:33,1011667.72,purchase,M00195,VND,success,atm,D001173,139.226.153.101,bank_transfer,Singapore,"10.568158,105.64891",65,M,2015-11-27,active,0.58,0,0,0,auto_approved,0.4075,2022
3bf8d435-5218-4e4e-b46f-674fb19e40f8,U001884,2022-08-06 09:53:32,09:53:32,1056645.46,transfer,M00188,VND,success,atm,D000097,159.216.174.243,credit_card,Da Nang,"20.124416,102.477437",47,M,2020-10-17,active,0.94,0,0,0,auto_approved,0.0353,2022
b58da433-d473-4e59-b3cb-e14b237f2af6,U000608,2022-09-20 19:04:41,19:04:41,1065961.0,transfer,M00183,VND,success,desktop,D000784,235.148.170.13,mobile_wallet,Hanoi,"21.390737,104.122888",44,F,2017-06-23,active,0.57,0,0,0,auto_approved,0.1858,2022
78d3d274-8c88-47b3-a8cb-39f3999dbad5,U000316,2022-12-03 03:51:10,03:51:10,375559.51,transfer,M00183,VND,failed,desktop,D002514,35.10.127.245,credit_card,Hanoi,"21.555833,106.45048",19,M,2018-12-07,active,0.45,0,0,0,auto_approved,0.3278,2022
b57fda0a-78f9-405f-adbd-060c57cabfd0,U000043,2022-10-08 19:19:12,19:19:12,336734.08,cash_withdrawal,M00054,VND,success,mobile,D002296,31.66.105.52,credit_card,Singapore,"9.502203,105.474299",44,F,2022-03-06,active,0.93,0,0,0,auto_approved,0.0657,2022
b69eae3b-cc66-4a49-b945-d5a4c806b9cb,U000764,2022-11-14 17:41:31,17:41:31,657564.1,cash_withdrawal,M00259,USD,success,mobile,D001052,192.79.197.198,debit_card,Ho Chi Minh City,"10.334174,107.156699",41,M,2015-07-02,active,0.6,0,0,0,auto_approved,0.2417,2022
a9efb092-ea45-4217-9d23-6adbd9509485,U001801,2022-02-24 15:23:28,15:23:28,789326.15,bill_payment,M00407,VND,success,mobile,D002280,65.194.84.85,debit_card,Singapore,"10.748833,106.766278",47,F,2019-06-26,active,0.79,0,0,0,auto_approved,0.1466,2022
0a898bde-4812-42dc-97c3-a455bf3103ba,U000164,2022-09-30 08:05:26,08:05:26,479828.93,cash_withdrawal,M00467,USD,failed,mobile,D000365,72.14.239.105,bank_transfer,Hanoi,"19.29652,105.943815",48,F,2018-11-04,active,0.73,0,0,0,auto_approved,0.1613,2022
f695d5f7-41d6-40dc-8c02-6d6fb5c51325,U000394,2022-07-07 16:15:37,16:15:37,220059.82,bill_payment,M00373,VND,success,desktop,D000801,90.140.14.4,debit_card,Hanoi,"15.665211,102.895199",35,M,2015-10-07,active,0.9,0,0,0,auto_approved,0.3359,2022
89e27987-439b-4ed1-aa1f-9df42779bc67,U000841,2022-04-02 09:57:13,09:57:13,2784828.57,transfer,M00051,USD,success,pos,D001958,10.188.115.31,credit_card,Kuala Lumpur,"13.998706,108.863151",60,F,2021-01-16,active,0.9,0,0,0,auto_approved,0.3965,2022
5942e975-76fb-44c2-b74c-a19fcc71c2ce,U001846,2022-01-11 02:44:59,02:44:59,593212.12,cash_withdrawal,M00114,USD,success,pos,D000445,91.78.186.83,bank_transfer,Kuala Lumpur,"13.077513,105.105726",61,F,2016-12-11,active,0.98,0,0,0,auto_approved,0.075,2022
4bb2a3e7-3d47-4891-9e96-e51dceb8af6a,U000096,2022-06-17 18:27:41,18:27:41,981280.85,bill_payment,M00368,VND,failed,desktop,D002807,104.228.141.15,debit_card,Bangkok,"13.590852,107.110836",54,M,2020-11-17,active,0.98,0,0,0,auto_approved,0.0872,2022
3321fb18-c132-4910-8822-a53af31c046d,U000482,2022-12-24 17:59:58,17:59:58,73621.48,transfer,M00441,USD,success,pos,D000824,154.107.242.8,credit_card,Ho Chi Minh City,"8.970957,105.66804",52,M,2015-09-12,active,0.73,1,0,0,auto_approved,0.5078,2022
324c7763-18ce-407c-bbdc-65cc590b2f9b,U001359,2022-05-19 09:11:39,09:11:39,1609856.75,bill_payment,M00306,VND,success,desktop,D001940,45.173.173.121,debit_card,Bangkok,"8.682784,103.791532",52,F,2017-01-31,active,0.68,0,0,0,auto_approved,0.1025,2022
992e6596-ab9d-485e-b648-d4750c01ffb1,U001846,2022-09-23 01:23:16,01:23:16,247920.25,purchase,M00216,USD,success,mobile,D000902,65.197.91.229,debit_card,Kuala Lumpur,"20.38494,104.379959",57,F,2021-06-16,active,0.86,0,0,0,auto_approved,0.3048,2022
15cd3ced-a352-4075-a2f3-5ce6882c14cf,U000913,2022-01-26 21:39:51,21:39:51,459446.36,online_payment,M00094,USD,success,mobile,D000340,240.91.155.19,debit_card,Ho Chi Minh City,"19.365814,105.6459",58,F,2018-04-11,active,0.67,0,0,0,auto_approved,0.0244,2022
d5ed3a90-cae9-4569-892f-3de2968438e1,U000747,2022-04-19 16:37:46,16:37:46,1010669.55,cash_withdrawal,M00440,USD,success,pos,D000049,74.244.98.60,mobile_wallet,Bangkok,"8.841369,107.083635",68,F,2020-05-30,active,0.52,0,0,0,auto_approved,0.3705,2022
05483d18-745a-4f57-a686-3f90981cacf2,U001442,2022-06-06 17:07:02,17:07:02,114243.75,online_payment,M00428,USD,success,atm,D000365,133.175.124.208,mobile_wallet,Da Nang,"18.355044,107.029831",58,F,2019-11-15,active,0.66,0,0,0,auto_approved,0.3575,2022
df3cf441-3c8e-4955-a4b2-5b2a9d35afc1,U000185,2022-06-25 23:51:10,23:51:10,176954.79,transfer,M00404,USD,success,mobile,D002708,153.221.35.167,mobile_wallet,Hanoi,"20.538966,107.380396",70,F,2016-09-16,active,0.49,2,1,0,auto_approved,0.3148,2022
e323c9a0-4be6-4e41-a54d-bd22b5ade7a4,U001142,2022-02-02 07:13:38,07:13:38,1646256.4,online_payment,M00035,USD,success,mobile,D002875,6.124.119.16,bank_transfer,Singapore,"14.868019,106.888915",18,F,2018-06-18,active,0.71,0,0,0,auto_approved,0.281,2022
d6698857-f5c5-495f-a2ca-838de5aef73d,U001843,2022-07-27 04:31:16,04:31:16,812312.07,online_payment,M00335,VND,success,pos,D002506,145.195.156.67,credit_card,Bangkok,"17.686499,108.249705",55,F,2018-08-11,active,0.65,0,0,0,auto_approved,0.0258,2022
fe150a36-d72d-464f-975c-c1c87feabc0b,U000369,2022-01-28 16:42:17,16:42:17,214125.59,cash_withdrawal,M00162,USD,success,atm,D001291,225.130.208.166,debit_card,Singapore,"20.412912,107.267256",67,M,2019-06-24,active,0.51,0,0,0,auto_approved,0.0287,2022
7f845a90-74b0-4c98-9db2-fcf1e1380bc9,U000248,2022-08-21 14:35:05,14:35:05,1695097.23,cash_withdrawal,M00489,USD,success,atm,D000820,194.168.86.143,bank_transfer,Singapore,"16.513249,104.661356",67,F,2017-01-17,active,0.81,0,0,0,auto_approved,0.2046,2022
e1693608-1d40-4356-a529-4b7160d21c82,U001652,2022-07-24 23:25:17,23:25:17,1721019.04,cash_withdrawal,M00261,USD,success,mobile,D002491,246.145.203.107,mobile_wallet,Bangkok,"18.172793,102.849678",44,F,2017-08-28,active,0.65,2,1,0,auto_approved,0.4602,2022
132ac1bd-eb8e-439e-a622-4b82bf873ccd,U000892,2022-01-11 00:48:03,00:48:03,146295.75,transfer,M00374,VND,success,desktop,D001581,164.24.248.192,credit_card,Bangkok,"12.824746,104.515888",20,M,2018-05-16,active,0.46,0,0,0,auto_approved,0.3491,2022
7a974b03-7dcc-4b95-8eb7-c418c9f1b9ae,U000982,2022-11-29 05:12:49,05:12:49,197389.53,cash_withdrawal,M00367,VND,success,atm,D002624,170.137.69.174,mobile_wallet,Ho Chi Minh City,"14.891426,107.195166",50,F,2022-08-28,active,0.98,1,0,0,auto_approved,0.4064,2022
d805de2c-5fc0-4205-8405-e2bd5ab61cbe,U000793,2022-01-28 00:03:18,00:03:18,1057789.53,bill_payment,M00346,USD,success,atm,D000194,217.111.218.78,debit_card,Kuala Lumpur,"16.466665,102.202222",63,F,2019-09-04,active,0.82,0,0,0,auto_approved,0.3889,2022
a6d2d88f-c7d2-4cfd-a7dd-07ec8f0dc5e4,U001676,2022-01-09 23:24:54,23:24:54,940897.57,purchase,M00445,VND,success,pos,D001894,98.62.98.191,bank_transfer,Singapore,"16.542078,107.447863",52,F,2014-04-14,active,0.6,0,0,0,auto_approved,0.2629,2022
971d94ab-a766-4f06-ae10-768b7f905391,U001440,2022-02-22 02:08:20,02:08:20,544765.02,purchase,M00407,USD,success,mobile,D000110,252.201.169.169,debit_card,Da Nang,"17.75912,102.887781",26,M,2021-07-21,active,0.93,1,0,0,auto_approved,0.4434,2022
85eb8723-9537-4259-9ed4-020b747e2a7d,U001069,2022-06-24 23:10:13,23:10:13,214208.15,transfer,M00423,USD,success,mobile,D002114,102.170.72.171,debit_card,Ho Chi Minh City,"10.316831,107.114672",52,M,2020-06-28,active,0.72,2,1,0,auto_approved,0.3472,2022
08dc64bb-8424-4fb1-b01f-e834cc9b8ce1,U000347,2022-05-01 08:09:05,08:09:05,29855.92,online_payment,M00264,VND,success,mobile,D001551,154.170.208.61,mobile_wallet,Kuala Lumpur,"9.825804,106.334516",61,M,2017-04-02,active,0.97,0,0,0,auto_approved,0.3633,2022
d806a7d1-af8b-4db6-bfe6-dc46aa76fd8f,U001251,2022-04-30 21:01:38,21:01:38,455339.22,transfer,M00335,USD,success,pos,D000981,231.253.145.197,debit_card,Kuala Lumpur,"9.448816,107.700353",38,F,2016-06-04,active,0.51,0,0,0,auto_approved,0.4122,2022
cfba9bb1-9d70-44c7-85fe-616a2dc21f27,U001668,2022-06-19 09:53:38,09:53:38,171548.14,cash_withdrawal,M00103,VND,success,atm,D002958,21.211.41.45,credit_card,Singapore,"21.101541,104.285068",66,F,2017-05-13,active,0.94,0,0,0,auto_approved,0.4246,2022
53ce7714-2b1a-4f0a-a2b6-9be312e8fde9,U001682,2022-02-14 13:28:00,13:28:00,134122.34,cash_withdrawal,M00245,USD,success,desktop,D002243,168.60.67.54,credit_card,Da Nang,"16.406739,104.734871",67,F,2017-12-01,active,0.64,0,0,0,auto_approved,0.0973,2022
652042c4-d7a6-4c4b-9b75-ad91727f0bfe,U001934,2022-04-10 19:09:24,19:09:24,1555252.49,online_payment,M00226,VND,success,pos,D001913,207.22.16.108,mobile_wallet,Hanoi,"8.620364,106.121957",59,F,2019-02-08,active,0.84,0,0,0,auto_approved,0.2134,2022
ba08bd47-8982-4322-9006-593b97aa15b7,U000014,2022-07-03 16:38:58,16:38:58,714631.76,cash_withdrawal,M00082,USD,success,pos,D000925,60.163.72.12,credit_card,Singapore,"14.923267,107.532128",55,M,2014-08-27,active,0.75,0,0,0,auto_approved,0.3081,2022
2dad279e-54f3-48ca-95d8-1d561453bb20,U001984,2022-02-28 20:27:57,20:27:57,294281.72,purchase,M00023,USD,success,pos,D000459,245.99.215.137,bank_transfer,Singapore,"9.710968,104.169033",62,F,2021-12-17,active,0.47,0,0,0,auto_approved,0.3543,2022
065c3a32-45a9-4ca3-89db-2244f189c624,U001837,2022-01-07 08:48:11,08:48:11,943681.49,online_payment,M00495,VND,success,pos,D000451,195.117.192.49,debit_card,Singapore,"15.833548,106.42508",34,M,2017-10-20,under_review,0.97,0,0,0,auto_approved,0.3918,2022
0f033048-8292-4034-9308-a47a85444f09,U001214,2022-04-13 09:05:59,09:05:59,2319.32,transfer,M00492,USD,success,desktop,D001551,239.196.205.74,mobile_wallet,Hanoi,"19.763819,105.858358",18,F,2017-06-23,active,0.82,0,0,0,auto_approved,0.0794,2022
849abb41-ba05-42b4-b3b2-b95c2eacbd29,U000081,2022-02-12 23:22:29,23:22:29,150371.88,purchase,M00142,VND,success,desktop,D001975,156.149.224.151,credit_card,Bangkok,"15.64123,103.976721",52,M,2017-09-20,active,0.51,0,0,0,auto_approved,0.1229,2022
68d164ac-fe7f-41e8-8b65-de987b9d8d27,U001217,2022-06-01 06:38:00,06:38:00,1304928.21,transfer,M00359,VND,success,atm,D002495,169.94.14.81,debit_card,Kuala Lumpur,"19.526311,103.426895",62,M,2019-10-24,active,0.46,1,0,0,auto_approved,0.4242,2022
1a833d24-f85e-48e4-a47f-e1686059ddf7,U000221,2022-12-29 02:48:33,02:48:33,11778.43,transfer,M00340,USD,success,mobile,D001669,156.192.106.34,credit_card,Bangkok,"13.312881,108.905096",31,F,2021-02-22,active,0.67,1,0,0,auto_approved,0.4377,2022
b34aae79-187b-473a-b865-cd6d914b1b8f,U001063,2022-04-28 15:48:40,15:48:40,1510344.31,transfer,M00134,VND,success,mobile,D001901,121.171.181.76,mobile_wallet,Hanoi,"16.16354,104.853215",38,F,2020-10-01,active,0.49,0,1,1,pending_review,0.4256,2022
e7515ac2-d001-43e6-9cdb-210166fc394a,U000324,2022-02-23 18:21:55,18:21:55,264698.63,online_payment,M00337,VND,success,mobile,D002837,158.249.83.115,debit_card,Singapore,"20.176955,107.524225",38,F,2021-12-27,active,0.67,0,0,0,auto_approved,0.0538,2022
eecbdf60-f228-4dcc-80b4-c4d3e170f466,U000554,2022-08-30 11:43:00,11:43:00,367065.6,purchase,M00493,VND,success,pos,D001240,244.106.251.87,debit_card,Hanoi,"9.099024,104.462723",34,M,2020-01-12,active,0.47,0,0,0,auto_approved,0.222,2022
9c575344-fcd1-4207-a645-f352d8d71227,U001513,2022-06-30 14:17:50,14:17:50,1474361.81,purchase,M00325,USD,success,desktop,D000455,132.160.87.65,debit_card,Hanoi,"11.973428,103.620851",23,F,2017-12-07,active,0.91,0,0,0,auto_approved,0.1111,2022
a99b1614-1cb4-446f-a785-08c877a03ca8,U000466,2022-06-01 15:45:04,15:45:04,509775.5,online_payment,M00373,USD,success,desktop,D001086,192.235.221.1,mobile_wallet,Singapore,"10.800607,102.80499",60,F,2014-05-24,active,0.84,0,0,0,auto_approved,0.0344,2022
ac9097d4-b1fa-49f5-97ea-6e12b6b678a9,U000580,2022-04-03 21:09:03,21:09:03,1624550.98,cash_withdrawal,M00347,USD,success,pos,D002501,66.220.46.66,bank_transfer,Singapore,"16.448496,108.229323",57,M,2019-08-14,blocked,0.82,0,0,0,auto_approved,0.1546,2022
21c6187f-ff07-4cba-9e1a-b8625719931f,U000730,2022-08-23 23:17:03,23:17:03,586057.87,purchase,M00104,USD,pending,pos,D000112,24.102.107.194,mobile_wallet,Da Nang,"8.934287,108.445688",37,M,2015-05-13,active,0.82,0,0,0,auto_approved,0.3282,2022
163444f7-b403-47bd-8820-31f76b3e1a02,U001764,2022-01-25 16:26:10,16:26:10,728235.71,bill_payment,M00012,VND,success,mobile,D000383,31.234.213.4,mobile_wallet,Ho Chi Minh City,"17.635419,102.114083",26,F,2018-04-04,active,0.79,0,0,0,auto_approved,0.195,2022
64ca85d8-2b41-4858-9473-908ff0be72a9,U000782,2022-05-06 05:08:26,05:08:26,1291009.39,transfer,M00353,VND,failed,atm,D002728,49.220.143.54,debit_card,Bangkok,"9.86578,105.677683",70,M,2021-01-12,active,0.82,0,0,0,auto_approved,0.3678,2022
668f10fa-5df9-4067-a75b-6b7a769ffa9e,U001264,2022-10-06 07:15:00,07:15:00,61988.76,cash_withdrawal,M00166,VND,success,atm,D002691,238.231.29.28,debit_card,Singapore,"17.541598,105.461376",36,M,2016-10-23,active,0.87,0,1,0,auto_approved,0.394,2022
03bb63c6-1db4-4be9-88c1-9c1db6347d4a,U001821,2022-05-15 02:56:01,02:56:01,49612.16,bill_payment,M00153,VND,success,desktop,D002543,209.131.180.87,mobile_wallet,Ho Chi Minh City,"15.830814,105.097594",44,M,2017-03-15,active,0.64,0,0,0,auto_approved,0.1894,2022
648a1be0-ab6e-4e3a-ad85-2fd66b12c4b8,U000224,2022-07-30 00:44:53,00:44:53,2561530.82,transfer,M00112,USD,success,mobile,D000997,80.73.41.77,debit_card,Da Nang,"20.356889,102.388356",61,M,2016-09-10,active,0.94,0,0,0,auto_approved,0.0241,2022
f6c3fd0a-91a9-42eb-934e-e2970ba7a022,U000876,2022-04-04 19:30:47,19:30:47,406022.83,bill_payment,M00132,USD,success,desktop,D001783,214.160.189.132,bank_transfer,Hanoi,"14.494104,106.352251",67,F,2020-12-06,active,0.53,0,1,0,auto_approved,0.5134,2022
fe62b42a-c764-4210-bd42-45e8e7edc1a2,U001369,2022-01-04 18:33:19,18:33:19,976900.43,bill_payment,M00325,USD,success,desktop,D002560,179.177.125.216,mobile_wallet,Da Nang,"8.791263,106.445905",53,M,2015-11-09,active,0.93,0,0,0,auto_approved,0.0945,2022
c4a57eff-1df1-4af6-83eb-12b420e9cb0d,U001882,2022-04-16 19:59:50,19:59:50,532021.32,transfer,M00156,VND,failed,desktop,D000968,249.26.78.169,bank_transfer,Hanoi,"19.27639,103.858658",58,M,2016-10-24,active,0.46,0,0,0,auto_approved,0.2492,2022
32b22754-ce16-4d55-b30e-35a560c54ed8,U000061,2022-10-18 02:29:18,02:29:18,24734.37,cash_withdrawal,M00365,VND,success,desktop,D002025,175.255.44.171,debit_card,Ho Chi Minh City,"17.414044,108.985177",30,F,2017-02-24,active,0.65,0,0,0,auto_approved,0.0741,2022
ef2d7c45-51c9-4a67-a905-a2e6459cb0e0,U000505,2022-02-16 23:39:09,23:39:09,187519.2,transfer,M00370,USD,success,pos,D000913,221.180.57.27,debit_card,Singapore,"21.390027,102.044045",45,M,2017-08-05,active,0.86,0,0,0,auto_approved,0.4343,2022
ac63c2a8-0ce3-4ecd-bc69-f40399b8508d,U000774,2022-05-10 06:46:11,06:46:11,477808.65,transfer,M00274,USD,success,atm,D000136,9.164.150.190,debit_card,Hanoi,"17.776254,108.449323",32,F,2015-04-10,active,0.75,0,0,0,auto_approved,0.1161,2022
541c45b9-e451-4d29-b7a8-4be93bfaced4,U000311,2022-01-02 16:46:35,16:46:35,61845.44,purchase,M00200,VND,success,mobile,D000914,224.41.242.100,debit_card,Hanoi,"20.806522,106.806596",50,F,2018-08-08,active,0.91,1,0,0,auto_approved,0.197,2022
bd559c6a-8daf-418e-8626-0a984794b219,U001768,2022-07-11 22:59:04,22:59:04,835458.44,cash_withdrawal,M00322,VND,success,pos,D002237,133.93.56.234,credit_card,Ho Chi Minh City,"21.09434,106.972926",67,F,2020-11-06,active,0.92,0,0,0,auto_approved,0.2529,2022
a2b4d3ca-4261-4029-8403-9f4e69ea0449,U001809,2022-10-03 07:50:12,07:50:12,3828568.2,purchase,M00398,USD,failed,atm,D000738,219.177.218.236,debit_card,Bangkok,"20.098752,104.970543",22,M,2019-03-15,active,0.53,0,1,1,pending_review,0.3592,2022
3b331e1b-adfb-48d6-9b61-2437b232efdf,U001450,2022-07-19 12:57:44,12:57:44,1357229.61,online_payment,M00151,USD,success,mobile,D001059,188.114.18.127,credit_card,Bangkok,"14.74588,106.772394",49,M,2019-09-27,active,0.82,0,0,0,auto_approved,0.4376,2022
1808c558-56a6-439d-9b0a-87eb0adbc209,U000848,2022-02-13 11:23:02,11:23:02,234828.14,transfer,M00308,VND,success,desktop,D002283,22.155.131.42,debit_card,Singapore,"9.1848,106.545041",54,M,2019-12-07,under_review,0.79,0,1,0,auto_approved,0.3818,2022
504ea1ef-db96-48fb-850b-36f381a8de91,U000809,2022-06-16 03:02:11,03:02:11,315004.02,bill_payment,M00055,USD,success,desktop,D001228,84.123.135.247,mobile_wallet,Ho Chi Minh City,"15.51302,108.800604",55,F,2017-02-14,active,0.56,0,1,0,auto_approved,0.5224,2022
d40c45ba-06de-448c-8d8f-c407ada1ce0d,U001096,2022-03-17 15:56:56,15:56:56,658782.91,transfer,M00298,VND,success,mobile,D002066,28.79.97.111,credit_card,Ho Chi Minh City,"15.487202,104.467104",30,M,2021-01-18,active,0.81,0,0,0,auto_approved,0.0136,2022
39234d7a-1c00-4349-9446-6b6f893fc3e2,U000860,2022-12-22 11:43:34,11:43:34,213838.78,cash_withdrawal,M00413,VND,success,atm,D002165,60.125.117.78,mobile_wallet,Da Nang,"14.396997,108.099781",64,M,2016-05-09,active,0.93,0,0,0,auto_approved,0.1805,2022
70a015f5-3fd1-40de-98dd-d578741e59de,U000338,2022-09-05 15:24:22,15:24:22,1271618.99,transfer,M00015,USD,success,mobile,D002598,200.141.88.56,credit_card,Singapore,"18.246766,107.149315",24,M,2014-06-28,active,0.46,0,0,0,auto_approved,0.1201,2022
73728ca7-7fe6-4fe2-a26d-f88fe5a4425d,U001389,2022-03-06 10:29:44,10:29:44,539020.91,cash_withdrawal,M00416,USD,success,pos,D002812,47.96.86.231,debit_card,Da Nang,"20.029792,104.095945",23,M,2019-11-27,active,0.75,0,0,0,auto_approved,0.3319,2022
d42ce1b0-23ab-4725-a5cc-0df49fd4041a,U000637,2022-07-20 13:44:04,13:44:04,2284813.21,cash_withdrawal,M00265,VND,success,desktop,D000268,189.220.89.221,credit_card,Da Nang,"12.557494,108.394036",26,M,2022-05-23,active,0.63,1,0,0,auto_approved,0.3395,2022
389f1724-3b1f-48a7-b5e8-f55bb923a60a,U000566,2022-01-12 15:12:58,15:12:58,707130.59,bill_payment,M00146,VND,success,mobile,D000835,154.24.65.238,credit_card,Ho Chi Minh City,"17.193686,108.527675",29,F,2019-04-05,active,0.91,0,0,0,auto_approved,0.3333,2022
d3798c1b-d4c4-4a57-8690-65ad615ba4dc,U000889,2022-01-25 09:20:06,09:20:06,111689.27,transfer,M00058,USD,success,mobile,D001393,187.109.194.107,mobile_wallet,Bangkok,"15.025081,104.651435",64,M,2015-03-08,active,0.69,0,0,0,auto_approved,0.1863,2022
af78c501-c81a-4118-b62d-ba84e293e73e,U001431,2022-08-20 00:20:54,00:20:54,102402.83,transfer,M00190,USD,success,desktop,D001110,108.98.222.161,debit_card,Ho Chi Minh City,"18.558614,103.06345",56,M,2020-08-19,active,0.95,0,0,0,auto_approved,0.2843,2022
9ffb2d22-a425-40a0-9eaf-e7788a4d493e,U000092,2022-01-30 07:22:45,07:22:45,391730.34,online_payment,M00461,USD,failed,mobile,D000992,4.200.251.225,bank_transfer,Da Nang,"21.783011,108.481423",18,M,2018-10-29,active,0.72,0,0,0,auto_approved,0.1676,2022
d5af39c3-53e5-4be4-b205-61b0c890c3e3,U000825,2022-09-16 03:17:04,03:17:04,95711.86,cash_withdrawal,M00209,USD,success,mobile,D002538,67.0.125.255,mobile_wallet,Ho Chi Minh City,"15.095479,107.074047",58,M,2014-11-25,under_review,0.83,0,0,0,auto_approved,0.4104,2022
2ca5b41e-fbd7-42ec-b4c9-d6db41f21e22,U001115,2022-06-06 22:09:56,22:09:56,390238.05,transfer,M00286,USD,success,mobile,D000350,248.5.196.8,debit_card,Singapore,"17.086793,102.256478",37,F,2017-02-15,active,0.74,0,0,0,auto_approved,0.0631,2022
77bafc37-35cc-4121-8710-597e7861fc40,U001331,2022-10-29 16:52:45,16:52:45,527011.96,online_payment,M00216,VND,success,desktop,D002508,60.80.116.50,mobile_wallet,Bangkok,"18.918823,104.71323",43,F,2016-01-17,active,0.53,0,0,0,auto_approved,0.3256,2022
c35b00ca-79cc-4f0c-b6f7-fe7942f8067b,U000364,2022-07-15 10:28:34,10:28:34,443997.88,bill_payment,M00369,USD,success,mobile,D000141,63.30.63.249,bank_transfer,Ho Chi Minh City,"19.50459,107.452312",35,M,2015-05-03,active,0.55,1,0,0,auto_approved,0.1818,2022
5e7cb71e-45af-4d23-b43b-5cbb98a71c62,U000589,2022-09-03 08:13:00,08:13:00,194039.21,bill_payment,M00450,VND,success,pos,D000899,49.131.85.104,credit_card,Hanoi,"8.532472,105.267148",32,M,2016-07-29,active,0.94,0,0,0,auto_approved,0.1811,2022
4570177f-6b91-43e2-87da-3f3353f27018,U001799,2022-03-08 00:15:50,00:15:50,45479.47,transfer,M00181,USD,success,mobile,D001892,71.187.102.4,debit_card,Singapore,"9.022139,107.408517",29,M,2020-03-03,active,0.88,0,0,0,auto_approved,0.2621,2022
d0ab9c7a-cd2d-4205-ad4f-4db34ca0e32a,U001715,2022-02-01 12:09:44,12:09:44,1244259.55,cash_withdrawal,M00448,USD,success,mobile,D000748,197.0.48.175,mobile_wallet,Da Nang,"10.216661,105.316152",35,F,2016-04-18,active,0.71,0,0,0,auto_approved,0.2114,2022
2a18e1a1-158a-425b-bc9d-b8cf89b3e994,U000162,2022-09-19 11:48:55,11:48:55,193231.26,purchase,M00272,USD,success,pos,D000365,28.45.113.204,bank_transfer,Kuala Lumpur,"8.568545,104.474871",38,F,2018-10-14,active,0.7,0,0,0,auto_approved,0.3016,2022
a4554c38-6b3d-4c16-86b0-6dc0fd95f11b,U000534,2022-04-30 22:08:27,22:08:27,39910.87,bill_payment,M00498,USD,success,atm,D001302,116.71.167.129,mobile_wallet,Hanoi,"18.182575,103.133562",24,M,2015-06-03,active,0.6,0,0,0,auto_approved,0.2909,2022
7b968a5d-dce0-4ba8-89aa-da052814e4f6,U000448,2022-10-19 16:20:04,16:20:04,803725.89,bill_payment,M00245,VND,success,pos,D002678,169.53.159.208,debit_card,Kuala Lumpur,"8.167733,103.83357",19,M,2015-11-12,active,0.98,0,0,0,auto_approved,0.3508,2022
31890f53-30fa-47f3-bfda-d60c8d8fba0d,U000183,2022-06-15 08:50:19,08:50:19,904746.81,transfer,M00419,VND,success,pos,D001066,116.238.151.47,credit_card,Bangkok,"13.793208,107.979867",70,F,2018-10-23,active,0.72,1,0,0,auto_approved,0.4741,2022
1638776e-f57b-4841-9bf6-004a3364b001,U001276,2022-03-29 01:14:44,01:14:44,142248.54,purchase,M00330,USD,success,desktop,D000192,189.68.23.192,credit_card,Singapore,"15.233776,107.254011",48,F,2021-05-08,active,0.68,0,0,0,auto_approved,0.2155,2022
e2062532-b15c-4ded-ab86-da1b211c0f8c,U001916,2022-07-10 09:56:20,09:56:20,1819898.78,transfer,M00349,VND,failed,desktop,D000029,83.176.143.51,credit_card,Bangkok,"12.243414,103.30803",44,F,2017-02-02,active,0.64,0,0,0,auto_approved,0.1107,2022
319ffccf-fe56-4750-bf18-0e762d2e684e,U000241,2022-07-08 10:03:17,10:03:17,500691.06,online_payment,M00296,USD,success,mobile,D001319,215.156.57.118,credit_card,Bangkok,"11.221171,103.882446",56,M,2014-11-09,active,0.87,0,0,0,auto_approved,0.2295,2022
0764e224-fc9c-4a35-9d34-32b50701faa8,U000125,2022-03-22 20:13:20,20:13:20,1153595.14,cash_withdrawal,M00446,VND,pending,desktop,D002704,227.96.203.20,credit_card,Bangkok,"9.112132,102.881107",49,M,2015-06-08,active,0.68,0,0,0,auto_approved,0.2905,2022
a4203a35-98b4-4e90-b5ad-21295e52c61a,U001978,2022-10-29 06:09:32,06:09:32,2523565.1,transfer,M00339,VND,success,desktop,D000637,155.89.95.136,credit_card,Singapore,"8.29709,104.853729",28,F,2015-03-21,active,0.78,0,0,0,auto_approved,0.0763,2022
7d940023-2bf0-47fe-b661-5f11aa205fdd,U001827,2022-06-04 16:36:45,16:36:45,1539813.19,cash_withdrawal,M00203,USD,success,atm,D001083,30.22.161.203,mobile_wallet,Da Nang,"21.576185,104.281112",27,F,2018-11-17,active,0.68,0,0,0,auto_approved,0.2519,2022
6cf0ee3f-cb47-4ba6-963f-40aca8d14485,U000008,2022-06-07 14:09:12,14:09:12,1685310.16,bill_payment,M00187,USD,success,pos,D000374,127.42.11.55,mobile_wallet,Ho Chi Minh City,"14.910418,104.933503",46,M,2021-12-12,active,0.58,0,0,0,auto_approved,0.4101,2022
a7073972-8545-4460-8a45-20153740e80c,U000826,2022-12-05 23:37:45,23:37:45,340246.76,purchase,M00298,VND,success,mobile,D001455,10.91.247.22,bank_transfer,Hanoi,"11.210073,107.076223",48,F,2017-05-27,active,0.47,0,0,0,auto_approved,0.2569,2022
d1136314-f6ae-46be-816d-bcc252e5ef9a,U000469,2022-11-28 21:49:28,21:49:28,1215237.12,purchase,M00459,USD,success,pos,D002004,203.247.155.205,bank_transfer,Da Nang,"20.837349,105.758393",70,F,2015-02-12,active,0.85,0,0,0,auto_approved,0.1326,2022
ae8e4a02-8065-4b09-9d03-c2a354530bc5,U001435,2022-12-14 01:40:15,01:40:15,268276.08,online_payment,M00259,USD,pending,pos,D001459,249.110.85.208,mobile_wallet,Kuala Lumpur,"8.81166,103.104593",60,M,2017-07-23,active,0.63,0,0,0,auto_approved,0.1624,2022
7d4043c4-10e2-4d24-a7df-826b31f470eb,U001365,2022-12-25 01:29:53,01:29:53,2374709.49,purchase,M00217,VND,success,pos,D001402,245.21.165.184,debit_card,Da Nang,"16.321835,108.555334",29,F,2022-03-17,active,0.78,0,0,0,auto_approved,0.0239,2022
2d6b1dd2-5b11-4846-8333-21d8c0fbeaf6,U000362,2022-10-03 05:56:32,05:56:32,219175.34,bill_payment,M00422,VND,success,pos,D002032,14.177.75.175,credit_card,Singapore,"20.028105,103.512116",60,F,2020-05-06,active,0.83,1,0,0,auto_approved,0.2013,2022
7cc6f56c-d2d2-4797-9591-8abd5e7bab29,U000711,2022-05-15 20:01:37,20:01:37,562317.19,transfer,M00268,VND,success,desktop,D001319,95.199.164.3,mobile_wallet,Hanoi,"15.731486,105.958527",33,M,2021-10-14,active,0.67,1,0,0,auto_approved,0.5657,2022
aea36d03-8c21-4311-9115-ae85786a2300,U001285,2022-03-15 08:58:11,08:58:11,720240.35,cash_withdrawal,M00151,VND,success,desktop,D000583,174.194.46.23,bank_transfer,Singapore,"8.180142,107.140086",27,M,2017-03-22,active,0.86,0,0,0,auto_approved,0.2256,2022
f752cfd5-ae28-4ea1-9f0a-29fa15c2e759,U000404,2022-08-11 09:47:23,09:47:23,1270895.72,transfer,M00317,VND,success,atm,D000202,135.205.118.84,mobile_wallet,Bangkok,"16.282498,105.898767",43,F,2016-11-26,active,0.83,2,1,0,auto_approved,0.538,2022
47ecf695-31c0-406a-a764-0f406b9ebee9,U000816,2022-04-10 12:30:04,12:30:04,91393.54,bill_payment,M00092,USD,pending,atm,D002936,22.196.25.146,mobile_wallet,Ho Chi Minh City,"20.919238,106.720371",37,M,2015-07-12,active,0.7,0,0,0,auto_approved,0.2617,2022
f0b70a81-dc37-470a-936b-bc51e0f0c2ac,U000578,2022-01-30 09:50:08,09:50:08,662230.73,transfer,M00011,VND,success,desktop,D001844,178.234.113.171,debit_card,Ho Chi Minh City,"19.031394,107.326428",20,M,2019-12-18,under_review,0.85,0,0,0,auto_approved,0.1007,2022
17edc189-9e87-4592-9fa1-a887c39726ef,U001649,2022-11-02 11:47:59,11:47:59,346743.84,bill_payment,M00342,USD,success,mobile,D001993,26.129.135.227,bank_transfer,Kuala Lumpur,"9.284245,108.128761",69,F,2016-11-25,blocked,0.96,0,0,0,auto_approved,0.3229,2022
e7f97703-9a43-4ab5-a9f6-11af9220776c,U000032,2022-03-22 01:31:20,01:31:20,970851.52,transfer,M00354,USD,success,mobile,D001203,107.189.108.167,credit_card,Kuala Lumpur,"20.699721,105.323698",18,M,2021-12-02,active,0.61,0,0,0,auto_approved,0.1866,2022
4080b10b-a63e-469c-b113-8a1b98f74f59,U001438,2022-03-27 17:22:19,17:22:19,996831.34,online_payment,M00380,VND,success,atm,D001795,143.173.74.182,mobile_wallet,Bangkok,"9.365948,104.589574",62,F,2021-10-28,active,0.72,0,0,0,auto_approved,0.0654,2022
f767d83c-b67a-4370-92e4-ee299deaea6a,U000453,2022-11-29 12:51:33,12:51:33,555373.44,purchase,M00479,VND,success,mobile,D000089,29.74.22.166,mobile_wallet,Ho Chi Minh City,"12.912539,107.511544",20,M,2018-05-13,active,0.84,0,0,0,auto_approved,0.0907,2022
c3fe5425-9582-488b-961f-aa2d0ff61004,U000006,2022-02-15 22:03:11,22:03:11,1932747.6,purchase,M00425,VND,pending,pos,D002310,129.40.179.53,credit_card,Kuala Lumpur,"10.722402,105.144257",19,M,2018-12-14,blocked,0.52,2,1,0,auto_approved,0.1724,2022
413ada6f-af96-4ad3-bc8f-fc56204aa2c7,U001856,2022-12-09 07:21:25,07:21:25,82103.99,transfer,M00079,VND,success,pos,D001152,82.28.247.144,debit_card,Da Nang,"12.991338,105.247597",25,F,2021-09-10,active,0.52,0,0,0,auto_approved,0.0809,2022
83429a2d-b7c3-4781-9bd3-c282a4b1e7bc,U000543,2022-06-29 08:11:46,08:11:46,764250.08,purchase,M00416,VND,success,desktop,D002752,143.196.59.173,bank_transfer,Kuala Lumpur,"15.409653,105.842689",46,F,2019-12-22,active,0.5,0,1,0,auto_approved,0.3217,2022
9abf5dd4-9c29-49b5-8cd3-0f95329054e5,U000996,2022-11-04 16:56:58,16:56:58,2457923.92,online_payment,M00203,VND,success,mobile,D000608,46.58.201.240,credit_card,Bangkok,"9.603617,105.653597",51,F,2015-08-05,active,0.47,0,0,0,auto_approved,0.3765,2022
b4ce67ed-ced7-4e28-9107-d2cc925a7ae5,U000753,2022-12-28 15:40:58,15:40:58,1756709.58,bill_payment,M00124,VND,success,mobile,D000294,171.254.213.203,mobile_wallet,Ho Chi Minh City,"18.230342,105.16036",28,M,2018-04-29,active,0.76,0,0,0,auto_approved,0.3789,2022
9b4c99be-495a-48dd-98f7-b73952783759,U000698,2022-04-15 16:02:55,16:02:55,286724.73,bill_payment,M00057,USD,success,pos,D001933,206.97.132.49,credit_card,Bangkok,"14.261555,104.878282",60,F,2016-07-04,under_review,0.82,0,0,0,auto_approved,0.3951,2022
c3cc228a-4932-44dd-9089-c4d065f86b45,U000551,2022-09-20 21:26:47,21:26:47,38034.06,transfer,M00381,VND,success,atm,D002159,152.137.90.130,credit_card,Singapore,"8.615959,104.77972",21,F,2019-10-21,active,0.73,0,0,0,auto_approved,0.1389,2022
b05bead1-af56-4d13-bf95-328f4daada52,U000833,2022-02-24 14:07:37,14:07:37,309020.57,transfer,M00128,USD,success,mobile,D000903,8.178.117.219,debit_card,Hanoi,"19.519605,104.942837",40,F,2016-04-28,active,0.5,0,0,0,auto_approved,0.0242,2022
5c07d5bd-fb21-484d-8162-3f559510455b,U001263,2022-03-08 12:28:28,12:28:28,741025.69,transfer,M00199,USD,success,desktop,D002562,83.7.88.196,mobile_wallet,Da Nang,"10.141403,108.011102",69,M,2021-08-21,active,0.63,0,0,0,auto_approved,0.3143,2022
e0602a33-e1ed-4347-afe1-7b29ae636e09,U001131,2022-03-22 22:55:30,22:55:30,63178.28,bill_payment,M00275,VND,success,pos,D002376,69.68.238.220,bank_transfer,Hanoi,"12.204294,102.817367",32,M,2017-01-18,active,0.86,0,0,0,auto_approved,0.2231,2022
36fb3384-fe3a-43ab-a549-10d87dd3c33d,U001524,2022-04-14 11:23:56,11:23:56,27236.85,online_payment,M00383,USD,success,atm,D000371,11.13.133.105,credit_card,Singapore,"17.309919,104.018818",62,F,2015-02-25,active,0.92,0,0,0,auto_approved,0.3704,2022
91612db1-22ee-4d55-bb7a-d5ba1fd23cd7,U001609,2022-02-18 00:03:10,00:03:10,832997.68,bill_payment,M00184,VND,success,pos,D000604,192.231.60.63,debit_card,Kuala Lumpur,"9.091636,104.465333",25,F,2017-10-18,active,0.83,3,1,0,auto_approved,0.4627,2022
10457d27-32db-4f5f-8f91-1a9414043bba,U000188,2022-06-02 20:34:07,20:34:07,631160.41,transfer,M00349,USD,success,desktop,D001045,174.206.253.7,bank_transfer,Bangkok,"17.046772,108.559915",26,F,2021-05-14,active,0.72,0,0,0,auto_approved,0.0121,2022
0df3e21e-ca89-413b-9f0d-51e5a9fbb9fa,U000259,2022-12-04 10:12:11,10:12:11,221675.57,transfer,M00243,VND,pending,pos,D000784,107.229.223.66,credit_card,Da Nang,"16.712342,104.190072",20,M,2016-06-15,active,0.62,0,0,0,auto_approved,0.1223,2022
d64376c5-19c8-4b67-9a87-fdaea294b51a,U000802,2022-07-12 18:48:20,18:48:20,769525.06,online_payment,M00205,VND,success,pos,D002451,180.248.44.165,credit_card,Kuala Lumpur,"18.291871,103.359571",19,F,2018-04-21,active,0.94,0,0,0,auto_approved,0.0227,2022
640bf1ea-4f50-46e2-8660-b758a89d32cd,U000627,2022-03-12 23:36:39,23:36:39,203877.01,cash_withdrawal,M00488,USD,success,pos,D000762,116.140.7.185,credit_card,Ho Chi Minh City,"18.41772,103.861119",37,F,2020-01-08,active,0.86,0,1,0,auto_approved,0.5304,2022
7aec853d-748a-4895-8ebc-56da0039f37c,U000172,2022-09-30 09:12:37,09:12:37,158158.1,bill_payment,M00436,USD,success,desktop,D002790,159.45.205.18,credit_card,Kuala Lumpur,"18.413257,108.007395",55,M,2015-03-27,active,1.0,0,0,0,auto_approved,0.1947,2022
3c91f869-7e3a-4e98-a094-662cf915f304,U000169,2022-02-22 22:13:48,22:13:48,140395.63,cash_withdrawal,M00073,VND,success,mobile,D002064,141.132.113.192,mobile_wallet,Da Nang,"12.53697,102.827883",51,F,2020-05-27,active,0.93,0,0,0,auto_approved,0.05,2022
a29675cb-7c37-4424-9d5c-8d2e495fe0d1,U000115,2022-09-01 08:59:50,08:59:50,95615.78,bill_payment,M00181,VND,success,mobile,D000015,184.2.195.34,mobile_wallet,Singapore,"15.322026,106.569217",59,M,2015-08-11,active,0.58,0,0,0,auto_approved,0.3985,2022
4157875c-4e1d-4570-85af-2b9bc9acc24b,U001326,2022-06-15 08:58:14,08:58:14,1669650.89,purchase,M00428,USD,success,desktop,D000590,15.137.178.143,mobile_wallet,Da Nang,"20.665699,105.884901",18,M,2019-12-26,active,0.75,0,0,0,auto_approved,0.0467,2022
15e97a9a-b79b-4651-a37c-5009468a77a8,U000474,2022-04-14 22:55:37,22:55:37,597715.9,bill_payment,M00094,USD,success,atm,D001945,27.254.89.238,credit_card,Ho Chi Minh City,"19.627129,104.113358",30,M,2018-01-30,active,0.59,1,0,0,auto_approved,0.4224,2022
d5dee0f0-295d-485c-b3b7-f876775c67ea,U001634,2022-11-01 17:26:04,17:26:04,1542853.68,transfer,M00438,USD,success,atm,D002003,217.76.106.74,bank_transfer,Hanoi,"17.980836,102.929669",39,M,2016-05-20,active,0.73,0,0,0,auto_approved,0.0852,2022
6c4e8a76-679a-4c92-94fb-d8b47ffc1995,U001263,2022-08-26 11:50:14,11:50:14,2665961.39,online_payment,M00325,USD,success,pos,D002696,158.118.172.48,bank_transfer,Da Nang,"20.128995,105.867846",41,F,2015-03-10,active,0.92,0,0,0,auto_approved,0.3341,2022
700b28fd-d047-4bf0-aaf9-b4202ebff185,U000534,2022-09-29 21:06:01,21:06:01,555014.54,transfer,M00184,USD,success,mobile,D001958,218.165.187.128,mobile_wallet,Da Nang,"15.059845,108.449171",46,F,2016-02-06,under_review,0.95,2,1,0,auto_approved,0.3307,2022
44d1669e-597d-46aa-8db9-52fe12cf9f44,U000039,2022-09-12 06:08:35,06:08:35,498999.22,bill_payment,M00500,VND,success,mobile,D002625,48.251.95.11,bank_transfer,Singapore,"21.480256,103.054632",22,F,2015-06-08,active,0.67,0,0,0,auto_approved,0.3479,2022
b9ead723-b06a-443d-8015-fc67a8a02315,U001553,2022-10-20 16:28:49,16:28:49,807890.19,bill_payment,M00253,USD,success,desktop,D000910,72.135.200.231,bank_transfer,Da Nang,"9.341251,103.50633",46,F,2018-05-23,active,0.7,0,0,0,auto_approved,0.3781,2022
f6427245-358d-4074-ab90-25303c69f87d,U001700,2022-04-05 03:09:25,03:09:25,37092.22,purchase,M00184,VND,success,mobile,D001327,142.244.189.97,mobile_wallet,Kuala Lumpur,"16.705871,108.164288",68,F,2018-01-06,active,0.85,0,0,0,auto_approved,0.1956,2022
e67262cb-9a7f-4503-acb6-50ad04074851,U001150,2022-11-25 00:02:08,00:02:08,1347790.16,cash_withdrawal,M00217,USD,success,atm,D002113,86.16.46.157,debit_card,Kuala Lumpur,"13.7294,104.665998",34,M,2022-02-17,active,0.5,2,1,0,auto_approved,0.2368,2022
a1803d27-39fd-42da-a94f-23c31ec23779,U000982,2022-04-29 20:57:11,20:57:11,24701.34,transfer,M00058,USD,success,pos,D000113,172.193.182.133,credit_card,Kuala Lumpur,"16.003061,104.003179",40,M,2015-03-29,active,0.76,0,0,0,auto_approved,0.0634,2022
c91e243e-478b-4a67-90d3-2aabe94d0a44,U000496,2022-08-02 23:00:09,23:00:09,251294.67,purchase,M00178,VND,success,atm,D001465,157.32.33.157,debit_card,Hanoi,"21.462789,108.44786",24,M,2021-08-19,active,0.56,0,0,0,auto_approved,0.1844,2022
a4614229-7174-47f8-bb4f-c23aa79bba47,U001790,2022-07-12 09:37:38,09:37:38,2229057.5,transfer,M00003,VND,failed,atm,D001955,104.101.88.7,debit_card,Hanoi,"12.203945,103.890035",35,F,2015-08-03,active,0.91,0,0,0,auto_approved,0.252,2022
b5ac4c93-00f4-4a9e-93b0-f09475842abd,U001376,2022-03-27 14:10:55,14:10:55,582564.39,purchase,M00014,VND,success,mobile,D000754,204.71.253.107,bank_transfer,Singapore,"17.254617,102.532072",26,M,2014-05-30,active,0.62,0,0,0,auto_approved,0.3759,2022
65af19e5-b215-43e6-afa7-e167118c2651,U000198,2022-07-11 02:58:25,02:58:25,562905.64,online_payment,M00106,USD,success,pos,D000791,114.231.46.218,bank_transfer,Hanoi,"8.353555,102.026256",30,F,2017-08-24,active,0.49,0,1,0,auto_approved,0.5947,2022
f3c65feb-72ff-4791-81e7-d259025fe562,U000993,2022-01-16 07:16:07,07:16:07,31319.22,cash_withdrawal,M00234,USD,success,atm,D001213,43.231.32.173,bank_transfer,Hanoi,"10.185781,103.7939",42,F,2017-09-03,active,0.85,1,0,0,auto_approved,0.2087,2022
eb325a27-e66a-4940-a093-39a9e161b524,U001820,2022-05-01 22:27:58,22:27:58,252745.68,purchase,M00267,USD,success,atm,D001852,85.118.55.252,debit_card,Hanoi,"11.228761,105.89607",63,M,2020-03-03,active,0.87,0,0,0,auto_approved,0.2593,2022
80e56b85-dd9e-4744-8f0c-c145276af5a6,U000913,2022-12-21 23:46:06,23:46:06,7990.35,online_payment,M00438,USD,success,pos,D000446,110.241.227.64,mobile_wallet,Hanoi,"21.773481,104.031444",46,F,2019-08-26,active,0.71,2,1,1,pending_review,0.542,2022
277541c7-f198-4d21-9278-e1f6c28cc823,U001224,2022-04-01 20:08:19,20:08:19,1693236.52,online_payment,M00200,USD,success,desktop,D001019,44.140.160.157,debit_card,Ho Chi Minh City,"20.648431,102.548251",59,M,2020-04-21,active,0.84,0,0,0,auto_approved,0.0736,2022
100a610d-8a4d-4101-b085-8bb10e37988e,U001544,2022-12-04 15:02:10,15:02:10,572429.84,online_payment,M00399,USD,success,atm,D001002,122.198.12.154,debit_card,Ho Chi Minh City,"20.08723,103.821742",21,F,2022-04-24,active,0.6,0,1,0,auto_approved,0.6609,2022
5238e286-d73d-4fe9-ab72-991fe83810e6,U000732,2022-12-21 00:27:00,00:27:00,893497.92,transfer,M00076,USD,success,pos,D001080,4.108.117.112,debit_card,Da Nang,"20.376938,105.046082",58,F,2015-12-03,active,0.63,0,0,0,auto_approved,0.3829,2022
bc42fe4f-8361-497a-9eaf-bb2f34530301,U001947,2022-05-30 07:55:04,07:55:04,353795.77,purchase,M00393,USD,success,mobile,D002064,212.126.131.215,bank_transfer,Ho Chi Minh City,"11.741676,107.244139",33,M,2014-10-05,active,0.69,0,0,0,auto_approved,0.376,2022
57365712-990c-48c0-8bea-45fe76e9fee5,U000165,2022-04-10 23:15:40,23:15:40,542985.1,transfer,M00059,VND,success,mobile,D000581,60.74.47.9,mobile_wallet,Hanoi,"21.470493,104.468269",60,F,2021-10-06,active,0.68,0,0,0,auto_approved,0.1152,2022
5dd92eae-753f-4164-81e6-5b576d045e4e,U001135,2022-03-25 12:53:09,12:53:09,207445.58,cash_withdrawal,M00237,USD,success,atm,D002504,174.41.90.135,bank_transfer,Kuala Lumpur,"17.975645,105.225167",20,F,2020-01-15,active,0.77,0,0,0,auto_approved,0.0884,2022
fabd2ef6-5b12-4782-a529-d45743769571,U000175,2022-01-06 21:09:29,21:09:29,225394.76,cash_withdrawal,M00155,USD,success,mobile,D002403,195.52.117.78,mobile_wallet,Singapore,"9.908322,107.904193",47,F,2019-07-26,active,0.86,0,0,0,auto_approved,0.0782,2022
652e590d-3977-4690-a6da-e75ab2efd783,U001608,2022-01-25 15:07:18,15:07:18,136087.48,bill_payment,M00039,USD,failed,pos,D002244,109.41.178.196,mobile_wallet,Kuala Lumpur,"14.173944,108.441598",33,F,2014-01-21,active,0.75,0,0,0,auto_approved,0.3224,2022
901ebd29-44d7-4349-a92a-8c8f3292da47,U000813,2022-06-02 12:10:32,12:10:32,50858.84,cash_withdrawal,M00204,USD,success,atm,D001800,191.195.50.186,mobile_wallet,Da Nang,"19.542127,102.596268",70,F,2018-04-05,active,0.66,0,0,0,auto_approved,0.0369,2022
4e038134-6aa6-4cad-8043-9b655d22fb48,U001916,2022-08-17 07:57:19,07:57:19,1040314.08,transfer,M00052,USD,success,mobile,D000513,244.60.131.176,debit_card,Singapore,"12.435475,104.526134",64,F,2018-06-19,under_review,0.64,0,0,0,auto_approved,0.1365,2022
ad1ef1ec-f7d2-496c-886c-849852264ec7,U001150,2022-12-21 21:40:02,21:40:02,1614644.59,purchase,M00139,VND,success,atm,D000378,228.8.10.63,debit_card,Bangkok,"12.387225,108.955526",24,F,2021-12-08,active,0.5,0,0,0,auto_approved,0.2808,2022
0c8019c1-e880-446f-8ea0-6b77ccab7cd3,U001491,2022-09-28 17:00:17,17:00:17,459436.8,cash_withdrawal,M00288,VND,success,pos,D002347,97.225.194.230,credit_card,Kuala Lumpur,"18.555712,106.091267",69,F,2016-07-16,active,0.71,0,1,0,auto_approved,0.2506,2022
08e0cdca-fd6f-4170-aaf4-0f81729cf720,U000982,2022-01-04 22:27:18,22:27:18,604058.8,transfer,M00222,USD,success,pos,D002674,193.147.189.100,mobile_wallet,Bangkok,"12.509059,105.656605",51,F,2017-01-07,active,0.66,0,0,0,auto_approved,0.0758,2022
e6b7efe7-5a65-4443-a3a7-94e3cb181978,U000466,2022-11-06 00:28:13,00:28:13,639724.51,cash_withdrawal,M00326,VND,success,atm,D000095,68.231.240.44,debit_card,Da Nang,"21.291745,107.302616",67,M,2022-03-03,active,0.85,2,1,0,auto_approved,0.5337,2022
7a6ad55e-f84d-40f8-8d21-c61e87d024df,U000525,2022-07-23 16:52:44,16:52:44,148944.04,cash_withdrawal,M00308,USD,success,atm,D000311,235.80.175.250,credit_card,Singapore,"11.356221,103.477074",54,M,2020-08-16,active,0.76,0,0,0,auto_approved,0.0648,2022
3d960aea-034b-41ae-bd30-b1e21de563e9,U001213,2022-06-24 05:01:03,05:01:03,238.38,purchase,M00113,VND,success,desktop,D001216,236.70.13.222,bank_transfer,Hanoi,"20.736589,108.081275",60,M,2015-05-19,active,0.45,0,0,0,auto_approved,0.1721,2022
4b5a9705-a7a8-4512-8561-bd296e261dbd,U001572,2022-01-18 18:18:20,18:18:20,107005.35,transfer,M00239,USD,success,mobile,D002596,201.173.67.36,mobile_wallet,Singapore,"9.394499,107.14717",61,F,2017-01-26,active,0.53,0,0,0,auto_approved,0.0358,2022
5734df39-be06-4d4b-b967-a9caa61b1f43,U001692,2022-10-19 16:26:07,16:26:07,748437.31,transfer,M00002,USD,success,mobile,D001336,131.42.225.252,credit_card,Singapore,"21.971616,104.067926",35,F,2019-08-10,active,0.98,0,0,0,auto_approved,0.2856,2022
26502586-bafa-4422-b140-f408db0a81b5,U000791,2022-10-18 17:19:51,17:19:51,38343.49,bill_payment,M00312,VND,success,mobile,D000481,173.20.87.248,credit_card,Kuala Lumpur,"18.32522,108.555023",60,M,2019-02-04,active,0.95,1,0,0,auto_approved,0.3102,2022
1bc81e66-0afa-4cdb-8e6a-85888ff92c1b,U000531,2022-01-06 13:44:04,13:44:04,786092.16,transfer,M00082,USD,success,atm,D002731,184.107.97.175,bank_transfer,Bangkok,"16.024082,108.8663",67,F,2021-05-31,active,0.59,0,0,0,auto_approved,0.3223,2022
784264f6-cea3-4a55-b050-9f039ce50785,U001980,2022-01-31 01:35:36,01:35:36,589698.22,purchase,M00241,VND,success,mobile,D001518,36.63.162.88,mobile_wallet,Hanoi,"8.116492,105.85526",46,M,2017-12-18,active,0.46,0,0,0,auto_approved,0.2669,2022
a4358717-4839-4130-986f-708d51b8f5a6,U000387,2022-12-30 13:26:53,13:26:53,2168991.31,cash_withdrawal,M00495,VND,success,mobile,D002501,186.226.15.64,mobile_wallet,Da Nang,"19.411367,106.8972",58,M,2021-05-21,active,0.89,0,0,0,auto_approved,0.3389,2022
e81a7c5a-9000-4cc2-99fb-d8ff133edb02,U001358,2022-02-28 09:38:29,09:38:29,765203.84,bill_payment,M00171,VND,success,pos,D002203,239.193.72.83,debit_card,Ho Chi Minh City,"19.194978,102.583514",38,M,2015-05-13,active,0.79,0,0,0,auto_approved,0.0301,2022
7ce0bf0a-a0b1-4b97-8d58-2f941abe2615,U001476,2022-10-14 21:48:06,21:48:06,1106331.44,cash_withdrawal,M00324,VND,success,pos,D000430,228.163.114.211,credit_card,Ho Chi Minh City,"10.368649,102.547984",56,F,2018-05-23,active,0.8,0,0,0,auto_approved,0.0318,2022
fc4c9ee0-3f17-4b14-9d57-26bb984d2de6,U001470,2022-10-29 13:58:58,13:58:58,2239314.66,online_payment,M00381,USD,success,desktop,D001270,169.77.205.152,debit_card,Bangkok,"8.534835,103.705602",66,F,2018-12-02,active,0.76,0,0,0,auto_approved,0.3935,2022
ba07b06e-b58f-4569-bbf8-e9f0f6f04507,U000982,2022-02-20 01:55:15,01:55:15,133130.19,bill_payment,M00102,USD,success,mobile,D002004,133.167.228.229,debit_card,Kuala Lumpur,"8.459142,104.10323",35,F,2015-06-27,active,0.76,0,0,0,auto_approved,0.0248,2022
3f1ae64c-18cc-4af7-ac58-9c3662d0cc16,U000244,2022-01-13 19:06:46,19:06:46,893933.9,cash_withdrawal,M00344,USD,success,desktop,D000978,89.174.58.230,debit_card,Bangkok,"8.965884,106.338465",23,M,2014-04-11,active,0.47,0,0,0,auto_approved,0.3993,2022
e2973cac-d388-405d-93df-e44c7d131e0f,U000669,2022-12-10 13:45:23,13:45:23,835549.14,cash_withdrawal,M00222,VND,success,mobile,D002692,60.241.229.133,mobile_wallet,Hanoi,"15.041684,104.620109",70,F,2022-08-20,active,0.76,2,1,0,auto_approved,0.4076,2022
6ead66a8-3e1d-4dda-9aab-b1716ef8847a,U001770,2022-03-13 13:13:11,13:13:11,120324.2,cash_withdrawal,M00275,USD,success,mobile,D000158,53.102.182.155,mobile_wallet,Singapore,"14.533576,108.062322",49,M,2019-02-06,active,0.6,1,0,0,auto_approved,0.244,2022
abe645ec-51b1-4b02-9074-b75413f4c6c9,U000874,2022-11-22 10:54:36,10:54:36,57270.52,transfer,M00360,USD,success,pos,D000695,172.123.184.205,bank_transfer,Kuala Lumpur,"17.608489,108.075278",67,F,2018-10-17,blocked,0.49,0,0,0,auto_approved,0.0802,2022
7696abf3-03f9-472a-91ce-8cbd2b82ca02,U000797,2022-02-07 03:22:05,03:22:05,478184.34,purchase,M00485,USD,success,atm,D001728,218.155.42.115,bank_transfer,Kuala Lumpur,"8.624097,102.03039",21,M,2019-01-08,active,0.57,1,0,0,auto_approved,0.4961,2022
af511377-8014-4753-bb4e-e33b7893ca47,U001762,2022-03-07 15:47:39,15:47:39,250273.03,transfer,M00224,VND,success,pos,D001826,127.204.236.62,debit_card,Kuala Lumpur,"14.215768,106.656525",27,M,2021-01-04,active,0.72,0,1,0,auto_approved,0.4734,2022
d362930c-c484-4c8d-819e-67df54d314d6,U000454,2022-02-17 07:15:14,07:15:14,646069.69,transfer,M00202,USD,success,mobile,D000470,211.97.95.142,bank_transfer,Da Nang,"18.765195,104.570796",56,M,2021-06-23,active,0.68,1,0,0,auto_approved,0.2179,2022
1c01c058-944d-4554-a632-211166b50ab6,U001946,2022-07-14 10:20:10,10:20:10,1028695.35,bill_payment,M00396,USD,failed,desktop,D000812,41.28.245.193,bank_transfer,Ho Chi Minh City,"16.367387,103.703838",21,M,2014-07-17,active,0.9,2,1,0,auto_approved,0.4345,2022
5a5ebf59-85c5-4552-909c-09b1468fedb1,U000717,2022-05-20 17:09:55,17:09:55,1397369.34,online_payment,M00242,VND,success,pos,D002833,56.4.177.17,bank_transfer,Kuala Lumpur,"20.837531,104.322913",40,M,2021-10-28,active,0.67,0,0,0,auto_approved,0.1365,2022
01be1ef9-1a0e-45d1-9725-1f1d0c7eb4d2,U000152,2022-03-31 11:44:50,11:44:50,139110.23,bill_payment,M00151,VND,success,pos,D002223,129.140.175.93,bank_transfer,Ho Chi Minh City,"13.971792,104.207837",57,M,2017-01-30,active,0.52,0,0,0,auto_approved,0.1714,2022
8e496b81-57b1-4e34-93ef-1bec0814f317,U001355,2022-03-14 20:01:44,20:01:44,1667545.59,bill_payment,M00334,USD,success,atm,D001664,112.172.74.16,bank_transfer,Da Nang,"12.44544,105.455332",38,F,2018-02-16,active,0.48,1,0,0,auto_approved,0.2949,2022
cbe495e5-9d87-438b-a038-c7315778eb89,U000424,2022-10-10 07:36:32,07:36:32,567960.22,bill_payment,M00451,VND,success,atm,D000742,46.204.99.222,credit_card,Hanoi,"10.815659,107.123646",46,F,2015-12-13,active,0.72,0,0,0,auto_approved,0.3367,2022
280fe565-7846-4011-b168-a4c59f38e68a,U001793,2022-10-18 20:50:23,20:50:23,1356859.06,purchase,M00317,USD,success,pos,D000383,177.183.19.222,bank_transfer,Singapore,"10.830821,106.908181",63,F,2019-07-16,active,0.85,0,0,0,auto_approved,0.0976,2022
71ecb926-6ee1-4e0f-9c38-2b07dabd36fe,U001524,2022-12-16 06:09:12,06:09:12,91737.9,online_payment,M00070,VND,success,mobile,D000506,6.198.131.7,debit_card,Singapore,"14.144454,107.382091",22,F,2022-01-26,active,0.7,0,0,0,auto_approved,0.1542,2022
02a8cbd3-13b5-4593-ae47-f0d6724abb4c,U000485,2022-08-20 15:14:11,15:14:11,36162.51,cash_withdrawal,M00092,VND,success,atm,D000280,203.8.170.195,debit_card,Kuala Lumpur,"10.926788,103.937016",65,M,2018-08-02,active,0.72,0,0,0,auto_approved,0.3374,2022
953f4a47-1aa8-4e2c-9faf-e370ced3c84e,U000640,2022-02-16 21:28:34,21:28:34,1052924.43,transfer,M00409,VND,success,mobile,D001573,201.251.65.107,mobile_wallet,Kuala Lumpur,"19.215237,105.145432",66,F,2014-04-15,active,0.8,1,0,0,auto_approved,0.3707,2022
b40135b3-140d-4b37-b1bc-5025a56dc801,U000195,2022-12-04 18:11:00,18:11:00,372640.6,cash_withdrawal,M00500,VND,success,atm,D002138,86.174.115.133,mobile_wallet,Singapore,"8.03028,106.83918",33,M,2018-02-26,active,0.95,0,0,0,auto_approved,0.3763,2022
af5fa204-c9bc-4d24-9726-164dd7a54627,U000148,2022-12-02 05:03:06,05:03:06,133197.86,transfer,M00457,USD,success,atm,D000953,182.176.232.58,debit_card,Singapore,"10.601728,107.087689",40,M,2019-12-18,active,0.86,0,0,0,auto_approved,0.3265,2022
7940a76e-00a8-454b-9dbd-81a4c85c5ddc,U000822,2022-07-12 10:14:21,10:14:21,2782953.75,cash_withdrawal,M00005,USD,success,desktop,D001817,129.72.187.144,debit_card,Hanoi,"21.081458,106.676407",62,M,2017-02-07,active,0.57,1,0,0,auto_approved,0.5998,2022
4b0261f3-554e-48c8-8804-93510ae916fd,U000569,2022-09-30 12:25:59,12:25:59,2179543.55,transfer,M00467,USD,success,atm,D001837,240.46.74.175,mobile_wallet,Hanoi,"13.870416,104.499882",33,F,2014-09-10,under_review,0.77,0,0,0,auto_approved,0.3481,2022
89d0ed71-5816-499d-8d70-892af35ac5c5,U000578,2022-06-25 17:18:50,17:18:50,316749.59,online_payment,M00229,USD,success,atm,D000514,133.237.72.7,debit_card,Kuala Lumpur,"15.521034,103.66151",54,F,2022-01-19,under_review,0.71,0,0,0,auto_approved,0.3384,2022
2723402d-9be0-4098-9621-27b91d62cbe7,U000762,2022-08-19 20:41:35,20:41:35,205646.84,purchase,M00079,VND,success,mobile,D000030,243.16.115.245,debit_card,Singapore,"18.977054,106.387579",26,F,2020-07-01,active,0.79,0,0,0,auto_approved,0.175,2022
70e0508e-a0ff-456d-97c7-1be68d02a59b,U001622,2022-09-10 23:25:45,23:25:45,321629.08,transfer,M00453,VND,success,mobile,D000238,93.250.181.236,bank_transfer,Kuala Lumpur,"18.466402,105.6416",58,M,2018-10-10,active,0.76,0,0,0,auto_approved,0.4395,2022
9c71fc9f-eb19-4d1a-b68a-3d63b1e09629,U000417,2022-06-22 18:09:02,18:09:02,480303.5,cash_withdrawal,M00255,USD,success,atm,D001278,138.2.182.116,debit_card,Singapore,"19.127126,106.423054",62,M,2015-01-09,active,0.76,0,0,0,auto_approved,0.1336,2022
8a0f6b0c-05b5-4745-b1fa-6c35e34e6d1f,U000286,2022-03-06 22:42:54,22:42:54,748836.74,transfer,M00376,VND,success,mobile,D001024,130.151.254.151,mobile_wallet,Bangkok,"11.791652,104.601806",20,F,2022-02-04,active,0.58,0,0,0,auto_approved,0.2031,2022
fc6cb565-98d2-443a-9daa-5353e26cb3d2,U001997,2022-02-07 07:16:33,07:16:33,262725.3,transfer,M00421,USD,success,desktop,D000350,191.147.242.217,credit_card,Hanoi,"10.895476,105.969583",68,F,2015-07-21,active,0.97,0,0,0,auto_approved,0.2666,2022
ea8614b7-7462-49a7-8aba-6af616cb88b6,U001841,2022-03-26 12:54:38,12:54:38,531486.48,purchase,M00320,VND,success,pos,D000796,79.104.7.167,debit_card,Bangkok,"13.87868,105.625514",31,F,2015-09-16,active,0.93,0,0,0,auto_approved,0.2981,2022
32eea9f4-2f11-4bbf-8c62-6fe5f54e5e78,U001735,2022-08-21 14:56:44,14:56:44,1717580.97,cash_withdrawal,M00211,USD,success,atm,D000439,178.177.93.57,debit_card,Ho Chi Minh City,"15.747548,106.748921",37,F,2018-09-12,active,0.97,0,0,0,auto_approved,0.0681,2022
cbf38b1f-a83d-4b16-9762-61316099c65c,U001006,2022-09-18 04:55:38,04:55:38,499791.65,cash_withdrawal,M00351,VND,success,mobile,D000466,206.144.48.142,credit_card,Kuala Lumpur,"12.157405,103.494446",19,F,2022-04-02,active,0.81,0,0,0,auto_approved,0.2086,2022
4ea07fbd-6d35-45f9-8a39-767b3546de3a,U001422,2022-11-15 02:47:50,02:47:50,219591.65,bill_payment,M00219,VND,success,atm,D002128,148.87.108.27,bank_transfer,Kuala Lumpur,"20.018381,107.183502",64,M,2020-03-25,active,0.87,1,0,0,auto_approved,0.1352,2022
9770ddb5-6ba9-4e34-96d0-facf16e0d784,U001933,2022-04-17 05:38:52,05:38:52,414468.9,cash_withdrawal,M00212,USD,success,pos,D002537,165.119.161.178,debit_card,Kuala Lumpur,"17.660942,104.128573",43,M,2018-05-09,active,0.68,0,0,0,auto_approved,0.082,2022
42cd72a9-720d-47ee-b8f4-1596fcaf3ab8,U001258,2022-10-05 17:59:03,17:59:03,126036.18,bill_payment,M00020,VND,success,desktop,D000062,204.71.209.244,mobile_wallet,Ho Chi Minh City,"13.880851,105.415931",22,F,2015-08-16,active,0.45,0,0,0,auto_approved,0.2815,2022
cf1207ed-0285-4a89-95bf-e52349ac996c,U000338,2022-05-24 09:40:42,09:40:42,829750.89,purchase,M00323,USD,success,atm,D002053,32.255.215.87,credit_card,Hanoi,"19.155864,105.607065",67,M,2017-04-28,under_review,0.93,0,0,0,auto_approved,0.155,2022
906a5019-e501-42b7-a446-66081beb2508,U001742,2022-10-31 02:20:21,02:20:21,690079.81,online_payment,M00105,VND,success,mobile,D001896,211.128.226.34,bank_transfer,Da Nang,"10.016015,105.976752",55,M,2017-06-16,active,0.78,0,0,0,auto_approved,0.3974,2022
5fc973d7-06b4-496f-8fbf-6e6be89a518d,U001117,2022-02-05 00:10:06,00:10:06,359411.69,purchase,M00370,USD,failed,atm,D002197,8.188.81.250,bank_transfer,Singapore,"11.361084,103.412704",40,F,2021-04-22,active,0.48,0,0,0,auto_approved,0.3216,2022
dfddc08c-f1e0-4a5e-9b6c-70fb93151a80,U001339,2022-05-12 14:56:50,14:56:50,330134.27,bill_payment,M00050,VND,success,desktop,D001006,19.148.234.247,mobile_wallet,Da Nang,"18.174412,105.675073",29,F,2014-08-12,active,0.9,0,0,0,auto_approved,0.4062,2022
535dfa16-4576-46ec-9143-e960ab9f4d11,U000297,2022-06-17 05:48:40,05:48:40,373431.2,bill_payment,M00442,VND,success,mobile,D001789,33.188.105.221,credit_card,Da Nang,"18.518202,103.627674",55,M,2020-12-12,blocked,0.97,1,0,0,auto_approved,0.4943,2022
2f066ebf-ec07-45c8-8687-f4ab152a1262,U000879,2022-11-10 06:17:44,06:17:44,1507068.39,cash_withdrawal,M00478,VND,success,pos,D000353,18.115.100.89,debit_card,Da Nang,"19.083093,105.635857",34,M,2015-01-19,active,0.64,3,1,0,auto_approved,0.3226,2022
0719813b-d122-42f8-b5c5-5e6625015604,U001088,2022-12-11 06:33:27,06:33:27,109767.09,transfer,M00417,USD,success,atm,D001475,172.221.157.127,bank_transfer,Ho Chi Minh City,"11.209016,105.802071",66,M,2020-09-04,active,0.54,0,0,0,auto_approved,0.2492,2022
0ce49c61-41fc-43eb-a25f-7dd84fc02b67,U000734,2022-03-03 11:41:05,11:41:05,199274.46,bill_payment,M00227,USD,success,desktop,D002811,85.103.175.112,credit_card,Singapore,"17.614093,104.147391",40,F,2015-12-11,under_review,0.93,1,0,0,auto_approved,0.47,2022
52fa0b72-94b7-4ecd-b4a7-edc16ebbf2f2,U001624,2022-07-16 18:27:43,18:27:43,874360.22,online_payment,M00291,VND,success,desktop,D001604,211.214.123.153,credit_card,Hanoi,"13.423726,102.911918",62,M,2017-05-11,active,0.82,0,0,0,auto_approved,0.1888,2022
0db61ae4-e853-47f8-a462-8a1182f71ca2,U000765,2022-04-13 15:23:03,15:23:03,1135813.52,cash_withdrawal,M00034,VND,success,mobile,D001251,72.89.21.21,mobile_wallet,Da Nang,"9.002041,106.634492",52,F,2018-09-09,active,0.89,0,0,0,auto_approved,0.4443,2022
9a7e7a91-b3f7-4d4b-9707-1ac78b59e41b,U001288,2022-04-29 11:15:54,11:15:54,330264.99,purchase,M00062,VND,success,pos,D001783,104.208.90.92,bank_transfer,Ho Chi Minh City,"8.924334,107.272495",70,F,2014-06-16,active,0.73,0,0,0,auto_approved,0.2611,2022
f8b65222-9142-4577-a843-f8ccf711f3b5,U000145,2022-05-16 07:47:09,07:47:09,42898.68,online_payment,M00219,USD,success,pos,D002322,101.135.188.213,credit_card,Hanoi,"9.687814,102.157862",18,M,2019-02-20,active,0.61,0,0,0,auto_approved,0.0586,2022
750defdb-2d00-4f7a-bc4c-b0bad29b5c44,U001721,2022-06-19 22:20:49,22:20:49,638470.01,bill_payment,M00053,USD,success,mobile,D002860,44.164.78.83,credit_card,Ho Chi Minh City,"18.563379,105.522833",37,F,2019-01-03,active,0.92,0,0,0,auto_approved,0.2183,2022
b208b869-ac2c-418c-badd-a8955ed9eec3,U001466,2022-03-24 17:44:47,17:44:47,2210306.48,transfer,M00133,VND,success,desktop,D000519,222.225.201.123,bank_transfer,Kuala Lumpur,"18.43815,106.963227",56,F,2014-04-19,active,0.83,0,0,0,auto_approved,0.0196,2022
361f8073-c257-41f9-8c72-3492d5e41e99,U001027,2022-08-18 00:03:35,00:03:35,195714.17,purchase,M00426,VND,success,mobile,D000029,247.3.39.213,bank_transfer,Hanoi,"8.075212,105.424701",34,M,2020-01-07,active,0.65,0,0,0,auto_approved,0.3183,2022
bdc53e4d-b085-46ba-b2aa-53755633688a,U001308,2022-10-29 19:52:55,19:52:55,8732.24,transfer,M00222,VND,success,mobile,D001339,109.52.82.154,mobile_wallet,Singapore,"10.072881,107.288282",24,F,2016-10-28,active,0.52,0,0,0,auto_approved,0.3261,2022
d23ad46b-6f60-414d-8d93-bcb6e124a3b0,U000792,2022-12-14 13:50:33,13:50:33,3398949.71,transfer,M00049,USD,success,desktop,D000374,197.94.55.160,bank_transfer,Singapore,"12.325716,108.490132",61,M,2018-06-16,active,0.97,0,1,0,auto_approved,0.635,2022
719204a6-9b35-4bf0-8700-86899dfce2ab,U001569,2022-06-21 15:54:30,15:54:30,955639.19,bill_payment,M00250,VND,success,desktop,D002561,95.163.202.242,debit_card,Singapore,"16.170326,106.071035",47,F,2020-07-04,active,0.83,0,0,0,auto_approved,0.4308,2022
92cff44f-c3c6-4abb-bf3c-3b90c614ca36,U000479,2022-09-08 17:07:12,17:07:12,1241824.28,transfer,M00162,VND,success,mobile,D000859,251.194.213.178,debit_card,Singapore,"15.994143,103.079804",49,M,2015-11-12,active,0.89,0,0,0,auto_approved,0.3752,2022
eb0c8a75-6d93-4130-8164-fba371aa7653,U000487,2022-05-04 10:53:51,10:53:51,224703.41,purchase,M00109,VND,success,pos,D000797,250.226.236.203,debit_card,Kuala Lumpur,"15.534121,107.137446",58,M,2021-01-03,active,0.89,0,0,0,auto_approved,0.1797,2022
a3d6086d-5947-4d84-a1e1-61cf452674c0,U001993,2022-01-17 12:06:10,12:06:10,996012.44,purchase,M00057,USD,success,pos,D002820,226.112.226.124,bank_transfer,Bangkok,"14.496733,107.18285",46,F,2018-05-21,blocked,0.95,0,0,0,auto_approved,0.1015,2022
133ed8c0-f874-44ee-90b3-849aefc7a676,U001537,2022-05-25 15:43:06,15:43:06,2088560.01,online_payment,M00050,USD,pending,pos,D000261,173.102.241.152,bank_transfer,Singapore,"20.576702,102.245543",46,F,2018-01-10,active,0.77,0,0,0,auto_approved,0.4273,2022
4865570e-38d3-4756-a22a-79b5238bde1f,U001318,2022-10-28 02:57:52,02:57:52,2148953.42,cash_withdrawal,M00291,VND,success,mobile,D002839,2.216.184.2,bank_transfer,Da Nang,"10.959953,103.421041",18,M,2015-05-06,active,0.63,0,0,0,auto_approved,0.1652,2022
12783509-5817-478e-a160-137d3a2fcb9f,U001695,2022-05-03 15:10:56,15:10:56,1270963.17,cash_withdrawal,M00020,USD,success,desktop,D002858,32.254.18.204,mobile_wallet,Ho Chi Minh City,"12.50589,103.601261",56,M,2017-01-25,active,0.46,0,0,0,auto_approved,0.283,2022
886d9656-fc49-42fa-bacd-4fa5b4d6c03f,U001188,2022-06-02 03:29:08,03:29:08,746763.75,bill_payment,M00338,VND,success,desktop,D001514,140.52.13.10,credit_card,Ho Chi Minh City,"10.659807,107.011134",19,F,2014-08-03,active,0.61,0,0,0,auto_approved,0.3149,2022
ad39d938-8295-4653-9ccb-873f566417d7,U001451,2022-05-03 10:21:00,10:21:00,1600531.7,purchase,M00047,VND,success,mobile,D002652,5.0.43.242,bank_transfer,Bangkok,"9.287337,107.98008",36,M,2017-10-18,active,0.58,0,0,0,auto_approved,0.1388,2022
a0ac5c5c-23d5-400b-875e-8102586d80fd,U001425,2022-11-10 07:23:48,07:23:48,72650.8,bill_payment,M00075,USD,success,desktop,D000753,247.194.227.100,debit_card,Kuala Lumpur,"17.428053,104.120364",67,M,2020-04-20,active,0.75,0,1,1,pending_review,0.5289,2022
84204033-02d8-499b-bfe5-fd0ad7cb7d2a,U000559,2022-09-18 08:04:31,08:04:31,2808896.4,cash_withdrawal,M00469,VND,success,mobile,D000746,95.8.7.157,debit_card,Ho Chi Minh City,"17.949774,106.125153",36,M,2018-08-29,active,0.95,0,0,0,auto_approved,0.2056,2022
c621e392-010a-44a0-9571-18715cd51a6a,U001737,2022-10-29 16:40:43,16:40:43,358392.16,purchase,M00139,USD,failed,mobile,D001332,163.70.168.40,debit_card,Bangkok,"17.991526,108.280987",45,M,2018-06-18,active,0.53,0,0,0,auto_approved,0.2854,2022
5cabc084-13be-4039-bffb-b03494b04aad,U000293,2022-07-28 21:59:19,21:59:19,323160.34,purchase,M00155,USD,success,mobile,D001315,73.1.244.176,mobile_wallet,Singapore,"14.580287,103.785021",43,M,2016-03-28,blocked,0.98,0,0,0,auto_approved,0.0942,2022
d74a72bc-a7f2-46fe-8c23-da8b8b7de238,U000299,2022-04-20 01:21:34,01:21:34,4400183.28,purchase,M00117,USD,success,pos,D000277,248.129.223.245,credit_card,Singapore,"8.124164,102.938131",59,F,2021-12-06,active,0.81,3,1,0,auto_approved,0.5683,2022
4f421038-8ce4-4d26-bcfd-3497286ca6f5,U001006,2022-09-18 11:37:30,11:37:30,196384.67,purchase,M00352,USD,success,mobile,D002976,20.54.82.89,mobile_wallet,Kuala Lumpur,"9.578409,103.537327",63,F,2020-02-26,active,0.53,0,0,0,auto_approved,0.3591,2022
9611791f-65c8-4abb-b9c7-9971862660b7,U001273,2022-02-22 21:50:15,21:50:15,50812.84,bill_payment,M00269,USD,success,atm,D002236,249.190.192.200,credit_card,Singapore,"10.928831,104.029708",52,F,2014-08-15,active,0.65,0,0,0,auto_approved,0.2349,2022
aa98a26c-d9a6-4674-96f2-7bed5a7ae24c,U000850,2022-06-12 15:24:42,15:24:42,211858.48,online_payment,M00301,USD,success,pos,D001257,50.66.100.251,debit_card,Da Nang,"10.650147,108.408823",25,M,2014-10-05,under_review,0.86,0,0,0,auto_approved,0.085,2022
62b41997-c525-4413-8ac0-3c2cb13ea770,U001650,2022-01-11 18:39:44,18:39:44,943177.78,online_payment,M00362,USD,success,atm,D001533,59.58.73.73,bank_transfer,Singapore,"11.407517,105.838624",61,M,2015-11-23,active,0.99,0,0,0,auto_approved,0.0648,2022
77c4e4dd-1068-42ea-be8a-9b904c29e79d,U001697,2022-07-13 22:59:35,22:59:35,142126.86,bill_payment,M00345,USD,success,pos,D001819,126.250.42.95,bank_transfer,Bangkok,"13.544309,102.479326",49,M,2015-10-22,active,0.84,0,0,0,auto_approved,0.3327,2022
394b8801-106d-41e5-bc40-af955411c816,U001406,2022-05-05 01:16:43,01:16:43,2502704.22,transfer,M00493,VND,success,mobile,D001144,118.233.137.59,mobile_wallet,Da Nang,"19.574704,103.661629",53,F,2021-05-24,active,1.0,2,1,1,pending_review,0.4338,2022
6d75905e-07b7-4bfc-a3a4-d5acb7cb4787,U001956,2022-02-15 18:35:08,18:35:08,502153.76,online_payment,M00277,VND,success,mobile,D000565,196.151.73.41,mobile_wallet,Kuala Lumpur,"11.516532,108.251485",61,F,2019-06-28,active,0.95,0,0,0,auto_approved,0.054,2022
57bd9c84-be89-4722-b77b-5fdaff94e0eb,U001214,2022-01-11 21:27:16,21:27:16,19886.0,bill_payment,M00039,VND,success,atm,D000092,106.72.210.206,bank_transfer,Hanoi,"15.563005,103.241138",63,M,2015-02-24,active,0.49,1,1,1,pending_review,0.4633,2022
bd6d6200-f06c-42bd-85b1-c6a1e38c1a39,U001024,2022-02-02 23:11:18,23:11:18,799774.38,transfer,M00225,USD,success,atm,D000113,92.239.91.35,bank_transfer,Da Nang,"14.128714,105.094859",22,M,2019-12-23,active,0.91,0,0,0,auto_approved,0.1251,2022
f9f126cf-9a01-4825-a945-c6b848ab9a45,U001225,2022-08-18 18:09:32,18:09:32,180580.76,bill_payment,M00300,VND,success,desktop,D001383,6.147.111.99,bank_transfer,Bangkok,"18.136344,105.403249",32,F,2019-09-30,active,0.67,0,0,0,auto_approved,0.0783,2022
df737844-a8df-45d1-b26d-f3d1627bd142,U001661,2022-12-13 23:04:19,23:04:19,557805.1,bill_payment,M00044,VND,success,mobile,D000122,63.148.41.243,mobile_wallet,Ho Chi Minh City,"10.501526,102.00755",49,M,2018-01-12,active,0.6,0,0,0,auto_approved,0.1009,2022
54ad0496-13af-4df0-960a-382d47dea09a,U001460,2022-06-01 16:23:16,16:23:16,594891.02,online_payment,M00406,USD,success,pos,D000416,199.110.20.142,debit_card,Singapore,"13.672147,107.297279",52,M,2019-02-05,active,0.63,0,0,0,auto_approved,0.1697,2022
b0e03271-2b28-44ec-b659-57e772ae695b,U000986,2022-01-03 02:20:40,02:20:40,1986163.26,purchase,M00326,VND,success,desktop,D001876,127.62.152.182,mobile_wallet,Bangkok,"18.961208,105.017196",51,F,2014-05-16,active,0.57,1,0,0,auto_approved,0.3967,2022
42bb437e-a475-42d6-a261-e83aeb97e333,U001449,2022-11-20 05:12:53,05:12:53,1174074.99,bill_payment,M00163,USD,success,atm,D000057,153.15.54.40,bank_transfer,Bangkok,"16.06267,103.292164",49,M,2022-01-04,active,0.94,2,1,0,auto_approved,0.5358,2022
67174f50-6f7b-42de-a120-4011384b84e5,U001154,2022-07-27 13:57:19,13:57:19,1490303.84,purchase,M00301,USD,success,pos,D001596,211.42.141.80,credit_card,Ho Chi Minh City,"11.871051,107.910861",66,M,2017-01-31,active,0.6,0,0,0,auto_approved,0.3183,2022
ba70f52d-ba7e-4a5d-b5f7-6b1d4bb61801,U000737,2022-05-21 13:52:01,13:52:01,600351.52,transfer,M00109,VND,success,atm,D000404,29.192.224.192,debit_card,Bangkok,"10.59045,102.1053",55,M,2021-03-27,active,0.87,0,0,0,auto_approved,0.2126,2022
5f4534e2-eb96-4ccd-8281-45cf104b25ee,U001645,2022-04-07 21:34:13,21:34:13,31519.17,cash_withdrawal,M00354,USD,success,mobile,D000403,103.140.53.57,mobile_wallet,Kuala Lumpur,"10.566692,106.34616",59,F,2021-01-08,active,0.99,2,1,0,auto_approved,0.5287,2022
cf6688ac-9c3c-4f28-a064-0a28144221ae,U001186,2022-09-27 17:32:15,17:32:15,1000425.81,online_payment,M00173,USD,success,mobile,D000754,249.173.103.72,bank_transfer,Singapore,"15.604201,107.818187",43,F,2014-08-20,active,0.91,0,0,0,auto_approved,0.1759,2022
9b4da4e3-badb-476a-bf89-717f738e6143,U001447,2022-03-02 08:13:32,08:13:32,1550974.48,bill_payment,M00295,USD,success,desktop,D002845,195.107.248.67,debit_card,Da Nang,"14.205577,104.329805",65,M,2017-08-01,active,0.95,0,0,0,auto_approved,0.2352,2022
7f4e6339-3bd6-4d69-832f-644de20b269c,U001701,2022-12-23 13:26:26,13:26:26,1082570.19,transfer,M00374,VND,success,pos,D002992,71.109.215.231,debit_card,Bangkok,"9.65002,104.806103",21,F,2019-07-25,active,0.72,1,0,0,auto_approved,0.173,2022
e9facf1a-e882-49d9-8525-f6c358678467,U001607,2022-08-01 13:45:18,13:45:18,3045983.6,bill_payment,M00015,VND,success,desktop,D001498,101.21.213.248,debit_card,Ho Chi Minh City,"9.713466,106.778555",34,M,2020-07-21,active,0.6,0,1,1,pending_review,0.4075,2022
d26b4e6f-ad82-44ed-a29f-60452f39fcce,U000410,2022-09-20 08:47:44,08:47:44,783568.66,purchase,M00007,VND,success,pos,D001409,115.194.111.220,bank_transfer,Kuala Lumpur,"19.983359,104.00205",58,F,2015-10-13,active,0.46,2,1,0,auto_approved,0.4377,2022
7ddda331-c904-4b50-bfd4-d31bbc72a33c,U000213,2022-01-19 08:02:14,08:02:14,298637.61,cash_withdrawal,M00195,VND,success,mobile,D002094,229.174.8.163,credit_card,Da Nang,"17.176285,103.856934",39,M,2019-02-16,active,0.75,0,0,0,auto_approved,0.059,2022
220f00b7-1543-4012-85e8-1fbe1e219324,U001086,2022-10-31 15:05:12,15:05:12,2345831.65,bill_payment,M00401,USD,failed,mobile,D002641,238.101.244.177,mobile_wallet,Hanoi,"12.122564,105.740134",69,F,2018-08-08,blocked,0.78,0,0,0,auto_approved,0.3941,2022
3fbdef2f-01d2-49ae-b263-d42f4345913f,U000774,2022-06-03 06:55:29,06:55:29,775400.49,bill_payment,M00385,VND,success,mobile,D000976,36.178.173.142,debit_card,Ho Chi Minh City,"16.754292,106.030574",68,M,2014-10-30,active,0.74,0,0,0,auto_approved,0.1403,2022
e16127b0-df16-4c17-ad9c-0fcb806b71cf,U001161,2022-09-13 04:00:59,04:00:59,856648.03,online_payment,M00311,USD,success,mobile,D001311,83.40.12.163,mobile_wallet,Hanoi,"8.026882,103.003489",60,F,2019-03-02,active,0.58,1,0,0,auto_approved,0.5709,2022
eeb2bfd8-2cf5-42a0-a9df-2b5a4dfb9c64,U001314,2022-01-22 05:25:34,05:25:34,637142.73,cash_withdrawal,M00384,VND,success,pos,D001668,172.161.39.254,debit_card,Bangkok,"11.849756,108.145443",36,M,2020-10-12,active,0.61,0,0,0,auto_approved,0.0536,2022
7d8194cf-8167-47a6-8e00-e28016bed2ef,U001460,2022-08-22 18:06:06,18:06:06,136630.61,cash_withdrawal,M00088,USD,success,mobile,D000845,144.242.179.90,bank_transfer,Bangkok,"11.833114,104.242609",35,M,2019-03-21,active,0.78,0,0,0,auto_approved,0.4123,2022
4ecc1f19-4a54-4af5-b222-5cbd90c974f4,U001087,2022-10-22 06:51:45,06:51:45,1804921.42,purchase,M00260,VND,success,pos,D002950,104.248.81.173,credit_card,Hanoi,"11.832489,108.913",64,M,2019-04-28,active,0.8,0,0,0,auto_approved,0.3114,2022
6191e65a-6f8b-48db-8ab0-511f7d3de822,U001553,2022-10-10 08:16:35,08:16:35,174329.06,transfer,M00179,VND,success,pos,D002323,74.0.166.25,mobile_wallet,Singapore,"10.457937,105.433538",54,M,2018-05-02,under_review,0.91,0,0,0,auto_approved,0.2682,2022
18f93d5c-5a75-4bed-8c00-0484e5ac9973,U001946,2022-12-09 07:57:05,07:57:05,905338.72,cash_withdrawal,M00033,VND,success,atm,D000879,83.117.154.91,debit_card,Hanoi,"13.256938,102.034534",20,F,2020-02-03,active,0.49,0,1,1,pending_review,0.3802,2022
fc6f804a-176d-426c-8582-4249e70bc7d3,U000310,2022-09-09 02:46:06,02:46:06,1353276.87,cash_withdrawal,M00415,VND,success,atm,D000534,44.116.24.106,credit_card,Da Nang,"14.308348,108.263193",70,M,2015-06-23,active,0.7,0,0,0,auto_approved,0.0776,2022
630240e7-b93e-4fd6-86f1-1d1b850ead5a,U000174,2022-08-10 18:35:46,18:35:46,421480.16,transfer,M00329,USD,success,desktop,D001230,125.240.240.195,mobile_wallet,Singapore,"8.107583,104.850316",68,F,2018-01-20,active,0.77,0,0,0,auto_approved,0.0681,2022
0512e0f3-143a-4177-9631-0a3ac13bc7d6,U001940,2022-05-23 22:33:16,22:33:16,625840.98,online_payment,M00383,USD,success,mobile,D001572,237.101.60.226,debit_card,Kuala Lumpur,"15.411616,107.546547",50,M,2021-04-26,active,0.55,0,0,0,auto_approved,0.3194,2022
770a84f3-d8e0-489b-920c-24bf22142fc4,U000945,2022-08-19 03:31:13,03:31:13,224056.1,bill_payment,M00113,VND,success,pos,D000340,112.219.243.193,mobile_wallet,Da Nang,"9.205848,107.011189",61,M,2018-05-11,active,0.48,0,1,0,auto_approved,0.4701,2022
d36ba6b8-d58f-4e3d-a29b-1903d942e817,U001500,2022-01-26 18:52:00,18:52:00,218050.19,bill_payment,M00180,USD,success,desktop,D002434,184.42.113.104,bank_transfer,Bangkok,"20.976954,106.131189",27,M,2021-09-27,under_review,0.55,1,1,0,auto_approved,0.5192,2022
421e189a-90bb-482f-bbc4-7267af3d35a1,U001294,2022-07-12 04:11:53,04:11:53,14306.11,online_payment,M00407,USD,success,pos,D001774,223.204.97.89,bank_transfer,Da Nang,"13.163145,108.414264",35,F,2017-09-27,active,0.66,0,1,0,auto_approved,0.6356,2022
fb410144-8e34-4540-a56c-486242f4961b,U000360,2022-08-11 00:32:06,00:32:06,172766.33,transfer,M00386,USD,success,mobile,D001134,69.124.31.148,debit_card,Ho Chi Minh City,"15.330196,108.610209",53,M,2021-12-28,active,0.77,0,0,0,auto_approved,0.3136,2022
32cf9333-aa70-406a-9aeb-ca14593aba86,U000048,2022-03-11 18:34:10,18:34:10,107049.17,online_payment,M00301,VND,success,pos,D001557,25.148.252.136,bank_transfer,Hanoi,"16.230434,107.239717",62,F,2020-06-19,active,0.82,0,0,0,auto_approved,0.0934,2022
618d173e-cd5e-4bd8-8e5a-ba92da79e399,U000226,2022-02-12 19:26:46,19:26:46,393771.45,purchase,M00397,USD,success,pos,D000499,111.24.181.54,debit_card,Ho Chi Minh City,"10.97433,106.708866",32,M,2018-02-25,active,0.91,0,0,0,auto_approved,0.3521,2022
9db215cd-c4f7-4f94-bb39-1ff16760042c,U000100,2022-11-04 02:30:57,02:30:57,1962047.79,transfer,M00286,VND,success,desktop,D001436,16.200.184.232,bank_transfer,Kuala Lumpur,"19.078249,105.201808",18,F,2021-05-22,active,0.53,0,1,1,pending_review,0.2903,2022
f65d9345-ea70-4a44-b033-d5f202c638a6,U000450,2022-09-25 14:21:37,14:21:37,161285.24,online_payment,M00487,VND,success,desktop,D000283,62.255.38.62,credit_card,Bangkok,"10.951431,105.753748",31,F,2018-06-15,active,0.73,0,0,0,auto_approved,0.1441,2022
62a68cfd-0075-4d71-865c-b56b9cdf7271,U000961,2022-10-17 21:14:02,21:14:02,313774.08,transfer,M00090,USD,success,pos,D001815,123.24.66.121,mobile_wallet,Singapore,"11.577628,104.053951",68,F,2018-03-04,active,0.54,0,0,0,auto_approved,0.0955,2022
aaea3300-e97a-46da-98eb-4114e0615244,U001486,2022-09-03 01:33:10,01:33:10,356776.79,cash_withdrawal,M00469,VND,success,atm,D001308,42.54.173.63,mobile_wallet,Ho Chi Minh City,"17.594883,104.739721",65,M,2017-11-03,active,0.86,0,0,0,auto_approved,0.0557,2022
cb3c47ab-466e-433d-b3e5-b559b5cc5ff7,U000806,2022-08-14 06:47:57,06:47:57,3332642.52,purchase,M00259,VND,failed,atm,D000484,224.200.242.105,bank_transfer,Kuala Lumpur,"13.598593,105.696965",25,M,2017-06-02,under_review,0.9,0,1,0,auto_approved,0.3686,2022
2c65af40-944e-4477-b888-a1af735f3429,U000483,2022-01-25 09:39:10,09:39:10,339163.24,cash_withdrawal,M00462,USD,success,desktop,D000527,171.229.214.167,credit_card,Ho Chi Minh City,"10.800021,108.307215",28,F,2015-10-12,blocked,0.93,0,0,0,auto_approved,0.4495,2022
9bcce887-2893-4f33-9b06-9fb0f2dd84b7,U001481,2022-06-30 01:12:14,01:12:14,472181.13,purchase,M00050,USD,success,mobile,D001152,66.146.98.133,bank_transfer,Da Nang,"13.219633,107.282666",66,F,2017-02-22,active,0.5,0,0,0,auto_approved,0.2723,2022
d2a69552-f443-4ba9-824b-6c7c1ddb226a,U000158,2022-08-04 00:56:41,00:56:41,1304566.31,bill_payment,M00387,VND,failed,atm,D002363,63.62.230.87,credit_card,Singapore,"18.343586,107.08229",70,F,2016-09-10,active,0.46,0,0,0,auto_approved,0.3048,2022
154bd053-8f1e-4f20-9bd6-1804ba704097,U001383,2022-04-05 00:21:34,00:21:34,592186.42,cash_withdrawal,M00267,VND,success,desktop,D002877,253.8.61.134,mobile_wallet,Hanoi,"21.235914,103.891753",36,F,2020-04-23,active,0.95,0,0,0,auto_approved,0.3323,2022
50951616-6a53-4bc0-8949-96a283b5d460,U001899,2022-12-21 18:54:18,18:54:18,1204915.42,purchase,M00146,USD,success,pos,D001779,31.67.106.186,bank_transfer,Hanoi,"18.9237,108.500387",48,F,2017-03-03,active,0.67,0,0,0,auto_approved,0.2997,2022
5d0734d2-fc58-4672-befd-84e094fcad66,U001642,2022-03-06 23:56:35,23:56:35,113169.17,bill_payment,M00029,VND,success,pos,D002565,86.169.108.209,bank_transfer,Hanoi,"18.576219,108.766353",53,F,2020-01-09,active,0.7,0,0,0,auto_approved,0.1315,2022
8026145f-7a5b-402d-b44c-f52a866eee5e,U000722,2022-06-14 22:01:45,22:01:45,212237.55,online_payment,M00197,USD,success,atm,D002217,95.49.119.241,credit_card,Kuala Lumpur,"21.71278,104.30368",44,F,2019-04-12,active,0.99,0,0,0,auto_approved,0.0878,2022
a65ab7d8-16a1-44ee-8ff7-17cdbd597aad,U001649,2022-01-03 13:48:31,13:48:31,10715.9,transfer,M00262,USD,success,atm,D002604,90.187.16.96,bank_transfer,Hanoi,"10.828935,102.936949",26,M,2014-08-24,active,0.9,1,0,0,auto_approved,0.5295,2022
da235f0e-a0be-4ce0-96b2-0c9058d1d151,U000450,2022-07-29 22:32:06,22:32:06,99241.42,online_payment,M00083,VND,failed,desktop,D001002,227.26.204.83,bank_transfer,Bangkok,"17.602859,108.079272",42,F,2018-06-09,active,0.48,0,0,0,auto_approved,0.16,2022
99cb5770-b39a-4b52-ae4d-00ede0d189c9,U000400,2022-05-08 11:04:55,11:04:55,54160.54,cash_withdrawal,M00282,USD,success,pos,D000268,159.145.7.93,credit_card,Ho Chi Minh City,"20.887262,104.136743",23,M,2021-09-21,active,0.51,0,0,0,auto_approved,0.2603,2022
6afca985-0a58-4ba6-8a03-d1499bbdb032,U000494,2022-09-12 23:28:49,23:28:49,288565.82,purchase,M00349,USD,success,pos,D001967,219.236.91.166,debit_card,Ho Chi Minh City,"20.581289,106.071678",34,F,2018-04-13,active,0.94,1,0,0,auto_approved,0.586,2022
fc670edf-ee5b-4056-9f2a-31ee02ad4aaf,U001096,2022-02-27 08:57:38,08:57:38,219151.32,transfer,M00126,USD,success,atm,D002844,40.173.216.212,mobile_wallet,Hanoi,"8.174407,105.962308",56,M,2015-10-11,active,0.72,0,0,0,auto_approved,0.3269,2022
3083cce0-d9b7-43cd-b09a-a408a974db83,U000787,2022-05-21 02:05:31,02:05:31,278771.02,bill_payment,M00249,VND,success,mobile,D001399,223.252.54.109,credit_card,Hanoi,"19.484357,108.138514",70,M,2019-09-29,active,0.99,0,0,0,auto_approved,0.265,2022
8d9a959a-3f4a-461b-9eaf-5b84e9472d92,U001551,2022-09-08 04:05:02,04:05:02,63838.85,transfer,M00085,VND,success,mobile,D001862,167.139.254.233,debit_card,Da Nang,"10.32135,105.946429",48,M,2016-11-27,active,0.96,2,1,0,auto_approved,0.4406,2022
3489c02d-73de-4eff-b8ea-cd6a9898dd7c,U001878,2022-10-24 23:40:46,23:40:46,403053.8,bill_payment,M00008,VND,success,mobile,D001995,244.223.77.234,credit_card,Kuala Lumpur,"12.644362,104.507825",29,M,2015-11-24,active,0.47,1,0,0,auto_approved,0.5563,2022
9d57588d-cdef-4d49-95ba-103c347554d2,U001110,2022-07-22 02:41:55,02:41:55,846469.2,purchase,M00082,VND,success,atm,D002771,87.119.82.146,bank_transfer,Singapore,"17.034547,102.983518",66,F,2021-11-20,active,0.84,1,0,0,auto_approved,0.1267,2022
9ba0c186-cbcc-48d6-92bc-1db5a65e80dc,U001554,2022-01-06 20:28:28,20:28:28,979903.91,transfer,M00079,VND,success,atm,D000282,1.248.87.212,debit_card,Kuala Lumpur,"11.49811,108.822789",57,M,2018-11-18,active,0.78,1,0,0,auto_approved,0.4941,2022
068a3b4a-4134-421c-a2a3-4cb864fb4d06,U000542,2022-06-17 20:05:31,20:05:31,1083939.98,bill_payment,M00100,USD,success,desktop,D001219,243.208.11.237,mobile_wallet,Da Nang,"8.586102,108.92286",49,F,2020-03-24,under_review,0.8,0,0,0,auto_approved,0.3046,2022
2935f361-fdad-42b9-8f8b-ac5604d2dc0c,U000474,2022-10-02 18:46:02,18:46:02,4531.67,cash_withdrawal,M00450,USD,failed,desktop,D000597,229.100.252.35,credit_card,Bangkok,"12.096286,103.833271",58,F,2020-12-06,active,0.72,2,1,1,pending_review,0.3272,2022
f1d9f13e-78af-4cdf-8284-5c6543ca1355,U001439,2022-03-23 17:44:39,17:44:39,1459670.2,online_payment,M00346,VND,success,atm,D001371,45.42.189.49,mobile_wallet,Hanoi,"13.775073,105.554114",33,M,2016-07-17,active,0.75,0,0,0,auto_approved,0.1765,2022
fb7526a8-fd7d-44be-af38-0ab580aa4fd7,U000632,2022-05-05 09:58:23,09:58:23,344877.69,bill_payment,M00498,VND,success,mobile,D002123,250.195.108.32,credit_card,Singapore,"11.564443,106.179891",65,F,2017-08-11,active,0.95,0,0,0,auto_approved,0.1575,2022
a96c31ff-1f0b-4b3a-ade1-67246eaa4be6,U001741,2022-02-16 19:51:19,19:51:19,1262894.39,bill_payment,M00127,VND,success,desktop,D000347,164.244.227.189,debit_card,Hanoi,"16.266119,108.693502",35,M,2020-10-22,active,0.68,0,0,0,auto_approved,0.1071,2022
62d8ca38-6af6-4df3-a703-91cc1cdfc62c,U001231,2022-12-13 19:45:54,19:45:54,1211259.07,cash_withdrawal,M00016,VND,success,mobile,D002415,203.38.25.139,debit_card,Ho Chi Minh City,"13.121366,106.328962",62,M,2022-06-29,active,0.55,0,0,0,auto_approved,0.1984,2022
d686c3ab-fa1c-40f0-ba09-e101bb75536b,U001984,2022-12-17 05:46:38,05:46:38,476321.92,purchase,M00014,USD,success,desktop,D000372,151.113.30.35,credit_card,Ho Chi Minh City,"20.160145,102.905516",69,M,2017-09-09,active,0.83,1,0,0,auto_approved,0.2883,2022
2220e0a7-f6db-40df-8b25-b807247d906e,U001631,2022-06-09 07:32:42,07:32:42,578203.23,transfer,M00216,VND,success,mobile,D002027,199.232.148.243,credit_card,Da Nang,"13.00104,102.28206",54,F,2019-03-07,active,0.47,0,0,0,auto_approved,0.3336,2022
88fdc0e7-5a0a-4735-b57c-31a852e2a233,U001207,2022-11-17 22:30:16,22:30:16,85072.16,bill_payment,M00462,VND,success,desktop,D000292,189.174.136.247,bank_transfer,Da Nang,"11.39363,102.734782",67,F,2018-05-14,active,0.53,2,1,1,pending_review,0.2796,2022
3c7a7603-c363-439e-9d34-d4570bb20e8e,U001605,2022-06-30 00:18:36,00:18:36,3475351.21,purchase,M00342,USD,success,atm,D002140,44.101.147.160,bank_transfer,Bangkok,"8.751481,104.537434",44,M,2015-07-24,active,0.84,0,1,1,pending_review,0.2675,2022
cdf60650-5401-46d6-9fc2-26ff3b08a183,U000205,2022-02-18 04:00:14,04:00:14,35199.09,bill_payment,M00318,VND,success,desktop,D001215,64.112.156.111,bank_transfer,Singapore,"17.306057,103.327445",53,F,2018-06-22,active,0.57,0,0,0,auto_approved,0.0289,2022
1b9a1748-2528-4a12-8079-cc1013558c5a,U001084,2022-02-16 19:50:46,19:50:46,703852.39,cash_withdrawal,M00127,VND,success,pos,D002389,139.59.158.226,bank_transfer,Da Nang,"20.388097,106.129528",60,F,2019-04-22,active,0.94,0,0,0,auto_approved,0.0331,2022
1e1180bd-025d-4901-830c-fc0b57dcf4c8,U000391,2022-12-04 14:07:51,14:07:51,318547.1,purchase,M00369,USD,success,desktop,D002172,196.150.91.62,mobile_wallet,Ho Chi Minh City,"13.687211,108.963394",33,F,2015-03-12,active,0.76,0,0,0,auto_approved,0.0337,2022
cbd69701-0abe-40bd-9866-aad1c4f18bab,U000659,2022-10-01 13:36:26,13:36:26,96431.06,bill_payment,M00295,USD,pending,mobile,D002521,209.146.104.34,debit_card,Singapore,"20.056431,107.015462",64,F,2022-07-08,active,0.83,0,0,0,auto_approved,0.1881,2022
80cfcb68-7f34-4758-bafa-defaa6feaf61,U001975,2022-07-25 17:28:30,17:28:30,402554.12,transfer,M00483,VND,success,mobile,D001285,55.252.204.96,debit_card,Da Nang,"14.818394,106.485537",53,M,2019-09-25,active,0.57,0,0,0,auto_approved,0.3622,2022
9b48dc96-827c-4723-b7df-2224f2bef70f,U000574,2022-05-19 04:41:09,04:41:09,1254508.04,transfer,M00407,VND,success,pos,D001496,207.196.215.10,mobile_wallet,Hanoi,"16.942095,103.055036",42,M,2021-11-30,active,0.61,0,0,0,auto_approved,0.4263,2022
6efa85d3-9dd5-4c84-be0b-8434548fd40f,U001228,2022-09-04 20:46:25,20:46:25,1142949.27,cash_withdrawal,M00484,USD,success,atm,D000931,143.231.160.172,credit_card,Hanoi,"11.445698,108.265877",61,F,2021-05-30,active,0.89,0,0,0,auto_approved,0.1759,2022
926cf61f-bcf5-48e4-a243-01cfecd93ea1,U001858,2022-06-01 00:50:39,00:50:39,891675.3,transfer,M00470,USD,success,desktop,D001916,211.139.131.250,bank_transfer,Ho Chi Minh City,"8.752028,102.933596",45,F,2014-07-24,active,0.81,0,0,0,auto_approved,0.087,2022
32722199-ea4a-4946-8ecf-6de1a85e2944,U001429,2022-10-28 09:31:22,09:31:22,88278.56,transfer,M00267,VND,success,mobile,D000655,180.58.184.127,credit_card,Bangkok,"8.222968,106.910682",20,M,2017-01-06,active,0.65,1,0,0,auto_approved,0.4663,2022
0eb05bbf-f34a-47ac-a756-e41c43f7d0ac,U000944,2022-02-26 15:03:46,15:03:46,1134130.06,online_payment,M00479,USD,pending,desktop,D002887,9.28.24.233,mobile_wallet,Hanoi,"13.565499,105.980972",67,F,2019-10-12,blocked,0.77,1,0,0,auto_approved,0.1372,2022
d46fce1b-3df1-4ee4-b2a3-14e0cb5f4ca3,U000379,2022-02-08 10:01:21,10:01:21,261538.77,transfer,M00121,USD,success,atm,D001823,78.174.61.114,bank_transfer,Singapore,"19.642817,103.397818",39,F,2016-12-31,active,0.98,0,1,0,auto_approved,0.2076,2022
900748f1-c288-46fc-9397-29f49e2bf811,U000611,2022-12-14 16:42:30,16:42:30,1015124.85,transfer,M00044,VND,pending,mobile,D001341,220.162.91.95,credit_card,Da Nang,"11.582077,108.051049",50,F,2020-11-25,active,0.99,0,0,0,auto_approved,0.2891,2022
5b610f09-9f70-4ca5-a27e-8b9c99850f9b,U000296,2022-03-26 03:34:32,03:34:32,2994077.13,bill_payment,M00474,VND,success,mobile,D000997,125.34.125.11,bank_transfer,Bangkok,"20.297026,105.565119",35,F,2014-01-31,active,0.9,1,0,0,auto_approved,0.145,2022
86d94da9-c718-4a02-ab2b-73391775b7ef,U001535,2022-12-21 22:43:48,22:43:48,1269179.27,bill_payment,M00461,VND,success,pos,D000793,250.84.187.76,credit_card,Kuala Lumpur,"10.770097,103.193433",47,F,2019-07-05,active,0.86,0,0,0,auto_approved,0.3765,2022
04d8ee38-0b41-4c21-9305-4fd59ba14829,U001639,2022-06-18 06:56:48,06:56:48,202126.47,purchase,M00322,VND,success,mobile,D001013,214.157.255.194,debit_card,Da Nang,"19.410088,102.948585",31,F,2014-04-18,active,0.94,0,0,0,auto_approved,0.427,2022
d2992104-ee4d-46db-a57c-07b6a4cfad47,U001918,2022-02-20 07:18:13,07:18:13,35002.24,bill_payment,M00001,VND,success,desktop,D001168,22.153.203.74,debit_card,Singapore,"10.212471,105.33674",64,F,2017-01-10,active,0.74,0,0,0,auto_approved,0.1353,2022
bbf3e1e0-01c5-4733-998b-f536e01bd4cf,U000494,2022-09-23 09:03:05,09:03:05,161395.58,bill_payment,M00088,USD,success,pos,D000451,90.175.105.213,mobile_wallet,Hanoi,"14.763476,107.193143",67,M,2014-09-05,active,0.76,0,0,0,auto_approved,0.3461,2022
2a15a62a-e8de-4c32-a49c-c421b4d6b6dd,U000929,2022-08-01 10:55:28,10:55:28,311011.1,bill_payment,M00052,VND,success,mobile,D001330,99.7.192.35,bank_transfer,Kuala Lumpur,"20.873882,107.13477",27,F,2018-12-31,active,0.53,0,0,0,auto_approved,0.1996,2022
bd20762b-3cde-4cb0-b696-7671547a7fb4,U000077,2022-09-06 10:34:31,10:34:31,426701.17,purchase,M00261,VND,success,desktop,D001799,8.153.254.182,bank_transfer,Ho Chi Minh City,"10.493807,103.377158",49,M,2015-07-18,active,0.48,0,0,0,auto_approved,0.0904,2022
e3052645-8a1e-4fd9-9b38-37dcbc1f8070,U000815,2022-12-20 22:49:19,22:49:19,326052.43,cash_withdrawal,M00341,USD,success,pos,D002063,146.0.230.237,bank_transfer,Da Nang,"12.829865,107.542546",19,M,2017-07-25,active,0.8,2,1,0,auto_approved,0.1745,2022
d83a348f-71d4-4aaf-b52b-22020d90fa0b,U001633,2022-07-30 22:48:52,22:48:52,79270.95,cash_withdrawal,M00396,USD,success,pos,D000658,69.138.49.4,bank_transfer,Singapore,"12.125997,102.671587",47,M,2017-06-29,active,0.67,0,0,0,auto_approved,0.4375,2022
f990077a-55fe-4009-b5e9-76f90b8443fb,U001252,2022-08-15 02:15:08,02:15:08,3070830.44,purchase,M00277,USD,failed,pos,D000092,204.231.160.146,debit_card,Bangkok,"16.484449,104.677264",50,M,2017-06-27,active,0.82,0,1,0,auto_approved,0.3738,2022
0baaaf24-72ac-4d0c-97e9-d85ef53380ed,U001919,2022-09-21 07:41:13,07:41:13,368959.97,bill_payment,M00295,USD,success,atm,D002860,5.236.179.242,debit_card,Da Nang,"10.143896,108.194911",43,F,2017-04-18,active,0.5,0,1,0,auto_approved,0.2999,2022
23bffe62-8b09-460f-af37-f970ab152a96,U001794,2022-12-05 08:39:40,08:39:40,696913.17,bill_payment,M00270,VND,success,pos,D002279,199.244.1.68,mobile_wallet,Da Nang,"10.92393,103.932022",52,F,2015-12-23,under_review,0.79,1,0,0,auto_approved,0.4319,2022
0a3128dc-8d52-483f-b961-22f42a6e64a9,U001098,2022-02-28 05:49:52,05:49:52,1192068.55,bill_payment,M00405,USD,success,desktop,D001798,238.59.32.110,debit_card,Hanoi,"16.793907,104.545833",32,F,2017-08-28,active,0.69,0,0,0,auto_approved,0.2692,2022
41b4df2b-0203-4abe-86ec-84145c1af905,U001972,2022-01-04 19:51:17,19:51:17,1375029.03,cash_withdrawal,M00306,USD,success,desktop,D000253,125.233.205.146,credit_card,Da Nang,"13.240214,107.532194",56,F,2019-03-26,active,0.71,0,0,0,auto_approved,0.4238,2022
a4ebb11d-598f-42eb-8798-2b531e2a49bf,U001227,2022-05-16 03:18:58,03:18:58,1099395.09,purchase,M00019,VND,success,pos,D001486,127.161.231.19,credit_card,Bangkok,"11.855351,104.756307",61,F,2019-08-17,active,0.6,0,0,0,auto_approved,0.2818,2022
a4303dbe-b5b3-44ee-a209-f004816996da,U000390,2022-06-06 16:37:18,16:37:18,1342928.05,transfer,M00274,USD,success,desktop,D001172,46.242.86.122,credit_card,Hanoi,"12.655078,105.23967",55,F,2017-12-09,active,0.46,0,0,0,auto_approved,0.1175,2022
13f218b3-18b4-49db-82e1-891140dfdb78,U000754,2022-10-17 12:49:38,12:49:38,34971.99,online_payment,M00087,VND,success,desktop,D000043,86.50.221.195,mobile_wallet,Ho Chi Minh City,"13.351635,102.100784",24,F,2020-10-15,active,0.92,2,1,1,pending_review,0.5972,2022
2bf2ea55-6803-4e31-8c30-8bc7fcfe0cbb,U000366,2022-05-23 21:33:51,21:33:51,482466.68,transfer,M00124,VND,success,atm,D000068,18.156.129.227,debit_card,Hanoi,"8.910148,105.978476",65,M,2018-11-11,active,0.72,0,0,0,auto_approved,0.0772,2022
56c50c2a-fba4-4756-b72c-74c1be04f758,U000282,2022-07-26 22:21:56,22:21:56,469516.85,transfer,M00053,VND,success,atm,D001088,177.72.81.132,mobile_wallet,Da Nang,"20.832704,107.314406",32,M,2018-10-11,active,0.82,2,1,1,pending_review,0.7832,2022
f05afcc9-6a71-420c-ab1d-fd2b9b9ba117,U001073,2022-07-18 06:51:06,06:51:06,707523.97,transfer,M00017,VND,success,desktop,D000358,216.245.94.211,credit_card,Hanoi,"20.755672,103.604074",54,F,2022-05-16,active,0.97,0,0,0,auto_approved,0.0143,2022
52302620-f2e1-461e-9d98-35124c63a5f5,U001662,2022-05-10 02:13:17,02:13:17,948080.92,transfer,M00309,USD,pending,desktop,D002684,153.201.238.133,credit_card,Kuala Lumpur,"16.086665,103.099185",51,M,2016-06-04,active,0.52,0,0,0,auto_approved,0.4438,2022
f4b069f9-b7f0-43e1-a7d7-8dd669fa78b6,U000980,2022-05-10 10:38:11,10:38:11,1328831.72,bill_payment,M00211,VND,success,pos,D001572,130.12.87.182,mobile_wallet,Kuala Lumpur,"12.464816,108.472675",38,F,2020-07-15,active,0.95,0,0,0,auto_approved,0.246,2022
ef10bb22-108d-45b8-8545-9187ed6d51fe,U001251,2022-06-03 09:47:39,09:47:39,26115.48,cash_withdrawal,M00025,VND,success,mobile,D001206,162.245.215.184,mobile_wallet,Kuala Lumpur,"15.247453,107.921374",56,F,2015-04-05,active,0.79,0,0,0,auto_approved,0.292,2022
897a4f2f-b75e-4b98-b593-5117119a6d9b,U001752,2022-05-09 22:17:04,22:17:04,413391.21,purchase,M00439,USD,success,desktop,D001118,224.90.199.98,bank_transfer,Singapore,"9.257113,106.614794",63,M,2015-12-25,active,0.8,0,0,0,auto_approved,0.217,2022
e215fb92-77a3-4235-9b0e-39bf301a8308,U000294,2022-06-22 02:41:03,02:41:03,1162134.97,transfer,M00430,USD,success,pos,D002097,151.141.154.1,mobile_wallet,Bangkok,"19.192934,107.225369",21,F,2015-07-08,active,0.61,0,0,0,auto_approved,0.3069,2022
6fb55163-c6f1-484b-98d2-84395dfa417a,U001594,2022-12-05 21:13:22,21:13:22,121327.53,cash_withdrawal,M00072,USD,success,atm,D001759,102.72.87.197,mobile_wallet,Bangkok,"19.079324,106.322072",69,M,2017-02-26,active,0.77,0,0,0,auto_approved,0.1805,2022
bea68a7d-43d4-4a48-8a12-f65968cc0bea,U001549,2022-12-06 05:50:34,05:50:34,425423.66,online_payment,M00031,VND,success,mobile,D001439,92.141.62.197,debit_card,Kuala Lumpur,"10.312294,108.862866",20,M,2017-02-04,active,0.45,0,0,0,auto_approved,0.4252,2022
b944d27e-04aa-4711-bedd-84f210417c96,U001928,2022-03-22 05:51:39,05:51:39,692848.63,purchase,M00150,VND,pending,desktop,D000829,247.91.45.113,mobile_wallet,Singapore,"20.192627,105.247212",69,F,2021-11-07,active,0.93,1,0,0,auto_approved,0.5741,2022
7f1b61ac-f910-4cbd-be15-558b36399b9d,U001157,2022-01-01 19:11:00,19:11:00,650054.44,transfer,M00496,USD,pending,mobile,D001406,175.199.181.248,credit_card,Singapore,"10.342209,108.065175",45,F,2018-09-19,active,0.96,0,0,0,auto_approved,0.2554,2022
93163026-1be8-4c07-ac7b-90de54b1d99d,U000275,2022-01-06 09:54:48,09:54:48,706849.7,purchase,M00067,USD,success,atm,D002010,196.47.129.64,mobile_wallet,Singapore,"13.681524,107.389189",22,M,2016-03-20,active,0.59,3,1,1,pending_review,0.4074,2022
29d9588d-2417-4590-b805-e0e3c234f601,U000372,2022-05-23 15:04:25,15:04:25,380284.99,cash_withdrawal,M00484,VND,success,mobile,D000631,180.12.3.101,credit_card,Kuala Lumpur,"13.104447,102.794194",23,M,2017-03-07,active,0.86,0,0,0,auto_approved,0.3304,2022
f5272853-5509-48fa-b31d-feca6727fa94,U000432,2022-07-10 11:45:10,11:45:10,392424.81,cash_withdrawal,M00303,USD,success,pos,D001469,188.218.84.120,bank_transfer,Ho Chi Minh City,"14.276675,104.356962",30,F,2015-05-07,active,0.91,0,0,0,auto_approved,0.1314,2022
bd92a7f5-4264-4968-ac47-0379b3536585,U000964,2022-08-25 04:34:46,04:34:46,361645.77,online_payment,M00277,VND,success,atm,D002497,62.175.32.244,bank_transfer,Da Nang,"10.802458,105.260482",19,F,2020-02-27,active,0.72,0,0,0,auto_approved,0.0432,2022
4900a471-41d4-4e7b-b88f-af76373c2d9f,U001356,2022-10-27 09:15:39,09:15:39,1132770.49,cash_withdrawal,M00227,VND,pending,desktop,D000160,154.64.123.72,credit_card,Hanoi,"17.555848,108.868951",19,F,2014-10-28,active,0.77,0,0,0,auto_approved,0.1636,2022
efa4aa6a-cd01-4a1e-909f-5f4e945a916b,U000008,2022-06-19 04:01:49,04:01:49,618428.83,transfer,M00442,VND,success,desktop,D002731,222.156.195.60,bank_transfer,Hanoi,"16.608083,105.45856",40,F,2017-10-23,active,0.7,0,0,0,auto_approved,0.302,2022
912651a5-4bd7-48e3-91bf-696ae8b1f8ae,U000877,2022-04-10 05:38:39,05:38:39,1433034.67,online_payment,M00264,USD,success,desktop,D000800,123.139.43.252,mobile_wallet,Hanoi,"15.50002,103.37814",67,F,2016-10-08,active,0.75,0,0,0,auto_approved,0.2946,2022
b06b3758-2eb6-4d97-b039-f45fdc1dbfff,U001000,2022-02-16 19:05:40,19:05:40,74270.38,online_payment,M00349,VND,success,atm,D001104,57.121.44.182,credit_card,Hanoi,"19.470381,107.791348",43,F,2020-12-01,active,0.97,0,0,0,auto_approved,0.3874,2022
16a658fe-54ad-434f-b2a2-fd9f1b73854a,U001526,2022-03-25 14:15:51,14:15:51,16587.25,cash_withdrawal,M00130,USD,success,pos,D002233,176.206.82.20,bank_transfer,Ho Chi Minh City,"8.236597,107.025272",34,F,2020-03-07,active,0.81,0,0,0,auto_approved,0.2134,2022
5e4bc221-786e-419b-b1e5-1543a306a0ee,U001299,2022-10-31 08:14:56,08:14:56,12648.07,bill_payment,M00079,VND,success,pos,D002788,244.93.128.133,debit_card,Bangkok,"14.09781,103.060966",41,F,2016-11-28,active,0.81,0,0,0,auto_approved,0.206,2022
0f44e74b-c096-48ed-925c-b208f47e9331,U001874,2022-11-12 13:56:27,13:56:27,1023728.27,purchase,M00189,VND,success,desktop,D002168,203.246.252.189,bank_transfer,Bangkok,"20.297731,103.714642",56,F,2018-01-24,active,0.54,0,0,0,auto_approved,0.2083,2022
16c7347e-47c4-4332-b7c6-c179acae858c,U001139,2022-03-11 17:55:34,17:55:34,621631.43,online_payment,M00217,VND,success,pos,D000467,38.250.183.227,credit_card,Bangkok,"9.946607,106.606735",62,M,2021-12-21,active,0.46,0,0,0,auto_approved,0.0924,2022
9162c99c-7eeb-433b-a286-6f5e4d7e01d9,U001730,2022-11-25 04:35:52,04:35:52,1937323.83,bill_payment,M00059,VND,success,atm,D002307,112.176.117.90,bank_transfer,Ho Chi Minh City,"20.231819,108.046572",43,M,2021-06-05,active,0.54,0,0,0,auto_approved,0.046,2022
51843dc0-089e-46ba-9759-e1cd92bc1dd2,U001345,2022-03-13 17:23:36,17:23:36,131334.51,purchase,M00283,USD,success,atm,D000399,218.63.252.98,debit_card,Ho Chi Minh City,"18.921806,102.423047",40,M,2019-06-16,active,0.84,0,0,0,auto_approved,0.4197,2022
0eba557c-cfc1-49d5-bc91-3cf7c02baf95,U001495,2022-03-11 09:42:58,09:42:58,361769.31,purchase,M00382,USD,success,desktop,D001926,36.165.11.245,debit_card,Ho Chi Minh City,"13.063896,104.215599",53,F,2017-11-22,active,0.64,0,0,0,auto_approved,0.3233,2022
0b8e7721-6bda-4614-ab4f-0734cdb9bf81,U000089,2022-10-31 10:20:48,10:20:48,126599.62,cash_withdrawal,M00036,VND,failed,pos,D002942,104.135.191.170,debit_card,Kuala Lumpur,"9.96952,103.638925",68,F,2018-02-07,active,0.57,0,0,0,auto_approved,0.0181,2022
6a69999f-de71-4402-aaa1-93dc67317031,U001141,2022-06-03 17:43:05,17:43:05,299145.21,online_payment,M00439,VND,success,desktop,D002053,200.71.32.20,credit_card,Bangkok,"12.988476,103.032602",66,M,2021-09-19,active,0.56,0,0,0,auto_approved,0.1883,2022
59bf680b-80dd-4d6e-bf1f-db1fdae96da4,U001789,2022-02-02 01:53:29,01:53:29,327534.57,purchase,M00316,USD,success,mobile,D000687,131.225.71.158,bank_transfer,Singapore,"16.516437,103.230615",63,M,2019-04-02,active,0.62,3,1,0,auto_approved,0.341,2022
51f8c7b6-1e0a-41d5-8102-74a59401f51c,U001209,2022-07-14 01:52:49,01:52:49,1647162.37,transfer,M00382,USD,success,desktop,D000009,62.56.130.62,bank_transfer,Da Nang,"13.74706,104.120735",36,F,2017-10-09,active,0.51,0,1,0,auto_approved,0.6128,2022
545e1d2c-e910-4466-8e1a-eba079c3b4e9,U001114,2022-01-09 10:03:29,10:03:29,98503.07,purchase,M00421,VND,success,pos,D001713,44.130.149.35,bank_transfer,Ho Chi Minh City,"17.997031,107.110487",42,M,2019-02-03,active,0.78,1,0,0,auto_approved,0.5233,2022
85e1be7c-cc98-48a8-96ad-b447c36248c2,U001168,2022-04-26 23:20:01,23:20:01,481666.32,online_payment,M00102,VND,success,pos,D000501,14.58.141.246,bank_transfer,Kuala Lumpur,"13.723139,103.930862",44,M,2015-02-05,active,0.82,0,0,0,auto_approved,0.2192,2022
30c88d65-57c0-4af0-b76c-0b3bc08f6852,U001364,2022-06-03 12:24:38,12:24:38,882341.2,online_payment,M00137,VND,success,atm,D000445,153.104.131.36,debit_card,Singapore,"16.911256,102.003959",21,F,2016-03-08,active,0.51,0,0,0,auto_approved,0.3316,2022
dee1a517-d4f5-4b96-9db4-f61713ef9583,U000890,2022-04-03 20:19:20,20:19:20,162048.75,bill_payment,M00218,VND,success,desktop,D001153,60.99.183.214,mobile_wallet,Bangkok,"9.792249,105.26318",49,M,2014-09-28,active,0.92,0,0,0,auto_approved,0.401,2022
7c0033d5-6528-4b79-bca6-b73ea1641da1,U001314,2022-06-07 00:11:48,00:11:48,1582361.75,online_payment,M00119,VND,success,mobile,D002617,245.144.254.197,credit_card,Kuala Lumpur,"11.051296,106.512323",68,M,2021-03-28,active,0.98,1,0,0,auto_approved,0.6051,2022
ae73ee45-dfeb-4099-b4c2-57201a59879b,U000840,2022-08-06 17:41:06,17:41:06,1816332.55,purchase,M00012,VND,success,desktop,D002524,82.99.33.4,bank_transfer,Bangkok,"16.27347,103.876533",47,M,2020-08-18,active,0.65,0,0,0,auto_approved,0.2618,2022
5ddf021e-9939-4ae4-b641-c925184d72e8,U001456,2022-05-27 18:56:59,18:56:59,1431992.52,purchase,M00116,USD,success,atm,D001391,75.75.139.133,debit_card,Hanoi,"14.055557,106.253779",33,F,2014-09-12,active,0.74,0,1,0,auto_approved,0.6375,2022
1bc8448f-f3ae-4208-8b4e-16e291b89d1f,U001748,2022-12-04 03:03:54,03:03:54,466502.59,bill_payment,M00048,USD,success,mobile,D002731,171.33.240.164,bank_transfer,Bangkok,"21.594272,102.728257",21,M,2019-08-29,active,0.75,0,0,0,auto_approved,0.151,2022
f48b0a0d-5383-4ec1-8f3b-892184a5e5f4,U000725,2022-09-30 00:00:23,00:00:23,1082145.27,purchase,M00202,VND,success,desktop,D002206,59.32.154.247,debit_card,Ho Chi Minh City,"20.269189,102.115764",50,F,2018-12-18,active,0.77,1,0,0,auto_approved,0.1392,2022
9b7b741f-2068-4d47-94a7-9fcdea90ba57,U001096,2022-01-18 15:04:12,15:04:12,1934088.02,transfer,M00131,USD,failed,desktop,D001847,207.120.179.77,credit_card,Singapore,"12.011082,104.426877",30,M,2017-08-13,active,0.78,0,1,0,auto_approved,0.3962,2022
09835304-45f0-45e8-8bbc-25c427d60959,U000726,2022-09-16 06:29:43,06:29:43,902915.13,transfer,M00321,USD,success,desktop,D002684,103.149.49.81,credit_card,Bangkok,"18.944889,104.511702",20,M,2019-10-14,active,0.53,1,0,0,auto_approved,0.2944,2022
197f8117-867b-47cf-8c71-e459ce02ce62,U001881,2022-03-27 08:39:47,08:39:47,865226.08,transfer,M00061,VND,success,desktop,D002899,216.35.209.211,bank_transfer,Da Nang,"15.781295,105.477367",36,F,2016-03-23,under_review,0.5,0,0,0,auto_approved,0.3007,2022
950ae9eb-d5c6-47cd-8e1b-2ded7e2d79b6,U001174,2022-10-09 19:43:35,19:43:35,884741.65,transfer,M00267,USD,success,atm,D001333,231.64.46.219,mobile_wallet,Ho Chi Minh City,"17.627264,104.310879",19,F,2018-05-09,active,0.78,0,0,0,auto_approved,0.223,2022
88516735-3cec-4474-9898-5cdd2f2aaead,U001000,2022-06-09 11:54:37,11:54:37,1158184.38,bill_payment,M00405,USD,success,atm,D000400,39.142.76.156,credit_card,Bangkok,"10.529493,107.134196",32,M,2017-09-10,active,0.96,0,0,0,auto_approved,0.2476,2022
fb924b0e-b3fc-432d-901d-984875d9f449,U000658,2022-01-26 11:38:50,11:38:50,550684.5,online_payment,M00191,USD,success,desktop,D001576,235.105.250.240,mobile_wallet,Da Nang,"9.854097,102.840937",53,F,2018-09-29,active,0.96,0,0,0,auto_approved,0.2947,2022
88c008f0-cd78-461f-87fc-28ff4c25a38e,U000738,2022-12-10 11:05:08,11:05:08,1541448.7,online_payment,M00310,USD,success,mobile,D001825,129.183.172.130,credit_card,Hanoi,"11.197237,103.867516",40,F,2015-01-12,active,0.76,0,0,0,auto_approved,0.3965,2022
56d1ad61-d2f6-402f-870b-f1f38a012c0f,U001796,2022-03-17 16:40:22,16:40:22,995244.31,cash_withdrawal,M00425,USD,failed,atm,D000047,19.116.78.223,bank_transfer,Ho Chi Minh City,"9.057131,106.277065",70,F,2014-05-02,active,0.79,1,0,0,auto_approved,0.2051,2022
1c41089b-23d3-48d0-8e4c-763c69d59282,U000036,2022-12-29 16:10:04,16:10:04,1795807.74,purchase,M00139,VND,success,atm,D001321,128.118.63.138,mobile_wallet,Ho Chi Minh City,"16.88318,105.700593",61,F,2019-03-06,active,0.97,0,0,0,auto_approved,0.4467,2022
52c80230-43a9-4d80-822b-7305c65a67a3,U001653,2022-10-27 13:28:57,13:28:57,399855.32,purchase,M00465,USD,failed,atm,D002262,16.243.152.123,bank_transfer,Bangkok,"11.159473,102.99238",56,M,2017-03-19,active,0.72,0,0,0,auto_approved,0.2922,2022
9ac9f69e-9498-4651-93b4-82e4f61a30e4,U000688,2022-11-24 02:27:41,02:27:41,1955732.12,online_payment,M00241,USD,success,mobile,D001567,164.129.2.203,credit_card,Kuala Lumpur,"21.079824,104.962101",27,F,2018-05-26,active,0.64,0,0,0,auto_approved,0.1954,2022
f15d8651-3b2c-4264-87ec-c486c9e8656f,U000867,2022-06-07 08:41:59,08:41:59,389661.67,online_payment,M00023,USD,success,pos,D002246,65.77.223.122,credit_card,Ho Chi Minh City,"17.270952,103.144665",58,M,2014-04-20,active,0.71,0,0,0,auto_approved,0.2174,2022
dd6c5434-8d79-4f57-a734-b66490f1c88b,U000605,2022-02-20 23:07:02,23:07:02,79843.0,online_payment,M00283,VND,success,pos,D002414,126.126.25.75,bank_transfer,Bangkok,"14.935748,107.960222",68,F,2014-09-22,active,0.46,1,0,0,auto_approved,0.3298,2022
3cc00ba6-35f2-4f53-98ac-ba96175045d4,U000071,2022-01-29 04:31:28,04:31:28,549875.38,cash_withdrawal,M00206,USD,success,pos,D000621,132.56.245.242,bank_transfer,Singapore,"9.515564,103.314853",29,F,2021-02-28,active,0.63,0,0,0,auto_approved,0.1603,2022
1f86e955-4e43-4e5b-80a3-98bf66c95e88,U001740,2022-10-20 11:18:45,11:18:45,50298.98,online_payment,M00500,VND,success,atm,D001760,239.44.7.35,mobile_wallet,Hanoi,"16.864928,104.704678",60,M,2022-03-04,active,0.71,0,0,0,auto_approved,0.4416,2022
05c0ed58-0554-4a9a-8ace-2e6d9738651c,U001452,2022-09-10 20:18:39,20:18:39,765298.3,cash_withdrawal,M00314,USD,success,atm,D000288,61.75.6.247,debit_card,Singapore,"20.768034,107.044607",55,M,2022-03-03,under_review,0.67,0,1,0,auto_approved,0.2261,2022
36af1d25-07b8-4baa-8374-c36f75a2cfde,U001004,2022-08-16 07:09:34,07:09:34,1230147.24,cash_withdrawal,M00301,VND,success,desktop,D001254,56.46.155.70,mobile_wallet,Kuala Lumpur,"11.180963,106.053202",58,M,2018-05-24,active,0.59,0,0,0,auto_approved,0.0936,2022
3db413c9-ad82-44e7-ab92-5206c5b4a48e,U001817,2022-11-15 11:32:49,11:32:49,1877140.75,cash_withdrawal,M00402,VND,success,desktop,D002247,118.130.189.52,bank_transfer,Ho Chi Minh City,"9.829814,107.392227",24,M,2017-06-13,active,0.86,1,0,0,auto_approved,0.2717,2022
ca5ae16c-bd07-452f-b09f-80ebd059e8ff,U001339,2022-04-24 01:14:57,01:14:57,577276.33,cash_withdrawal,M00009,USD,success,desktop,D001501,90.197.68.178,debit_card,Kuala Lumpur,"11.912084,105.932298",44,F,2019-04-21,active,0.79,0,0,0,auto_approved,0.3606,2022
11b11052-aff9-4daa-ad25-20d2fcab963d,U001747,2022-03-02 19:45:13,19:45:13,695480.26,purchase,M00313,USD,success,desktop,D000560,252.8.69.87,bank_transfer,Bangkok,"18.783615,106.064744",67,F,2015-03-11,active,0.65,0,0,0,auto_approved,0.1404,2022
b1a6acbb-b8a4-4b99-b5e6-8058a0290ff5,U000587,2022-03-25 10:13:40,10:13:40,44585.0,cash_withdrawal,M00441,USD,success,pos,D001789,150.124.98.100,bank_transfer,Hanoi,"8.940625,104.101236",58,M,2021-09-27,active,0.74,0,0,0,auto_approved,0.0328,2022
773fbf18-17e8-4045-9d0e-4b15f322b6e9,U001148,2022-07-14 06:34:06,06:34:06,546008.73,cash_withdrawal,M00216,VND,success,atm,D001061,106.127.244.225,credit_card,Singapore,"18.537621,107.274432",69,M,2021-08-03,active,0.66,1,0,0,auto_approved,0.1489,2022
fe889425-b85c-45fb-b743-ce015ba85e28,U000306,2022-06-09 13:43:01,13:43:01,213259.85,purchase,M00013,VND,success,mobile,D001325,11.101.77.218,debit_card,Bangkok,"17.892918,106.649389",41,F,2016-10-17,active,0.6,0,0,0,auto_approved,0.2715,2022
27f39ce7-9a1d-4154-b198-4732eee288f3,U001129,2022-05-21 19:01:19,19:01:19,613196.8,bill_payment,M00402,USD,success,mobile,D001982,241.19.224.138,debit_card,Kuala Lumpur,"19.707746,103.462137",65,M,2020-08-04,active,0.64,0,0,0,auto_approved,0.03,2022
3d88d3b2-50cb-4aa5-afbf-3f4bbefb5257,U000902,2022-10-24 23:43:44,23:43:44,1379202.03,online_payment,M00118,USD,pending,atm,D002553,203.166.29.225,debit_card,Da Nang,"10.776516,103.416123",37,F,2017-08-23,active,0.58,0,0,0,auto_approved,0.1443,2022
eac7ead4-1466-4c01-8a10-0a7c710e3bfc,U001720,2022-12-14 09:08:41,09:08:41,1192408.46,cash_withdrawal,M00413,VND,success,pos,D001700,33.205.76.231,debit_card,Ho Chi Minh City,"15.542558,108.528288",63,F,2022-03-28,active,0.68,0,0,0,auto_approved,0.3629,2022
5cc497eb-17a8-4cf4-b272-0820d5288419,U001041,2022-12-23 11:58:35,11:58:35,237076.69,purchase,M00415,VND,success,mobile,D001923,200.9.40.41,credit_card,Hanoi,"13.971414,104.140247",47,F,2016-05-30,active,0.56,0,0,0,auto_approved,0.0882,2022
33d2ce0c-ba3a-4d39-a236-71b587f9b261,U000203,2022-05-30 00:44:28,00:44:28,666517.61,transfer,M00083,VND,success,mobile,D001626,113.181.62.170,credit_card,Da Nang,"19.930582,103.819624",30,M,2018-04-30,active,0.76,1,1,0,auto_approved,0.648,2022
f029113f-b7af-4a04-94ee-848863af02f8,U000915,2022-05-16 04:32:33,04:32:33,371843.73,transfer,M00294,VND,success,atm,D001029,21.173.217.15,bank_transfer,Bangkok,"12.775261,102.240498",34,F,2015-05-03,active,0.74,0,0,0,auto_approved,0.3291,2022
654b597f-81aa-4f53-9731-e54c320afcff,U000696,2022-07-26 12:28:47,12:28:47,244327.06,transfer,M00001,USD,success,pos,D000519,60.28.194.4,credit_card,Kuala Lumpur,"9.901993,103.876451",64,M,2019-10-11,active,0.8,0,0,0,auto_approved,0.0393,2022
2c58a8e5-cb26-4f4d-aafc-8742d39df943,U000184,2022-08-08 11:57:04,11:57:04,909131.76,cash_withdrawal,M00039,VND,success,atm,D001905,193.183.153.237,bank_transfer,Ho Chi Minh City,"10.948954,107.087638",43,M,2020-06-22,active,0.75,0,0,0,auto_approved,0.3045,2022
1145f122-72e9-479a-81a8-4f98b48b660e,U000881,2022-06-14 14:04:16,14:04:16,1358240.46,transfer,M00200,VND,success,atm,D001456,106.142.38.233,debit_card,Bangkok,"11.936213,106.910954",36,M,2020-11-25,active,0.82,0,0,0,auto_approved,0.2845,2022
ad5e0e5b-dae0-49ad-981b-2ee084264f43,U001410,2022-04-08 01:06:48,01:06:48,76197.64,transfer,M00039,VND,success,desktop,D002510,219.178.220.212,mobile_wallet,Ho Chi Minh City,"14.043863,103.526006",32,M,2017-10-02,active,0.48,1,0,0,auto_approved,0.3988,2022
13906f72-98eb-40fc-b2d2-b8aa1e79aea4,U000658,2022-08-07 06:53:18,06:53:18,586371.2,online_payment,M00151,USD,success,pos,D001327,199.234.13.111,debit_card,Bangkok,"16.51205,105.32479",70,M,2017-12-17,blocked,0.49,1,1,0,auto_approved,0.5882,2022
76c8ddeb-03e4-4b99-a1b9-fb1fa0edf386,U001190,2022-01-26 20:08:51,20:08:51,258345.89,purchase,M00229,USD,success,atm,D002571,86.8.151.238,mobile_wallet,Singapore,"16.367068,105.562868",54,F,2014-12-23,active,0.86,0,0,0,auto_approved,0.1567,2022
d5eb0a08-69af-4734-9b82-13ac2c9caed8,U000309,2022-03-12 00:24:36,00:24:36,219288.36,online_payment,M00401,VND,success,pos,D002726,111.94.37.52,credit_card,Ho Chi Minh City,"17.147747,105.234769",54,F,2016-06-09,active,0.64,2,1,0,auto_approved,0.5445,2022
84f1000d-f3d3-4a1a-9c34-dff05a1ed897,U001193,2022-11-15 01:44:02,01:44:02,1235058.03,bill_payment,M00248,VND,success,pos,D001757,45.10.164.69,credit_card,Da Nang,"12.257521,102.736042",33,M,2015-12-14,active,0.87,2,1,1,pending_review,0.226,2022
db9dc654-31c7-4a0a-acfe-93b7459ae97a,U001479,2022-12-26 17:07:05,17:07:05,1357294.18,cash_withdrawal,M00150,VND,success,mobile,D000015,45.137.13.93,bank_transfer,Singapore,"10.797428,103.58306",48,M,2015-03-21,active,0.98,0,0,0,auto_approved,0.0126,2022
ab35dd8c-2725-43ad-b8c5-7176501ba322,U000800,2022-10-10 05:09:28,05:09:28,145474.89,cash_withdrawal,M00131,VND,success,pos,D001030,223.129.50.226,credit_card,Kuala Lumpur,"11.485239,108.098732",61,M,2022-02-26,active,0.59,0,0,0,auto_approved,0.2934,2022
dfbdb113-53f0-4d53-b5f6-78ca6bcae9dd,U001239,2022-01-23 17:29:17,17:29:17,1117638.57,purchase,M00053,VND,success,desktop,D001207,59.87.228.175,mobile_wallet,Hanoi,"10.908786,107.416944",29,F,2020-03-06,active,0.52,0,0,0,auto_approved,0.2344,2022
9d1b7c77-52a8-4d5e-8971-3c08fe1d5899,U001187,2022-09-28 04:10:47,04:10:47,118967.53,bill_payment,M00098,USD,success,mobile,D002711,56.9.152.60,mobile_wallet,Ho Chi Minh City,"15.718513,108.856089",30,M,2017-03-02,active,0.74,0,0,0,auto_approved,0.3981,2022
f4054d28-993c-4c28-a4c6-cb2c4a351481,U000156,2022-02-11 23:20:52,23:20:52,130689.23,purchase,M00195,VND,success,desktop,D001656,242.26.226.249,debit_card,Ho Chi Minh City,"10.416246,104.238025",18,M,2014-02-10,active,0.75,0,0,0,auto_approved,0.0948,2022
5dcd2c99-f29c-4180-9c05-97c6b822af48,U000419,2022-02-09 04:45:43,04:45:43,540542.73,bill_payment,M00324,USD,success,desktop,D002036,8.154.251.3,mobile_wallet,Ho Chi Minh City,"11.051552,107.527735",39,F,2018-11-05,active,0.64,1,0,0,auto_approved,0.4293,2022
9f2c7392-21e3-4248-a392-3b855a475abc,U001715,2022-05-25 12:49:05,12:49:05,63956.05,purchase,M00433,VND,success,desktop,D001383,37.57.107.132,mobile_wallet,Bangkok,"11.704587,106.897705",24,M,2017-09-25,active,0.49,0,0,0,auto_approved,0.401,2022
d56ab925-e980-4e21-aee2-dfe0e662d917,U000100,2022-07-26 20:18:14,20:18:14,211298.93,online_payment,M00125,USD,success,pos,D001715,184.88.167.63,bank_transfer,Singapore,"8.824546,105.124924",63,M,2014-05-18,active,0.54,0,0,0,auto_approved,0.0459,2022
127a9151-8308-4146-a232-1e431ada732a,U001398,2022-03-30 00:03:09,00:03:09,528734.02,purchase,M00282,USD,success,atm,D002181,10.216.255.210,debit_card,Singapore,"21.270334,105.005272",40,F,2021-06-20,active,0.98,0,0,0,auto_approved,0.2273,2022
deeabf11-77da-4975-a5c3-04412ea1de2c,U001427,2022-10-22 22:22:22,22:22:22,49360.65,transfer,M00255,USD,success,atm,D002494,151.153.251.224,debit_card,Ho Chi Minh City,"18.510995,105.586514",43,F,2020-09-17,active,0.53,0,0,0,auto_approved,0.4039,2022
f0d8f245-d7f0-4553-9421-82e19d17c11e,U001009,2022-01-14 16:07:25,16:07:25,261061.59,online_payment,M00095,USD,success,desktop,D001166,181.15.11.99,mobile_wallet,Ho Chi Minh City,"10.238389,105.677718",53,F,2015-05-20,active,0.74,0,0,0,auto_approved,0.373,2022
bcf0aee8-b28c-48af-bd11-8d23e35d3784,U001275,2022-05-01 02:28:32,02:28:32,530241.32,online_payment,M00080,VND,success,atm,D001831,106.208.168.79,credit_card,Kuala Lumpur,"14.499224,107.297582",26,F,2017-08-03,active,0.46,0,0,0,auto_approved,0.4246,2022
71f8f84f-08db-47bb-9285-bd62a2251fc3,U001238,2022-03-29 16:08:38,16:08:38,342914.41,bill_payment,M00279,USD,success,pos,D001681,244.40.67.123,bank_transfer,Da Nang,"13.774008,105.713765",20,M,2016-03-30,under_review,0.64,0,0,0,auto_approved,0.1709,2022
98af6d61-72bb-42e3-8f53-28cea63c9d5c,U000714,2022-11-26 02:57:37,02:57:37,521724.68,online_payment,M00100,VND,success,pos,D002913,52.185.8.70,debit_card,Singapore,"19.391224,102.744451",50,M,2015-02-04,active,0.67,0,0,0,auto_approved,0.1138,2022
714c4c5d-24d8-47f6-a38d-f5482def6e7f,U001178,2022-04-11 12:23:54,12:23:54,505545.92,cash_withdrawal,M00351,VND,success,desktop,D000449,166.65.124.189,credit_card,Hanoi,"19.663445,108.321226",45,M,2017-03-16,active,0.65,0,1,0,auto_approved,0.2015,2022
6b864623-6ef4-4316-93ef-2198da0c2fe3,U000096,2022-07-01 19:37:51,19:37:51,1324353.51,transfer,M00455,VND,success,desktop,D000302,49.215.229.64,debit_card,Kuala Lumpur,"11.589368,103.468489",55,M,2017-07-16,active,0.79,0,0,0,auto_approved,0.1153,2022
e1a47812-dace-48ef-8919-7ab174f01b74,U001529,2022-12-03 20:11:54,20:11:54,1122614.46,cash_withdrawal,M00481,USD,success,pos,D001504,128.41.114.154,bank_transfer,Bangkok,"16.314431,107.837431",67,F,2015-12-15,active,0.77,0,0,0,auto_approved,0.4099,2022
106bda87-0c0a-4a44-8c55-11ff405e7105,U000433,2022-11-02 19:32:00,19:32:00,246264.24,bill_payment,M00439,USD,success,desktop,D002800,22.27.162.165,bank_transfer,Hanoi,"11.156482,107.45652",53,M,2021-01-30,active,0.96,0,0,0,auto_approved,0.0877,2022
aed01448-28c6-42d6-be38-ae181c036fa5,U001403,2022-02-02 19:44:43,19:44:43,449689.47,purchase,M00155,USD,success,desktop,D000098,222.88.131.108,credit_card,Hanoi,"9.074386,106.879816",29,F,2015-04-30,active,0.52,0,0,0,auto_approved,0.2192,2022
175e4073-6ebc-4a45-9f19-2c9eca383138,U000830,2022-05-01 09:12:15,09:12:15,135878.11,transfer,M00295,USD,success,desktop,D000162,136.129.131.31,mobile_wallet,Hanoi,"8.688958,108.229476",53,M,2014-10-14,under_review,0.72,0,0,0,auto_approved,0.0839,2022
7fd7e87c-b09b-4e86-9886-b612f73dd0bb,U001227,2022-06-08 16:08:48,16:08:48,499626.85,cash_withdrawal,M00175,USD,success,pos,D000125,45.44.184.101,mobile_wallet,Singapore,"10.299488,102.296799",49,M,2019-05-16,active,0.46,0,0,0,auto_approved,0.0355,2022
7b24c873-5106-4d5f-abbd-8c2fb185cba3,U000067,2022-07-23 01:24:53,01:24:53,564773.94,cash_withdrawal,M00387,USD,success,atm,D000001,34.82.86.69,debit_card,Ho Chi Minh City,"8.689168,102.572791",31,M,2014-11-29,active,0.78,0,0,0,auto_approved,0.2464,2022
f668392d-e2e2-418b-b1bc-aedc6ce940f9,U001859,2022-10-22 05:16:21,05:16:21,263793.19,cash_withdrawal,M00034,VND,success,desktop,D002767,71.250.44.211,bank_transfer,Ho Chi Minh City,"19.906615,103.422812",47,M,2018-09-28,active,0.82,0,0,0,auto_approved,0.136,2022
6b4adb89-a72c-4743-af26-9e56a9779603,U001719,2022-12-11 13:19:51,13:19:51,104282.45,purchase,M00287,VND,success,atm,D002638,148.100.120.196,mobile_wallet,Ho Chi Minh City,"17.947672,108.991376",56,M,2018-06-19,active,0.76,0,1,0,auto_approved,0.3353,2022
fbf75ebc-fb3e-474e-a69a-ce31198822da,U001259,2022-02-06 23:07:50,23:07:50,420423.15,transfer,M00484,USD,success,mobile,D000641,145.100.204.67,mobile_wallet,Singapore,"15.423906,106.823122",28,F,2021-07-27,active,0.69,1,0,0,auto_approved,0.4681,2022
2d932901-4e92-480b-8d56-4d5a8cfae487,U001774,2022-08-03 17:22:26,17:22:26,651969.18,bill_payment,M00365,USD,failed,atm,D002371,246.16.136.118,mobile_wallet,Bangkok,"12.690986,102.840557",24,M,2020-03-15,active,0.96,0,0,0,auto_approved,0.0966,2022
0f1cb7dc-7917-4058-a64c-b2a423c7adc2,U000096,2022-07-30 01:25:55,01:25:55,236885.81,purchase,M00412,VND,success,atm,D002105,21.90.201.146,debit_card,Da Nang,"9.648608,108.225813",24,M,2020-12-21,active,0.59,0,0,0,auto_approved,0.2681,2022
69136be3-fbef-4fc6-97ee-ad9099641a82,U000350,2022-07-13 14:57:43,14:57:43,388912.85,cash_withdrawal,M00271,USD,success,desktop,D000917,199.179.69.3,credit_card,Singapore,"21.527288,102.277649",18,F,2021-07-24,active,0.64,0,0,0,auto_approved,0.1231,2022
73c133d0-f94f-4bb1-b820-469523f308ad,U001336,2022-05-09 19:52:26,19:52:26,485181.14,online_payment,M00185,USD,success,desktop,D001554,84.117.119.228,bank_transfer,Ho Chi Minh City,"18.800954,105.925508",21,M,2014-04-01,active,0.88,1,0,0,auto_approved,0.1662,2022
dcfa49d0-d0ff-4a34-9a09-aaf7f4662b61,U001601,2022-11-10 13:04:58,13:04:58,988792.25,online_payment,M00231,USD,success,pos,D002965,160.39.240.204,bank_transfer,Bangkok,"20.909663,103.202168",68,F,2020-06-12,active,0.81,1,0,0,auto_approved,0.2084,2022
519d9602-0610-46a9-8e2f-10a7e2f0facf,U000350,2022-07-07 09:11:27,09:11:27,1238393.09,transfer,M00043,VND,success,atm,D002872,137.255.124.68,bank_transfer,Bangkok,"17.469445,107.388937",23,F,2022-01-29,active,0.7,0,0,0,auto_approved,0.0447,2022
536c984c-f4bf-4c19-b9d9-9d55616387dc,U000347,2022-09-15 06:02:13,06:02:13,11632.31,bill_payment,M00420,USD,pending,mobile,D000022,183.251.200.27,credit_card,Ho Chi Minh City,"15.121052,102.831056",27,M,2019-08-27,active,0.67,0,0,0,auto_approved,0.206,2022
0ec5034a-f5ee-48b9-b841-5def671adf38,U001627,2022-01-15 10:07:20,10:07:20,54857.14,purchase,M00315,VND,success,pos,D002082,151.140.0.208,debit_card,Singapore,"8.905519,102.812002",70,F,2017-05-03,active,0.52,0,0,0,auto_approved,0.2812,2022
adfafa4d-848b-4923-bb23-564724bf6a79,U000994,2022-04-16 00:46:22,00:46:22,340542.79,purchase,M00201,USD,success,desktop,D001313,192.95.75.92,bank_transfer,Bangkok,"8.567716,106.546542",23,F,2021-02-18,active,0.96,0,0,0,auto_approved,0.3311,2022
537ff06a-9d63-4295-80ad-b287b1686014,U000834,2022-11-29 18:58:58,18:58:58,340732.71,online_payment,M00163,USD,success,desktop,D000366,144.207.16.238,bank_transfer,Kuala Lumpur,"10.061088,107.686196",59,M,2021-06-15,active,0.94,0,0,0,auto_approved,0.1716,2022
0fde223e-9442-4657-a0e2-78d4fadbb85e,U001084,2022-12-29 09:33:11,09:33:11,317414.33,transfer,M00025,VND,success,pos,D000532,105.122.238.183,credit_card,Kuala Lumpur,"9.916814,107.64076",64,M,2018-03-03,active,0.61,0,0,0,auto_approved,0.0328,2022
6017e2de-cd49-426e-a420-fdde41120c51,U001138,2022-02-10 04:35:29,04:35:29,388371.02,online_payment,M00139,VND,success,mobile,D001555,216.108.213.202,debit_card,Singapore,"8.426944,103.578821",47,M,2014-07-06,active,0.66,0,0,0,auto_approved,0.3618,2022
6ecc029e-91c6-47b8-a4d7-2f698622fc11,U001315,2022-01-27 16:04:24,16:04:24,180920.33,online_payment,M00217,VND,success,desktop,D001721,67.235.244.240,debit_card,Kuala Lumpur,"10.175717,105.820729",33,F,2020-01-23,active,0.6,0,0,0,auto_approved,0.0111,2022
88ac6f75-87a3-46f6-b3c7-ac9a18c648ad,U001636,2022-02-20 12:12:53,12:12:53,392627.98,purchase,M00293,VND,success,atm,D002670,201.125.243.180,mobile_wallet,Hanoi,"21.040909,106.956362",35,M,2016-06-08,active,0.52,0,0,0,auto_approved,0.0233,2022
ceaa03d1-d059-4e6a-8afc-5c99f764f2d0,U000450,2022-09-04 14:44:37,14:44:37,175075.63,transfer,M00441,USD,success,desktop,D000264,212.207.36.25,debit_card,Kuala Lumpur,"15.424237,102.07405",40,M,2022-05-08,active,0.86,0,0,0,auto_approved,0.1281,2022
57344966-99d5-4b75-9fb9-bc04ee4a7c84,U001459,2022-04-23 05:54:24,05:54:24,242681.45,cash_withdrawal,M00328,VND,success,desktop,D001202,182.216.197.189,credit_card,Kuala Lumpur,"8.373982,105.192964",38,M,2021-07-29,active,0.77,1,0,0,auto_approved,0.2324,2022
ed347c8d-9a13-4a07-9aea-c0a64467a2a0,U001231,2022-03-25 23:00:20,23:00:20,1513176.94,purchase,M00086,USD,success,mobile,D000791,43.240.237.26,debit_card,Bangkok,"11.894615,105.415381",23,F,2016-12-16,active,0.89,0,0,0,auto_approved,0.3159,2022
52833077-083c-498e-8252-1a40dd702d84,U001933,2022-06-10 07:31:08,07:31:08,3936954.71,transfer,M00237,USD,success,atm,D000608,12.54.208.208,debit_card,Singapore,"21.018915,106.195538",48,F,2016-11-02,active,0.85,0,1,0,auto_approved,0.2104,2022
ed3b2c74-5140-41a5-8d17-fef2e0b0b716,U001684,2022-05-12 09:13:43,09:13:43,56594.94,purchase,M00293,USD,pending,atm,D002193,4.103.57.251,bank_transfer,Kuala Lumpur,"17.726976,108.242139",28,F,2018-05-08,active,0.57,0,0,0,auto_approved,0.3744,2022
6d405c3e-38b5-4b9d-82fa-10f791ca5c36,U001865,2022-12-05 13:29:07,13:29:07,1539032.68,purchase,M00043,VND,success,pos,D002563,28.211.101.153,mobile_wallet,Bangkok,"15.522111,107.915709",70,F,2019-09-29,active,0.8,3,1,1,pending_review,0.3581,2022
b770005b-b700-4621-aab3-8fab997f9304,U000854,2022-12-18 05:31:17,05:31:17,352184.02,purchase,M00066,VND,success,pos,D002929,129.245.11.255,debit_card,Kuala Lumpur,"18.191766,103.651015",36,F,2017-11-01,active,0.61,0,0,0,auto_approved,0.3248,2022
a050b0d7-859f-4863-8e61-1c4738b444aa,U001378,2022-10-14 16:44:20,16:44:20,2772.43,bill_payment,M00351,USD,success,desktop,D000701,107.249.74.96,debit_card,Da Nang,"9.645945,108.905634",64,F,2021-03-02,active,0.99,0,0,0,auto_approved,0.2334,2022
b778b7cc-ea3c-4069-9d86-6f2383b5ae68,U000662,2022-12-20 15:48:44,15:48:44,191221.37,bill_payment,M00353,USD,success,atm,D001604,207.202.255.231,credit_card,Da Nang,"12.664748,104.212533",49,M,2021-12-24,active,0.48,0,0,0,auto_approved,0.3532,2022
b87e3e29-a4f0-43f7-bc50-992a32b00372,U001839,2022-07-21 11:06:37,11:06:37,1269239.2,online_payment,M00040,USD,success,pos,D001727,151.149.67.163,mobile_wallet,Ho Chi Minh City,"21.033143,105.180454",47,F,2017-08-27,active,0.78,0,0,0,auto_approved,0.0436,2022
98c31d19-6d4f-4c83-abca-11f39cec5047,U001231,2022-02-15 09:48:32,09:48:32,996714.82,bill_payment,M00309,VND,success,pos,D002864,28.123.176.78,bank_transfer,Kuala Lumpur,"16.571747,108.94815",70,M,2014-11-28,active,0.8,0,0,0,auto_approved,0.2828,2022
e8e1dbf9-afa6-4560-822c-4299fb26b21b,U001214,2022-04-05 17:00:57,17:00:57,386206.99,transfer,M00169,USD,success,desktop,D000201,108.53.221.207,debit_card,Bangkok,"18.19195,106.299375",39,F,2015-11-09,active,0.57,0,0,0,auto_approved,0.0408,2022
db268211-0f76-449d-bf65-c10084343bcf,U001379,2022-01-24 13:17:11,13:17:11,665337.53,purchase,M00412,USD,success,pos,D001943,189.74.22.235,credit_card,Hanoi,"16.697567,104.776997",59,M,2016-11-24,active,0.83,0,0,0,auto_approved,0.2932,2022
731a8cf4-830f-4f85-9127-40815fb108d5,U000531,2022-03-18 05:40:13,05:40:13,352340.54,online_payment,M00499,VND,success,atm,D001124,215.191.235.181,debit_card,Da Nang,"13.931467,108.02806",18,M,2017-04-01,active,0.72,0,0,0,auto_approved,0.3078,2022
1c8fe3ca-18c7-4709-a9a0-6e21411e775d,U001986,2022-05-19 18:32:25,18:32:25,338210.22,purchase,M00036,VND,success,desktop,D000055,238.146.237.103,mobile_wallet,Da Nang,"17.793801,108.71945",39,M,2021-06-27,under_review,0.81,1,0,0,auto_approved,0.5776,2022
0aae1134-ab0f-48b2-af6b-6e02190ca6ca,U001647,2022-05-30 23:16:54,23:16:54,928523.04,transfer,M00355,VND,success,mobile,D002970,109.17.242.114,debit_card,Singapore,"20.335492,102.896436",35,F,2020-02-16,blocked,0.94,0,0,0,auto_approved,0.3014,2022
4ceb8493-4432-400e-b20d-b648e25f7b41,U001987,2022-05-19 20:02:42,20:02:42,420432.64,bill_payment,M00239,VND,success,mobile,D001700,195.17.101.211,credit_card,Kuala Lumpur,"15.011927,107.500755",54,F,2018-05-24,blocked,0.72,0,0,0,auto_approved,0.4438,2022
7ab146a0-38da-44a6-be11-0d1a5c2e3630,U001836,2022-05-31 23:29:40,23:29:40,332520.91,cash_withdrawal,M00349,USD,success,pos,D002049,204.47.247.126,credit_card,Da Nang,"9.812148,107.389655",48,M,2016-07-16,active,0.47,0,0,0,auto_approved,0.3892,2022
c744ff81-2201-4a2a-8c29-8803ec9f1744,U001601,2022-10-02 12:21:00,12:21:00,60982.07,online_payment,M00394,VND,success,pos,D001357,107.223.40.17,bank_transfer,Kuala Lumpur,"13.231297,107.172155",57,M,2018-04-03,active,0.48,0,0,0,auto_approved,0.1382,2022
7e024092-aeb8-428c-a1c3-9fb880595b2b,U000245,2022-12-05 05:06:57,05:06:57,1313815.21,cash_withdrawal,M00150,VND,success,pos,D001834,79.78.97.226,credit_card,Singapore,"19.634345,105.725636",66,F,2020-04-27,active,0.76,0,0,0,auto_approved,0.037,2022
f7ebb94c-8edb-4163-9fb2-39d15327c107,U000090,2022-01-27 17:17:33,17:17:33,294674.0,bill_payment,M00277,USD,success,atm,D000729,150.1.152.80,bank_transfer,Hanoi,"17.28144,108.684119",46,M,2016-03-29,active,0.79,0,0,0,auto_approved,0.1447,2022
fbbb71cb-48af-40c4-82c0-6be9ca172762,U001111,2022-11-22 08:05:00,08:05:00,911197.04,transfer,M00019,USD,success,pos,D001249,36.113.230.119,debit_card,Singapore,"19.660312,106.998058",40,M,2020-02-29,active,0.58,0,0,0,auto_approved,0.3182,2022
aeb326e5-9930-4639-bf0c-74facdc6787b,U001975,2022-08-12 00:22:03,00:22:03,1664483.59,cash_withdrawal,M00048,USD,success,mobile,D002375,69.9.153.167,debit_card,Kuala Lumpur,"12.580082,102.732514",61,M,2015-06-08,active,0.66,0,0,0,auto_approved,0.4034,2022
083aa69e-1554-46b8-818c-024fffee0105,U000615,2022-05-31 10:14:34,10:14:34,2414718.41,purchase,M00218,VND,success,desktop,D002278,81.48.140.83,credit_card,Hanoi,"17.090235,106.592393",41,M,2014-04-01,under_review,0.47,1,0,0,auto_approved,0.4652,2022
ab6ff01c-471f-433b-bb48-3f04fd851f72,U001357,2022-09-26 05:45:38,05:45:38,68210.83,purchase,M00121,USD,success,mobile,D000234,109.242.55.54,credit_card,Hanoi,"13.218089,105.734937",19,F,2021-10-20,active,0.73,0,0,0,auto_approved,0.116,2022
f3acf84a-36c3-4f35-97fc-2026a351efff,U001389,2022-05-06 11:53:39,11:53:39,860003.31,transfer,M00007,VND,success,mobile,D002387,154.95.53.234,debit_card,Kuala Lumpur,"19.958659,107.687199",57,M,2020-02-20,active,0.53,0,0,0,auto_approved,0.2154,2022
84effbc7-4873-41d7-99fb-0174b7227900,U001626,2022-08-13 13:21:22,13:21:22,67143.85,cash_withdrawal,M00076,VND,success,mobile,D002237,34.169.144.149,credit_card,Singapore,"11.070042,102.288645",32,F,2018-08-24,active,0.99,0,0,0,auto_approved,0.1342,2022
358a5382-a18c-4f38-85e2-74567d95ef4f,U000419,2022-12-10 14:20:25,14:20:25,448647.41,online_payment,M00385,USD,success,mobile,D002623,35.101.12.254,mobile_wallet,Ho Chi Minh City,"18.538715,103.837209",44,F,2020-01-09,active,0.62,0,0,0,auto_approved,0.29,2022
f615523b-b28e-4f42-b6e1-c3cb2bdd366c,U001970,2022-03-15 14:07:37,14:07:37,542454.91,cash_withdrawal,M00395,VND,success,mobile,D002365,99.206.57.43,debit_card,Ho Chi Minh City,"12.489781,105.705122",42,M,2021-01-10,active,0.61,0,0,0,auto_approved,0.1127,2022
c9e2af96-16c0-426f-947d-4d39fb677264,U000163,2022-03-17 15:44:57,15:44:57,256828.65,purchase,M00138,USD,success,pos,D001787,58.187.243.222,mobile_wallet,Hanoi,"15.18486,106.918056",47,F,2022-02-12,active,0.72,0,1,0,auto_approved,0.4662,2022
1b4f9646-bd52-4e7a-a579-43bd44c7df2d,U000946,2022-02-04 08:20:22,08:20:22,407042.24,online_payment,M00197,VND,success,atm,D001303,195.239.20.211,mobile_wallet,Singapore,"17.463742,103.669718",51,M,2015-04-02,active,0.54,0,0,0,auto_approved,0.1627,2022
29e311c0-c6c1-4ac7-90c9-9a6bb17aa7c2,U001273,2022-02-06 14:30:54,14:30:54,577491.4,bill_payment,M00321,USD,success,desktop,D001355,90.229.195.104,debit_card,Singapore,"19.860006,103.18997",25,M,2014-12-04,active,0.82,0,1,0,auto_approved,0.2452,2022
cc5415a2-9243-4d1c-93a4-dd4289fcb2c2,U000776,2022-08-27 08:44:30,08:44:30,1031510.59,online_payment,M00454,USD,success,atm,D002123,45.49.255.107,credit_card,Kuala Lumpur,"15.803711,107.280021",70,M,2017-06-10,active,0.77,0,0,0,auto_approved,0.0913,2022
477c34a5-60fc-42b5-a0ac-e2cb11dc1693,U001309,2022-07-18 16:50:16,16:50:16,587287.57,purchase,M00349,USD,success,pos,D001457,243.169.159.174,credit_card,Hanoi,"13.967933,106.015549",62,M,2016-07-24,active,0.75,0,0,0,auto_approved,0.0204,2022
f7bb32dd-8867-4f23-b921-5dd02c7ecf0f,U000742,2022-01-18 11:43:05,11:43:05,299596.63,transfer,M00154,VND,success,atm,D002566,187.199.41.215,debit_card,Bangkok,"18.140483,105.268076",40,M,2019-09-10,active,0.91,0,0,0,auto_approved,0.3984,2022
f6541755-bac1-4670-a03e-2bd0b45675de,U000076,2022-09-07 09:52:09,09:52:09,1323911.19,cash_withdrawal,M00448,VND,success,desktop,D001344,64.246.217.192,bank_transfer,Da Nang,"14.675836,108.827594",51,F,2015-09-14,active,0.97,0,0,0,auto_approved,0.4283,2022
c28c82ef-f470-4c1a-a99e-166ac00718b5,U000544,2022-04-04 03:53:22,03:53:22,1107539.75,transfer,M00217,USD,success,atm,D001923,115.180.25.168,mobile_wallet,Da Nang,"10.96567,108.910054",34,F,2014-10-11,active,0.67,0,0,0,auto_approved,0.103,2022
64e2b923-ee9f-4cfb-81bd-93215a07e82b,U001414,2022-05-10 12:09:31,12:09:31,203237.82,online_payment,M00120,USD,success,atm,D002262,77.63.92.189,mobile_wallet,Kuala Lumpur,"15.608409,105.144247",42,F,2019-11-05,active,0.78,0,1,0,auto_approved,0.3346,2022
1537f2de-b0ca-4ca8-87e0-199076741257,U000994,2022-09-20 06:30:01,06:30:01,1581540.39,transfer,M00491,VND,success,mobile,D001647,67.27.203.239,mobile_wallet,Hanoi,"16.876317,106.107429",43,F,2020-03-13,active,0.51,0,0,0,auto_approved,0.4205,2022
273e01f4-ebc5-4b0d-9e9e-e068b0dc0c16,U000076,2022-02-20 21:30:09,21:30:09,666137.81,bill_payment,M00463,USD,success,atm,D001917,224.235.113.76,bank_transfer,Hanoi,"9.897371,103.931242",41,M,2021-11-05,active,0.87,0,1,1,pending_review,0.2963,2022
106b9cf3-f5d5-4d71-8db1-1ec537133046,U000805,2022-01-13 11:59:05,11:59:05,250057.97,cash_withdrawal,M00338,USD,success,atm,D001135,11.148.143.44,debit_card,Da Nang,"21.042253,103.008219",44,M,2020-12-14,active,0.68,0,0,0,auto_approved,0.0241,2022
11304ff9-39b3-4008-8dbf-caef8a2daac4,U000890,2022-07-05 16:05:19,16:05:19,35825.95,online_payment,M00299,USD,success,mobile,D001377,48.52.10.189,debit_card,Bangkok,"12.606872,102.46435",59,M,2018-05-04,under_review,0.68,0,0,0,auto_approved,0.1774,2022
71f31dd3-08fc-48b8-94ca-56c13eb6b361,U001741,2022-05-02 14:06:03,14:06:03,1215466.19,purchase,M00424,USD,success,mobile,D001721,17.45.26.106,bank_transfer,Hanoi,"16.226296,106.597352",65,M,2016-05-30,active,0.5,0,0,0,auto_approved,0.2404,2022
2c22b34a-7321-46ea-9c29-dd2a60902d08,U000742,2022-10-23 22:02:18,22:02:18,624110.39,bill_payment,M00318,USD,success,mobile,D002693,220.2.39.236,bank_transfer,Ho Chi Minh City,"16.174272,103.185572",65,M,2019-05-29,active,0.72,0,0,0,auto_approved,0.3837,2022
5988839b-9407-452f-a592-afbe0603ade2,U000554,2022-02-25 08:06:39,08:06:39,540349.54,cash_withdrawal,M00329,VND,success,atm,D000933,10.34.7.17,mobile_wallet,Bangkok,"15.15696,108.542969",48,F,2020-01-02,active,0.73,0,0,0,auto_approved,0.1126,2022
2da1ef41-00ea-4f10-b64e-8fa5765a3339,U001223,2022-08-26 21:43:30,21:43:30,250638.88,cash_withdrawal,M00132,USD,success,atm,D000093,150.252.163.162,mobile_wallet,Ho Chi Minh City,"17.327612,102.867216",42,F,2015-03-02,active,0.48,0,0,0,auto_approved,0.0802,2022
ef6d13bf-3e76-4191-b033-cfb93953f519,U001750,2022-08-23 15:19:07,15:19:07,4272.04,cash_withdrawal,M00233,VND,success,atm,D001617,220.156.137.74,debit_card,Hanoi,"20.09818,107.129307",26,M,2016-11-30,active,0.98,0,0,0,auto_approved,0.0313,2022
72aaa6ed-16c8-4366-8f01-49f9e834d371,U001136,2022-06-10 04:34:35,04:34:35,130300.56,purchase,M00179,USD,success,desktop,D000709,169.244.30.64,bank_transfer,Hanoi,"21.520558,106.105071",40,F,2015-12-10,active,0.97,1,0,0,auto_approved,0.2194,2022
59c37ca9-93d5-4d9e-a30f-104e523cea1b,U001590,2022-08-25 01:00:32,01:00:32,613283.71,purchase,M00044,USD,success,desktop,D002823,191.157.97.215,bank_transfer,Singapore,"21.434515,107.004407",44,F,2020-08-09,active,0.71,0,0,0,auto_approved,0.2588,2022
fe4bd3a2-c85b-4ad6-ac6e-7c75cad19646,U000314,2022-08-12 00:29:13,00:29:13,802834.79,bill_payment,M00023,USD,success,mobile,D002009,6.32.89.38,credit_card,Singapore,"17.028684,103.810006",47,M,2020-11-24,active,0.56,0,0,0,auto_approved,0.3807,2022
6407f8ef-cbdb-4bba-b92c-8a7b3d7f919f,U000942,2022-11-27 07:48:46,07:48:46,1934839.98,transfer,M00352,VND,success,pos,D002943,34.168.139.165,credit_card,Ho Chi Minh City,"18.166417,108.447365",25,M,2016-04-15,active,0.49,0,0,0,auto_approved,0.2479,2022
eb88ac0a-df0c-4ccf-87bc-2781fb14d20e,U000625,2022-05-08 15:57:09,15:57:09,251175.93,transfer,M00355,VND,success,pos,D001368,224.86.67.202,credit_card,Bangkok,"20.417887,105.888326",55,F,2016-09-26,active,0.61,0,0,0,auto_approved,0.2943,2022
34cac695-3f07-4d15-82a1-c58d6520eb91,U001395,2022-04-02 14:02:01,14:02:01,940989.41,transfer,M00144,USD,success,pos,D000033,158.239.8.172,bank_transfer,Singapore,"10.317815,105.063719",41,M,2014-10-28,active,0.51,1,0,0,auto_approved,0.1884,2022
097853db-58fd-4b99-b537-59110dbed1d0,U000795,2022-12-28 09:07:20,09:07:20,3127076.36,purchase,M00485,USD,success,atm,D002370,170.207.93.194,mobile_wallet,Hanoi,"21.85164,105.145575",38,M,2019-09-09,blocked,0.51,0,1,0,auto_approved,0.427,2022
8c415d2d-5262-4338-8ee3-4aa082d1c799,U000505,2022-01-26 04:33:45,04:33:45,2935653.28,transfer,M00293,USD,success,pos,D001425,153.133.96.112,debit_card,Singapore,"18.76997,108.061481",25,M,2015-03-19,active,0.76,1,0,0,auto_approved,0.5234,2022
f8373d3a-03d1-4e66-9f1a-a6e1df1f907e,U001691,2022-01-08 09:07:24,09:07:24,937436.78,bill_payment,M00096,USD,success,desktop,D000770,65.110.138.81,debit_card,Da Nang,"14.211391,107.641711",56,F,2017-06-04,active,0.79,0,0,0,auto_approved,0.4025,2022
b03d69d9-6bf1-4d52-b1aa-bf78e7743c1d,U001579,2022-07-24 22:40:51,22:40:51,996679.92,purchase,M00121,VND,success,atm,D000463,208.192.119.14,bank_transfer,Kuala Lumpur,"16.569333,104.711066",44,F,2018-02-21,active,0.66,0,0,0,auto_approved,0.1029,2022
a2c1120f-5bbe-4d16-b80f-42abf7b4b88d,U001185,2022-06-10 03:22:24,03:22:24,779108.74,online_payment,M00177,VND,failed,desktop,D000185,30.53.150.73,bank_transfer,Bangkok,"10.677427,105.720553",26,F,2016-03-27,active,0.97,0,0,0,auto_approved,0.1576,2022
93ee43d4-0cf6-4404-8bf4-7149a057875b,U000507,2022-12-17 02:29:39,02:29:39,233744.49,bill_payment,M00366,USD,success,atm,D001021,18.36.4.107,mobile_wallet,Kuala Lumpur,"17.807139,105.279414",55,F,2022-05-16,active,0.63,0,0,0,auto_approved,0.2684,2022
f3c94372-3401-47d8-9ce5-e7538b09c9ea,U000200,2022-09-14 17:16:17,17:16:17,438001.21,transfer,M00160,VND,success,pos,D001851,30.20.249.79,mobile_wallet,Da Nang,"15.472313,103.293276",52,M,2018-11-28,active,0.86,0,0,0,auto_approved,0.3965,2022
1c7e903b-6ffc-474a-a9b5-6347eb477eb9,U001597,2022-12-22 15:05:24,15:05:24,822267.9,online_payment,M00125,USD,success,pos,D001901,213.241.70.53,bank_transfer,Kuala Lumpur,"17.109228,107.584545",55,F,2016-10-20,active,0.46,0,0,0,auto_approved,0.2778,2022
b38fc2a4-41b5-4d0c-b7c3-3b1a9c5b5b3c,U000306,2022-01-05 11:14:49,11:14:49,728266.71,bill_payment,M00324,VND,success,desktop,D002078,67.228.128.47,bank_transfer,Singapore,"13.866035,105.624803",42,F,2019-07-26,active,0.71,0,0,0,auto_approved,0.3563,2022
1691d806-3bf8-444b-af11-56dc06e1dc87,U001291,2022-09-08 08:34:50,08:34:50,156588.66,cash_withdrawal,M00414,USD,success,mobile,D002348,173.106.134.90,bank_transfer,Kuala Lumpur,"20.848118,105.063482",30,F,2020-10-29,active,0.55,0,0,0,auto_approved,0.2803,2022
546f905f-9a1e-4504-b5f1-25521f5fd057,U001474,2022-03-21 00:59:46,00:59:46,766504.25,bill_payment,M00194,VND,success,mobile,D002641,88.45.60.244,credit_card,Hanoi,"11.146688,106.827217",45,M,2015-01-30,active,0.99,0,0,0,auto_approved,0.3585,2022
8a70273a-30c7-4181-bb47-a8e4e5d739e6,U000601,2022-10-21 16:06:22,16:06:22,3790.26,cash_withdrawal,M00396,VND,failed,mobile,D001039,172.74.34.158,credit_card,Ho Chi Minh City,"19.230462,104.025047",56,F,2015-05-09,active,0.91,0,0,0,auto_approved,0.0345,2022
df41fc18-a4d7-4d1f-9481-75adc0577643,U001179,2022-04-24 09:58:31,09:58:31,431876.9,transfer,M00040,USD,success,pos,D000719,155.220.237.180,credit_card,Ho Chi Minh City,"13.660731,103.595456",36,F,2017-02-01,active,0.63,0,0,0,auto_approved,0.34,2022
5066e44f-d74d-4437-a287-5df0eb1f4f6b,U001039,2022-01-23 17:59:33,17:59:33,184838.49,cash_withdrawal,M00077,VND,success,desktop,D002566,207.2.3.177,mobile_wallet,Singapore,"13.392579,105.247378",50,F,2016-02-01,active,0.67,0,0,0,auto_approved,0.2232,2022
f44369a0-220b-4de3-b08e-4093241eeb76,U001407,2022-11-17 23:06:48,23:06:48,411882.62,cash_withdrawal,M00242,VND,success,desktop,D001374,42.196.56.200,mobile_wallet,Kuala Lumpur,"9.971208,106.721075",22,M,2017-11-27,active,0.52,0,0,0,auto_approved,0.2585,2022
17f4d105-75e7-4a73-bc46-919d15e5bfec,U001754,2022-08-28 06:51:38,06:51:38,512651.33,purchase,M00091,USD,success,mobile,D002943,68.141.140.184,bank_transfer,Kuala Lumpur,"21.303535,106.718332",29,M,2016-12-31,active,0.8,0,0,0,auto_approved,0.3781,2022
ae165f71-bef6-4200-92cc-4d92d78e0279,U001769,2022-11-02 23:17:18,23:17:18,768361.45,cash_withdrawal,M00055,USD,failed,atm,D001059,112.13.244.215,bank_transfer,Bangkok,"20.708393,103.921913",18,F,2020-03-12,active,0.82,0,0,0,auto_approved,0.2174,2022
7c99f9c4-520c-46c8-9c4b-9fffe2a95b1f,U000130,2022-01-12 19:48:38,19:48:38,608866.64,cash_withdrawal,M00048,USD,success,mobile,D001165,109.230.130.228,mobile_wallet,Kuala Lumpur,"17.653425,108.717212",67,F,2015-11-27,active,0.93,1,0,0,auto_approved,0.4151,2022
a31021b7-d07e-462c-9461-852a5c756d2b,U001937,2022-12-04 06:52:10,06:52:10,671482.93,online_payment,M00229,USD,success,desktop,D000885,212.254.24.37,debit_card,Da Nang,"21.883948,104.466134",69,F,2017-05-24,active,0.68,0,1,0,auto_approved,0.5951,2022
a2c8f3a3-2fbf-4951-9b96-aa67445c402a,U001349,2022-08-18 10:46:51,10:46:51,2094819.26,cash_withdrawal,M00280,USD,success,desktop,D002679,79.26.30.40,credit_card,Kuala Lumpur,"19.280441,107.773529",40,M,2016-08-03,active,0.54,0,0,0,auto_approved,0.3663,2022
505251f7-8395-4c56-baea-d525a3178eea,U000348,2022-09-01 07:16:31,07:16:31,680938.98,online_payment,M00434,USD,success,pos,D000039,175.21.211.149,debit_card,Hanoi,"14.950544,104.897223",65,M,2017-09-18,active,0.81,0,0,0,auto_approved,0.4211,2022
a38dd65f-1fd5-43e1-8f82-96ce9cd3695a,U001485,2022-09-24 15:30:14,15:30:14,964321.0,cash_withdrawal,M00251,USD,success,mobile,D000333,238.84.93.15,debit_card,Bangkok,"17.10614,106.829322",54,F,2015-09-16,active,0.71,0,0,0,auto_approved,0.1443,2022
d6e94eaa-4342-43c4-abfb-513a44e7557b,U000929,2022-03-14 03:33:24,03:33:24,70302.09,transfer,M00248,USD,success,mobile,D001486,200.125.184.93,bank_transfer,Kuala Lumpur,"17.272387,106.909303",63,F,2018-04-02,active,0.74,0,0,0,auto_approved,0.3478,2022
1560b112-b3d8-4357-997e-be958771eb87,U001046,2022-01-26 05:47:19,05:47:19,165098.29,cash_withdrawal,M00471,USD,success,mobile,D000548,169.100.146.117,bank_transfer,Bangkok,"9.075943,103.222408",67,F,2019-04-09,active,0.9,0,0,0,auto_approved,0.1714,2022
8b48d786-1a06-4f0c-b813-c6904c5407fa,U000589,2022-08-07 08:02:12,08:02:12,1883567.19,purchase,M00180,USD,success,desktop,D002598,244.43.220.53,debit_card,Ho Chi Minh City,"8.663056,104.975666",50,F,2021-12-16,active,0.92,0,0,0,auto_approved,0.3512,2022
92605143-ce9d-488c-ba37-ccc7ba096b38,U001165,2022-11-12 05:45:44,05:45:44,2292251.2,purchase,M00275,VND,success,atm,D002729,234.88.22.9,bank_transfer,Singapore,"18.052736,102.67286",31,F,2017-08-21,active,0.74,0,0,0,auto_approved,0.0507,2022
8d372d64-9bcc-43e5-9d79-910b9b463380,U001295,2022-07-31 06:38:17,06:38:17,701995.98,cash_withdrawal,M00045,VND,success,atm,D001117,135.181.244.14,bank_transfer,Da Nang,"18.910809,108.552023",24,F,2017-01-28,active,0.51,0,0,0,auto_approved,0.1024,2022
cf0ec6e9-9975-4dcf-b5a7-67727bf627b3,U001762,2022-01-21 16:38:31,16:38:31,801322.22,bill_payment,M00175,VND,success,desktop,D000034,84.183.52.86,bank_transfer,Da Nang,"18.025836,102.041675",44,M,2018-11-29,active,0.9,0,0,0,auto_approved,0.3099,2022
61e7578a-02c8-4904-ae5f-76951c99af83,U001022,2022-06-28 14:43:02,14:43:02,217630.03,cash_withdrawal,M00386,USD,success,desktop,D000250,74.5.231.13,bank_transfer,Bangkok,"12.875785,105.419933",30,F,2016-06-14,active,0.84,1,0,0,auto_approved,0.4886,2022
062e4558-8cef-41fc-9014-eda800591d59,U001325,2022-05-17 23:56:27,23:56:27,283549.2,online_payment,M00076,VND,success,pos,D001177,211.169.173.196,credit_card,Bangkok,"13.037914,103.906751",34,F,2018-06-15,active,0.68,0,0,0,auto_approved,0.3912,2022
ce1ac30d-49aa-45fb-9c30-35cef0f41425,U001176,2022-05-23 11:20:43,11:20:43,985853.17,purchase,M00017,USD,success,mobile,D000363,120.3.191.120,credit_card,Singapore,"9.654709,107.288362",69,M,2022-02-12,active,0.48,0,0,0,auto_approved,0.2049,2022
4528c762-df28-4970-b571-f19c7e72a6de,U001206,2022-12-06 22:15:50,22:15:50,612606.25,online_payment,M00387,USD,success,mobile,D000682,18.105.133.192,bank_transfer,Bangkok,"14.919073,108.534714",23,M,2016-12-03,active,0.8,0,0,0,auto_approved,0.0443,2022
66525a88-d5a3-435a-bb97-178a9956e004,U001566,2022-03-08 22:12:10,22:12:10,1677837.64,cash_withdrawal,M00408,VND,success,pos,D001764,85.81.198.144,bank_transfer,Ho Chi Minh City,"14.557042,108.598588",40,M,2020-02-24,blocked,0.93,3,1,1,pending_review,0.3199,2022
191f452d-e6a2-4429-b156-5bd011113c93,U001904,2022-10-30 02:37:13,02:37:13,2725824.88,purchase,M00367,VND,success,mobile,D001844,242.141.41.29,debit_card,Kuala Lumpur,"18.120168,108.521568",68,M,2018-08-14,active,0.5,0,0,0,auto_approved,0.2299,2022
4285b113-6886-4bee-9d03-d225eb2c423e,U000703,2022-01-12 06:58:16,06:58:16,1138417.71,online_payment,M00475,USD,success,pos,D000615,49.3.17.36,debit_card,Singapore,"17.612849,104.734646",58,M,2016-02-07,active,0.57,0,1,1,pending_review,0.3489,2022
cf652ad5-e6cb-4287-b82c-508150ed1150,U001710,2022-09-11 05:59:33,05:59:33,854553.22,purchase,M00413,VND,success,atm,D001484,169.96.118.149,bank_transfer,Hanoi,"17.052556,106.454521",39,F,2020-12-24,active,0.88,0,0,0,auto_approved,0.1517,2022
eb701a60-a530-45b4-9255-ef1d361117d1,U001899,2022-03-05 14:27:03,14:27:03,102913.75,transfer,M00045,USD,success,atm,D001419,233.169.234.120,debit_card,Ho Chi Minh City,"21.673947,104.287726",63,F,2016-07-07,active,0.77,0,0,0,auto_approved,0.3923,2022
e68e0887-5ece-41d3-92c4-623f379fbdb4,U001530,2022-01-23 21:25:30,21:25:30,338425.12,bill_payment,M00366,VND,success,desktop,D001043,215.57.230.149,bank_transfer,Singapore,"8.295316,108.258549",39,M,2015-03-30,active,0.98,1,0,0,auto_approved,0.2466,2022
9f5b3a33-40a3-4b74-a62e-1c50a442a746,U001800,2022-02-12 03:32:06,03:32:06,115863.19,bill_payment,M00021,VND,failed,desktop,D000604,19.241.91.51,mobile_wallet,Bangkok,"10.357391,105.763431",28,M,2019-04-20,active,0.94,0,0,0,auto_approved,0.1085,2022
d7efe095-9ea9-4af0-a42a-77d4de602118,U001895,2022-08-28 09:04:12,09:04:12,242666.83,transfer,M00048,VND,success,atm,D002446,235.216.155.64,bank_transfer,Da Nang,"17.868826,108.793956",60,M,2014-10-16,active,0.75,2,1,0,auto_approved,0.6428,2022
dd6a3a24-1432-424a-95de-b3a14a00dc3d,U001945,2022-01-06 21:50:52,21:50:52,1396565.46,transfer,M00261,VND,success,desktop,D002009,175.41.152.193,bank_transfer,Singapore,"16.687557,102.525762",64,M,2019-02-06,active,0.97,0,0,0,auto_approved,0.1487,2022
786c0f54-9c3d-4f10-be9e-78e53d937874,U001516,2022-09-22 09:54:38,09:54:38,1554464.9,purchase,M00101,USD,success,desktop,D002632,117.213.116.106,mobile_wallet,Kuala Lumpur,"12.620773,104.450284",45,M,2021-08-21,active,0.96,0,0,0,auto_approved,0.1877,2022
0c061bd7-79ca-4a1b-b01a-669523b43742,U000839,2022-06-17 15:05:44,15:05:44,814912.24,purchase,M00411,VND,success,mobile,D000245,111.231.166.14,mobile_wallet,Singapore,"19.545022,108.427164",70,F,2014-06-05,active,0.79,0,0,0,auto_approved,0.1034,2022
5da5402e-e39c-456d-921d-e9cc60d2d481,U000123,2022-03-02 02:42:15,02:42:15,334276.91,purchase,M00380,USD,success,atm,D000439,115.209.185.122,debit_card,Hanoi,"9.272704,103.185118",58,F,2020-03-12,active,0.98,0,0,0,auto_approved,0.1096,2022
d235e4c1-4932-4f42-b554-6ea3e1be75a8,U001099,2022-02-13 21:58:03,21:58:03,636079.01,cash_withdrawal,M00004,USD,success,atm,D002011,116.210.203.139,mobile_wallet,Bangkok,"14.763426,106.834574",59,M,2020-08-21,active,0.86,0,0,0,auto_approved,0.4159,2022
8458ef74-7de9-4c53-a61c-cea33613cd1e,U001453,2022-06-09 17:02:15,17:02:15,247098.29,transfer,M00078,VND,success,desktop,D000571,218.32.236.148,mobile_wallet,Da Nang,"12.226935,106.846064",41,M,2018-03-06,active,0.94,0,0,0,auto_approved,0.0364,2022
af727c93-059c-4f08-b6f3-d56ccaad135d,U000860,2022-10-07 14:13:54,14:13:54,1718757.57,bill_payment,M00126,VND,success,mobile,D001758,134.189.178.17,credit_card,Ho Chi Minh City,"10.546552,104.773107",38,M,2015-10-05,under_review,0.47,0,0,0,auto_approved,0.0771,2022
f79f4ae3-f512-4c31-aeaa-60f21e3fc2cf,U001504,2022-10-24 03:37:49,03:37:49,428360.14,purchase,M00202,VND,success,desktop,D000405,117.209.214.246,credit_card,Da Nang,"9.658505,102.082346",50,F,2018-04-03,active,0.69,0,0,0,auto_approved,0.3623,2022
9ee9c0ad-2c23-4702-aef1-9b95bb28918d,U001332,2022-07-12 22:51:32,22:51:32,1652024.75,online_payment,M00047,VND,pending,mobile,D001706,123.188.167.112,debit_card,Kuala Lumpur,"12.315478,107.937872",62,F,2020-10-14,active,0.53,0,0,0,auto_approved,0.1784,2022
c374c494-db4a-4c25-916d-cd419f33f2cd,U000543,2022-04-18 08:19:04,08:19:04,167229.82,cash_withdrawal,M00128,VND,success,desktop,D001480,37.154.74.235,bank_transfer,Bangkok,"12.634463,104.367376",53,M,2015-02-26,active,0.84,0,0,0,auto_approved,0.0105,2022
0dd85bfe-4bb0-4f95-a276-751dd6287529,U000824,2022-05-10 08:45:57,08:45:57,2321749.47,purchase,M00112,VND,success,pos,D002385,193.58.241.137,bank_transfer,Ho Chi Minh City,"14.450185,108.336793",62,M,2022-03-27,active,0.45,0,0,0,auto_approved,0.2701,2022
efc16828-c384-427e-b37d-b8309e5c1c73,U001823,2022-06-16 01:27:42,01:27:42,584177.46,transfer,M00279,USD,success,atm,D001385,2.34.214.193,mobile_wallet,Bangkok,"8.711971,105.470543",42,F,2015-09-19,active,0.59,0,0,0,auto_approved,0.4321,2022
d14f47e8-ffe1-46f6-b973-a900e85491c1,U001000,2022-06-17 20:57:22,20:57:22,189384.61,bill_payment,M00417,VND,success,atm,D002963,164.50.247.44,mobile_wallet,Hanoi,"11.145573,103.173548",64,F,2018-01-02,active,0.58,0,0,0,auto_approved,0.3392,2022
df564c35-ef15-46e1-83df-2f7d61f371de,U001533,2022-11-02 02:31:57,02:31:57,114228.11,cash_withdrawal,M00217,VND,success,pos,D000976,91.11.174.56,credit_card,Singapore,"15.405202,104.765778",46,M,2017-07-07,active,0.62,0,0,0,auto_approved,0.3181,2022
7884e38a-0f3c-4b4d-a214-3032e4916ac4,U000876,2022-12-31 14:10:02,14:10:02,1437656.14,bill_payment,M00213,VND,success,desktop,D000604,142.236.170.74,credit_card,Ho Chi Minh City,"18.224956,103.511068",50,M,2015-07-22,active,0.59,0,0,0,auto_approved,0.4206,2022
ee8c3bea-d392-4ca9-91fd-f82a7f495d26,U001309,2022-10-31 18:07:44,18:07:44,589404.02,bill_payment,M00490,USD,success,mobile,D001813,155.104.28.2,credit_card,Kuala Lumpur,"21.966852,107.715285",26,F,2015-09-13,active,0.63,0,0,0,auto_approved,0.0782,2022
cf64faf3-b784-46e8-92c7-b84098c061a4,U001778,2022-05-19 21:08:12,21:08:12,195211.51,purchase,M00356,USD,success,atm,D000548,75.207.37.106,mobile_wallet,Bangkok,"21.033295,105.496104",63,M,2020-01-14,active,0.66,0,1,0,auto_approved,0.3041,2022
9fbe7054-e224-4ff7-a765-d4a8de334326,U000999,2022-07-15 23:40:50,23:40:50,2893825.24,online_payment,M00090,USD,success,pos,D002521,86.116.104.40,bank_transfer,Da Nang,"13.940868,108.079515",59,M,2020-04-02,active,0.62,0,0,0,auto_approved,0.2636,2022
d1da8f36-3074-40d2-9447-525cc52779ab,U000314,2022-10-23 07:39:35,07:39:35,143252.86,bill_payment,M00410,VND,success,pos,D001153,19.198.32.56,credit_card,Da Nang,"15.117933,103.227098",68,M,2016-01-30,active,0.83,1,0,0,auto_approved,0.2678,2022
d6bace9e-b445-49f0-b0e7-302f6b06d05b,U001101,2022-03-21 23:04:12,23:04:12,1301920.52,bill_payment,M00439,VND,success,desktop,D001640,93.7.135.101,debit_card,Kuala Lumpur,"10.861574,107.424876",70,F,2019-12-21,active,0.97,0,0,0,auto_approved,0.1011,2022
7b0fa46f-50a3-4bc0-8a64-b06e3d561504,U000513,2022-03-01 16:51:08,16:51:08,189079.22,online_payment,M00137,VND,success,desktop,D000439,139.46.168.8,credit_card,Da Nang,"17.259575,103.387354",51,F,2020-04-30,active,0.52,0,0,0,auto_approved,0.0659,2022
e64b1860-e01e-4c84-93d9-ec2f2d49653c,U000857,2022-12-05 08:26:03,08:26:03,975415.27,cash_withdrawal,M00396,VND,success,mobile,D000609,18.131.36.74,bank_transfer,Singapore,"19.307231,106.674518",40,M,2020-12-15,active,0.52,2,1,1,pending_review,0.3521,2022
244dd49e-5ca3-4f92-b112-22e11a161a7c,U001801,2022-10-24 19:25:06,19:25:06,1291101.99,bill_payment,M00010,USD,success,mobile,D001160,32.47.217.91,credit_card,Singapore,"13.6115,104.218363",68,F,2018-09-05,active,0.71,0,0,0,auto_approved,0.4468,2022
5d322970-5f9a-4e0d-9b5f-77d8cf278038,U001802,2022-12-11 08:30:32,08:30:32,2633359.4,purchase,M00136,VND,success,mobile,D000945,79.14.163.154,debit_card,Kuala Lumpur,"11.279307,106.240118",63,M,2021-11-18,active,0.65,0,0,0,auto_approved,0.3022,2022
9d9b90f0-6ad9-466d-abc6-a7cecda68e1d,U000843,2022-06-23 18:46:54,18:46:54,1986766.81,cash_withdrawal,M00086,VND,success,pos,D001677,231.158.2.75,credit_card,Bangkok,"20.447738,106.444076",54,M,2015-02-13,active,0.77,0,0,0,auto_approved,0.4237,2022
1de80291-195c-4520-b7ca-d4e1f34cbeae,U000371,2022-01-04 10:03:04,10:03:04,653600.68,cash_withdrawal,M00430,VND,success,pos,D001321,38.54.14.67,mobile_wallet,Singapore,"21.947056,104.985953",55,F,2018-10-14,active,0.65,0,0,0,auto_approved,0.1944,2022
18624304-6c4b-4ea0-9a41-22c84445838e,U001758,2022-10-26 11:09:39,11:09:39,1814459.22,bill_payment,M00183,VND,success,desktop,D001165,150.60.227.232,bank_transfer,Da Nang,"8.385682,106.418821",39,F,2014-09-30,active,0.63,0,0,0,auto_approved,0.1143,2022
dd0c75a4-9faf-4824-ac2d-e80edf83404b,U001131,2022-08-11 05:26:36,05:26:36,3713124.69,cash_withdrawal,M00108,VND,success,pos,D002378,13.221.243.229,debit_card,Bangkok,"12.33744,107.888034",53,F,2018-06-18,active,1.0,0,1,1,pending_review,0.649,2022
5578bf84-605e-49fe-ab3b-59bc171f15e6,U000797,2022-09-10 00:27:43,00:27:43,670242.54,cash_withdrawal,M00139,VND,success,desktop,D002850,205.249.12.216,bank_transfer,Bangkok,"17.861626,103.954142",39,F,2019-10-12,active,0.5,0,0,0,auto_approved,0.1694,2022
b0a9607f-f8c8-4343-83f6-9a74dc09d28d,U000001,2022-04-07 07:24:04,07:24:04,194192.73,purchase,M00464,VND,success,mobile,D000430,207.128.235.46,credit_card,Kuala Lumpur,"16.559942,108.624392",37,F,2021-06-21,active,0.8,0,0,0,auto_approved,0.1391,2022
31a6dee3-cdae-468c-b13c-82d17e88579e,U001037,2022-10-28 18:29:06,18:29:06,524712.72,cash_withdrawal,M00273,USD,success,mobile,D000690,116.44.25.238,credit_card,Ho Chi Minh City,"15.179699,104.302378",23,F,2019-02-03,active,0.62,2,1,0,auto_approved,0.5462,2022
0f7f9297-b131-408e-82d0-9d8119284853,U001139,2022-04-06 03:46:12,03:46:12,655933.62,cash_withdrawal,M00332,USD,success,desktop,D002524,185.248.213.88,bank_transfer,Singapore,"17.036253,106.543441",67,F,2017-05-15,active,0.48,0,0,0,auto_approved,0.234,2022
139d4ad9-df80-49ad-b367-f5d749d969a1,U000011,2022-02-02 19:40:30,19:40:30,145644.55,transfer,M00397,USD,success,pos,D000960,219.177.98.170,mobile_wallet,Bangkok,"16.649393,103.674674",43,F,2015-01-02,active,0.52,1,0,0,auto_approved,0.4887,2022
9aa9555c-585b-4359-bdbf-6fed26e085e7,U001746,2022-07-02 12:36:32,12:36:32,773138.62,cash_withdrawal,M00049,VND,success,atm,D000178,70.97.37.223,debit_card,Da Nang,"10.796617,108.940656",28,F,2016-03-16,active,0.58,0,0,0,auto_approved,0.1319,2022
d7ec6bdf-b8cb-4c5d-ad44-3a463ed1f5ad,U000710,2022-02-20 04:20:00,04:20:00,1047366.75,transfer,M00255,VND,success,pos,D000952,136.139.157.103,debit_card,Hanoi,"13.31947,106.223523",57,M,2016-12-27,active,0.85,0,0,0,auto_approved,0.2536,2022
efed4711-c6aa-4759-b818-5cbe17b5a0a4,U000307,2022-03-20 06:02:07,06:02:07,1562089.66,online_payment,M00413,VND,success,mobile,D002816,158.217.144.95,bank_transfer,Ho Chi Minh City,"14.551704,102.435422",65,M,2015-08-19,active,0.84,0,0,0,auto_approved,0.4025,2022
2d333af8-daf3-43a5-ae52-2f1930365f24,U001418,2022-02-04 13:47:35,13:47:35,695073.3,online_payment,M00115,USD,success,atm,D000876,155.194.164.183,mobile_wallet,Ho Chi Minh City,"16.576059,103.658127",59,M,2020-06-30,active,0.8,0,0,0,auto_approved,0.019,2022
9c6a2109-97ea-4561-8637-cfe92799a1ce,U001458,2022-06-06 03:10:35,03:10:35,124860.8,online_payment,M00454,VND,success,desktop,D001632,115.202.34.2,debit_card,Kuala Lumpur,"14.291447,104.09969",38,M,2019-09-07,active,0.81,0,0,0,auto_approved,0.0312,2022
e6663cf9-d716-48af-a00d-756c37699628,U001251,2022-04-05 15:04:44,15:04:44,993202.07,bill_payment,M00429,VND,success,mobile,D000658,200.225.114.149,credit_card,Singapore,"20.656196,103.117422",21,M,2018-05-25,active,0.59,0,0,0,auto_approved,0.3092,2022
8752fc07-bda8-4323-afa8-359365ca88cb,U000140,2022-10-08 03:46:41,03:46:41,300896.43,bill_payment,M00119,VND,success,mobile,D000863,106.245.197.6,credit_card,Ho Chi Minh City,"10.512059,108.983281",56,F,2016-10-19,active,0.56,0,0,0,auto_approved,0.2556,2022
1358b832-9687-4c3a-871c-d71cf5ff4d68,U000441,2022-01-15 00:31:31,00:31:31,54755.05,bill_payment,M00391,USD,success,pos,D002695,248.124.161.102,mobile_wallet,Singapore,"14.944528,104.282718",34,F,2021-06-13,active,0.86,0,0,0,auto_approved,0.0468,2022
ec9d314b-c9b6-42a0-858c-bcb3455e25bf,U000720,2022-01-17 14:56:00,14:56:00,469318.0,online_payment,M00022,USD,success,pos,D001140,34.155.121.18,debit_card,Hanoi,"15.569308,104.539279",69,M,2017-02-27,active,0.94,0,0,0,auto_approved,0.2528,2022
1323e2bd-1f85-4f6b-9d40-c237afb9a892,U000495,2022-05-30 22:15:18,22:15:18,1344475.1,transfer,M00226,USD,success,atm,D002549,27.228.62.235,debit_card,Bangkok,"8.925484,102.9249",28,F,2016-07-18,active,0.89,0,0,0,auto_approved,0.2005,2022
552c6d3f-31ba-4747-aa6d-4965c74138fd,U000956,2022-12-06 18:51:59,18:51:59,93987.34,purchase,M00207,VND,success,pos,D000556,186.51.20.122,credit_card,Ho Chi Minh City,"21.876632,107.53693",38,F,2019-06-19,active,0.62,0,0,0,auto_approved,0.3944,2022
ab08d53b-300e-42f6-ac51-fea21b3da313,U001069,2022-05-05 13:30:34,13:30:34,684658.69,transfer,M00339,USD,success,atm,D001371,19.160.51.250,bank_transfer,Hanoi,"18.135869,106.22481",59,F,2015-03-21,active,0.6,0,0,0,auto_approved,0.1735,2022
3aadb3de-a3f5-4701-a3d4-f7660368e307,U001243,2022-07-20 00:52:33,00:52:33,53535.88,bill_payment,M00137,VND,pending,desktop,D000155,50.121.100.17,credit_card,Kuala Lumpur,"20.017866,102.049098",42,M,2019-11-11,under_review,0.98,0,0,0,auto_approved,0.0717,2022
1bca5bef-bc1e-4cdb-be3d-948974f76539,U001831,2022-08-03 23:40:36,23:40:36,22046.75,online_payment,M00396,USD,success,atm,D002674,31.112.69.171,mobile_wallet,Hanoi,"9.557954,108.351082",40,M,2015-07-23,blocked,0.99,0,0,0,auto_approved,0.1441,2022
b7676e03-bd43-4cb1-8666-76a544c135f9,U001744,2022-08-23 14:06:47,14:06:47,180627.77,cash_withdrawal,M00122,USD,success,pos,D001278,123.154.223.3,credit_card,Ho Chi Minh City,"12.427336,108.984707",66,M,2021-10-14,active,0.81,2,1,0,auto_approved,0.3317,2022
e0dc1f0d-2819-4ea5-951c-8044602baee4,U001722,2022-07-23 16:32:35,16:32:35,1043473.21,transfer,M00395,VND,success,pos,D002130,54.157.181.242,debit_card,Bangkok,"21.921219,108.47223",62,F,2018-07-17,active,0.81,0,0,0,auto_approved,0.0972,2022
ff3fbd64-1649-4465-a11e-a2368cf40fa9,U000016,2022-07-13 11:51:22,11:51:22,18132.9,bill_payment,M00416,VND,success,mobile,D001379,221.187.183.55,bank_transfer,Hanoi,"11.926517,108.925551",20,M,2017-09-10,under_review,0.51,0,0,0,auto_approved,0.1252,2022
647e9cfc-03ed-4b93-84b5-7a07f35bc030,U001080,2022-12-07 06:10:46,06:10:46,1950694.92,purchase,M00388,USD,success,pos,D001353,136.174.51.208,credit_card,Singapore,"8.663907,106.151822",68,M,2021-06-23,active,0.73,1,0,0,auto_approved,0.2609,2022
cf894f02-b3ef-4106-80ee-f7736f4f598b,U001463,2022-09-12 04:59:19,04:59:19,960515.33,online_payment,M00443,VND,success,pos,D001287,73.15.192.166,mobile_wallet,Da Nang,"16.421599,106.665964",58,F,2015-02-18,active,0.77,1,0,0,auto_approved,0.3022,2022
feadf0c2-8c8c-4ec8-9c47-68de24649184,U000631,2022-11-19 00:14:45,00:14:45,884251.38,purchase,M00450,USD,success,atm,D001775,65.193.242.49,bank_transfer,Bangkok,"13.524312,103.239247",24,F,2017-07-09,active,0.55,0,0,0,auto_approved,0.1982,2022
39a88f24-0068-44af-8fb6-9dc6b47175a3,U001444,2022-10-07 02:18:56,02:18:56,2112051.99,cash_withdrawal,M00452,VND,success,atm,D000745,250.130.134.40,bank_transfer,Kuala Lumpur,"15.050026,108.42255",61,F,2016-08-17,active,0.64,0,0,0,auto_approved,0.2133,2022
e47d6cde-c1f9-47b4-8dc6-9354a9b56858,U000274,2022-07-18 16:04:42,16:04:42,897598.18,online_payment,M00195,VND,success,mobile,D002690,43.139.5.6,mobile_wallet,Bangkok,"19.230094,108.240115",23,F,2018-01-17,active,0.5,1,0,0,auto_approved,0.2048,2022
7d8bda6c-dee0-4891-8204-d045308a333b,U001954,2022-04-18 16:44:01,16:44:01,102017.75,bill_payment,M00485,USD,success,desktop,D001994,133.95.30.88,debit_card,Ho Chi Minh City,"15.439909,105.070009",48,M,2020-06-17,blocked,0.92,0,0,0,auto_approved,0.4118,2022
91e98e2f-5385-4908-b6e4-fd4b9d84b14e,U000450,2022-11-22 21:24:26,21:24:26,203164.84,transfer,M00012,USD,success,pos,D001846,177.74.89.197,debit_card,Hanoi,"10.353799,107.15118",69,F,2017-01-26,active,0.56,0,0,0,auto_approved,0.3658,2022
1a3fefcb-6e66-451e-b515-df1d33d3e159,U001651,2022-07-15 12:31:48,12:31:48,1537482.52,cash_withdrawal,M00289,USD,success,desktop,D001591,114.13.84.19,debit_card,Singapore,"15.208148,104.611392",68,M,2020-12-13,active,0.55,2,1,1,pending_review,0.2747,2022
8527ec91-97df-4fd0-b625-0705804aff9b,U000880,2022-07-04 16:29:46,16:29:46,234470.89,transfer,M00091,USD,success,atm,D001852,131.48.11.177,mobile_wallet,Kuala Lumpur,"20.49786,102.171398",68,M,2019-02-17,active,0.71,0,0,0,auto_approved,0.3615,2022
bad32a48-a325-4b48-a61a-4933a68f90dc,U001816,2022-08-14 14:47:15,14:47:15,480949.03,bill_payment,M00257,USD,success,desktop,D001125,11.120.141.10,mobile_wallet,Bangkok,"8.668064,103.134313",29,M,2018-07-07,active,0.92,1,0,0,auto_approved,0.497,2022
c40213f7-131f-4007-86ba-97d53f6360d6,U000677,2022-08-08 00:40:43,00:40:43,1245428.96,online_payment,M00077,VND,success,desktop,D000967,130.102.229.176,bank_transfer,Ho Chi Minh City,"11.848727,108.157599",62,M,2016-10-13,active,0.6,1,0,0,auto_approved,0.4253,2022
edd71d7e-61d4-4b37-9e46-e0fc516274f8,U001604,2022-07-03 01:59:21,01:59:21,487120.12,online_payment,M00470,VND,success,desktop,D000822,83.45.100.234,bank_transfer,Ho Chi Minh City,"20.929642,107.967132",60,F,2014-06-05,active,0.51,0,0,0,auto_approved,0.4138,2022
8b086c4b-3712-4661-afce-2c6cf7439159,U001187,2022-03-06 14:05:10,14:05:10,583436.03,bill_payment,M00418,VND,success,mobile,D002469,104.186.74.53,mobile_wallet,Ho Chi Minh City,"8.939492,104.153964",53,M,2016-11-20,active,0.62,0,0,0,auto_approved,0.0878,2022
f5378d16-2fd0-43f1-a598-41fdd5fb7ba4,U000774,2022-09-10 10:48:09,10:48:09,817912.06,bill_payment,M00248,VND,success,desktop,D001107,227.65.240.209,debit_card,Singapore,"19.570088,108.646268",66,M,2015-06-21,active,0.9,0,0,0,auto_approved,0.2778,2022
7d47b2e0-2d32-4494-add9-b504b320eab4,U000702,2022-08-27 13:14:18,13:14:18,550465.33,bill_payment,M00214,VND,success,mobile,D000952,111.228.179.223,credit_card,Da Nang,"10.884909,106.704154",38,F,2019-02-13,active,0.66,0,0,0,auto_approved,0.3618,2022
0dd20f4a-64b3-4a58-a58d-ffa4859b0bd8,U000208,2022-05-21 21:14:53,21:14:53,154094.01,online_payment,M00429,USD,success,desktop,D001394,18.106.7.172,mobile_wallet,Kuala Lumpur,"20.81783,108.001404",35,F,2021-09-18,active,0.97,1,0,0,auto_approved,0.3125,2022
72c72ab1-dab0-4248-9423-b620cf2f7f16,U000887,2022-02-04 06:38:15,06:38:15,377434.22,bill_payment,M00207,VND,success,atm,D000450,218.208.62.209,credit_card,Da Nang,"20.182043,104.767068",64,M,2020-10-05,active,0.74,1,0,0,auto_approved,0.521,2022
3146be53-8c98-4beb-b867-060eae11c309,U000536,2022-06-14 12:31:12,12:31:12,613701.94,online_payment,M00481,USD,success,pos,D001456,249.68.67.41,mobile_wallet,Da Nang,"9.139856,102.071248",26,F,2015-08-12,active,1.0,0,0,0,auto_approved,0.2527,2022
3796f178-fa97-4f9a-8ac0-af1aaaf88dd1,U000477,2022-04-10 16:16:48,16:16:48,231452.18,purchase,M00482,VND,success,mobile,D000684,228.139.117.182,bank_transfer,Kuala Lumpur,"13.181678,105.183312",24,M,2016-07-05,active,0.81,0,0,0,auto_approved,0.1111,2022
ea142c82-9f8c-4f50-b76c-664d68f13de9,U000569,2022-04-04 10:30:05,10:30:05,396667.85,transfer,M00199,USD,success,atm,D000594,231.9.150.63,mobile_wallet,Singapore,"15.916756,103.586703",36,F,2017-04-10,active,0.53,1,0,0,auto_approved,0.3891,2022
24c0a6f8-f19f-4b17-a4d1-166d45eccf2e,U000629,2022-04-05 09:28:52,09:28:52,633869.91,online_payment,M00154,USD,success,mobile,D002074,71.15.221.59,debit_card,Bangkok,"11.689204,106.341885",62,F,2021-11-11,active,0.98,0,0,0,auto_approved,0.2404,2022
9d770f37-73a8-41ca-a0f4-8c222b2a831c,U001910,2022-03-22 23:43:39,23:43:39,1947004.56,bill_payment,M00009,VND,success,desktop,D002000,106.83.221.159,mobile_wallet,Bangkok,"19.325993,103.845423",55,F,2021-10-14,active,0.6,0,0,0,auto_approved,0.285,2022
f472e83c-1efb-46e3-8aea-8ac31bf3f288,U001803,2022-08-23 02:50:40,02:50:40,123741.66,cash_withdrawal,M00317,VND,success,mobile,D000143,225.83.118.203,mobile_wallet,Kuala Lumpur,"19.684775,104.951075",62,F,2019-02-20,active,0.62,1,0,0,auto_approved,0.4975,2022
863b5cb3-5429-414f-bfb0-55570486ff85,U001100,2022-11-23 16:29:33,16:29:33,2537125.73,cash_withdrawal,M00457,VND,success,desktop,D002488,95.116.76.26,mobile_wallet,Singapore,"20.403052,103.749791",34,M,2020-10-25,active,0.91,0,0,0,auto_approved,0.3658,2022
3a432c98-1d4b-4f06-8150-830e18278702,U001113,2022-03-29 16:42:42,16:42:42,979213.31,cash_withdrawal,M00045,USD,success,mobile,D002231,22.217.248.218,mobile_wallet,Ho Chi Minh City,"10.824088,103.562856",25,F,2016-03-24,active,0.52,1,0,0,auto_approved,0.3149,2022
4355755c-876e-427f-af1b-f9822f34c4bf,U001123,2022-04-30 02:53:56,02:53:56,648470.52,bill_payment,M00231,VND,success,desktop,D001693,110.212.74.66,bank_transfer,Hanoi,"18.205636,108.204003",57,M,2019-12-29,active,0.69,0,0,0,auto_approved,0.207,2022
fd3083ac-19a2-4221-949a-63552ec9d7cd,U000950,2022-05-10 06:35:50,06:35:50,840335.85,cash_withdrawal,M00479,USD,success,mobile,D002665,3.87.99.209,credit_card,Singapore,"15.66077,108.910694",48,F,2018-06-10,active,1.0,0,0,0,auto_approved,0.4011,2022
1144b222-22a4-42db-93e4-55210c3c2353,U000536,2022-11-24 00:58:24,00:58:24,36240.97,cash_withdrawal,M00017,USD,success,desktop,D001903,78.182.178.67,debit_card,Da Nang,"17.155264,107.610355",24,F,2022-06-21,blocked,0.99,0,0,0,auto_approved,0.2761,2022
10385ff6-75c4-4474-90ac-f2bf6da2e4e0,U000786,2022-11-24 12:18:55,12:18:55,1976694.67,bill_payment,M00108,USD,success,atm,D001063,148.69.128.66,mobile_wallet,Da Nang,"14.108472,102.109195",40,M,2021-07-13,active,0.7,0,0,0,auto_approved,0.2111,2022
2ad855fa-18d8-4f42-9719-ee30ef7ea5be,U000490,2022-01-15 10:41:21,10:41:21,731254.72,transfer,M00425,USD,success,mobile,D002880,146.48.120.87,mobile_wallet,Hanoi,"12.780535,107.613811",51,F,2020-07-22,under_review,0.98,0,0,0,auto_approved,0.2846,2022
ba62599b-00b1-4e18-9314-44a911e3055b,U001956,2022-03-07 16:31:01,16:31:01,131014.16,purchase,M00211,USD,success,pos,D002353,156.5.142.222,debit_card,Da Nang,"10.983815,103.416468",59,F,2017-08-13,active,0.99,0,0,0,auto_approved,0.3454,2022
bf1626c2-4145-43f9-9576-940ed2c72aa5,U001268,2022-10-31 17:26:31,17:26:31,135604.67,bill_payment,M00205,USD,success,atm,D000300,183.47.237.35,bank_transfer,Kuala Lumpur,"16.701007,103.108379",39,F,2016-03-04,active,0.74,1,0,0,auto_approved,0.4013,2022
9fe3ffc3-d590-4f4c-8607-4ed0d057d0f5,U001395,2022-03-03 14:06:04,14:06:04,1713627.34,cash_withdrawal,M00354,VND,success,desktop,D002830,165.143.140.58,mobile_wallet,Da Nang,"15.352113,103.023036",62,M,2016-06-23,active,0.84,0,0,0,auto_approved,0.0441,2022
10074724-2ce8-4411-a7a0-15a57c293674,U001301,2022-04-16 09:13:19,09:13:19,3227265.23,transfer,M00308,VND,success,pos,D001465,209.240.25.44,mobile_wallet,Hanoi,"8.484805,104.995361",58,F,2021-11-28,active,0.45,0,1,0,auto_approved,0.537,2022
f7049f60-1a39-4387-8d12-72a3be3db228,U001434,2022-06-08 21:49:10,21:49:10,309244.41,transfer,M00289,VND,success,atm,D001638,244.208.192.166,credit_card,Ho Chi Minh City,"10.932185,105.655303",22,M,2018-05-21,active,0.86,0,0,0,auto_approved,0.2521,2022
ca1f0215-ed73-4984-be29-cceda8125dfb,U000013,2022-04-26 04:00:26,04:00:26,901095.22,cash_withdrawal,M00171,USD,success,pos,D001918,190.114.158.92,bank_transfer,Da Nang,"9.538546,107.752975",40,F,2018-08-15,active,0.77,2,1,0,auto_approved,0.4272,2022
fcaf101b-6969-4d7f-82f2-178d27d4a7da,U000646,2022-01-28 12:41:58,12:41:58,103948.35,purchase,M00181,USD,success,atm,D002599,62.17.48.61,mobile_wallet,Hanoi,"12.721269,108.627095",50,F,2017-08-20,active,0.93,0,0,0,auto_approved,0.0545,2022
b469cea2-f4e1-48bd-8c59-f9c870052465,U000910,2022-07-22 04:44:07,04:44:07,622083.94,transfer,M00019,VND,success,mobile,D000077,13.23.72.203,mobile_wallet,Kuala Lumpur,"13.014915,105.558183",37,F,2014-10-18,active,0.95,0,0,0,auto_approved,0.212,2022
5c1a8359-606c-4635-a992-ceac318f00c1,U001721,2022-12-07 08:57:00,08:57:00,398747.45,purchase,M00032,VND,success,atm,D001624,178.16.98.37,bank_transfer,Bangkok,"10.523859,105.514709",28,M,2017-06-14,active,0.98,0,0,0,auto_approved,0.2884,2022
5998fa82-a073-4862-bfa1-0f90e226229e,U001154,2022-07-15 00:35:01,00:35:01,815363.94,cash_withdrawal,M00351,USD,success,mobile,D000019,165.3.238.227,debit_card,Singapore,"9.066193,102.250148",64,F,2015-10-26,active,0.78,0,1,0,auto_approved,0.2257,2022
bf58a3c0-9609-419f-b501-23f17b6aefa7,U000447,2022-12-10 16:03:02,16:03:02,146523.18,cash_withdrawal,M00219,USD,success,desktop,D001909,16.193.226.38,mobile_wallet,Singapore,"20.731182,102.515423",42,M,2015-01-03,active,0.58,0,0,0,auto_approved,0.3108,2022
b5ba788a-0069-4b63-9b4b-504fc86edfb5,U000113,2022-06-14 15:16:22,15:16:22,573079.47,purchase,M00177,VND,success,desktop,D002582,188.230.37.81,bank_transfer,Ho Chi Minh City,"11.589263,103.049852",25,F,2017-09-01,active,0.71,0,1,0,auto_approved,0.2386,2022
1ec0c9c0-e1a4-4605-a61c-9fea3621c75d,U001455,2022-01-17 16:52:43,16:52:43,596045.95,purchase,M00467,VND,success,desktop,D001422,230.82.69.5,credit_card,Ho Chi Minh City,"14.352745,108.054751",30,F,2018-10-04,active,0.48,0,0,0,auto_approved,0.3855,2022
3ff50f77-c7c7-49c8-b97d-2c5f681b4b67,U001442,2022-11-16 10:39:41,10:39:41,1135626.91,cash_withdrawal,M00497,VND,success,pos,D002370,220.224.203.244,debit_card,Singapore,"18.887602,102.863895",34,M,2017-01-08,under_review,0.96,0,0,0,auto_approved,0.2433,2022
63e33571-95af-4bf3-abe5-2f04f9c97aae,U000035,2022-10-25 00:50:35,00:50:35,421555.01,cash_withdrawal,M00306,USD,success,pos,D000897,132.44.157.83,mobile_wallet,Da Nang,"9.057569,107.765667",44,F,2022-01-22,active,0.53,0,0,0,auto_approved,0.3536,2022
c39747a6-a16e-4dea-8afc-506ec4f08114,U000383,2022-09-11 04:07:41,04:07:41,558013.17,online_payment,M00351,USD,success,atm,D001353,119.200.156.67,bank_transfer,Singapore,"21.7631,105.053039",23,M,2021-03-18,active,0.61,2,1,0,auto_approved,0.3306,2022
fdf4c9df-9675-4f8f-8e23-d04ed8b72c7c,U001554,2022-07-27 10:35:34,10:35:34,73400.51,transfer,M00390,VND,success,atm,D001802,110.44.228.239,credit_card,Da Nang,"11.154307,108.71944",29,F,2017-11-13,active,0.82,0,0,0,auto_approved,0.1808,2022
4031cb82-89b6-43b1-af50-23a8f7eba624,U001420,2022-03-19 08:06:52,08:06:52,3019343.34,transfer,M00095,USD,success,atm,D002587,251.203.51.106,mobile_wallet,Da Nang,"19.39881,106.009676",35,F,2014-06-14,active,0.92,1,1,0,auto_approved,0.6009,2022
f04b709d-a9ac-4ad1-bda6-11a8f3b23df0,U000652,2022-04-26 06:10:42,06:10:42,1165165.11,bill_payment,M00263,VND,success,mobile,D000995,134.222.155.43,credit_card,Da Nang,"16.223691,105.933865",18,M,2014-02-16,active,0.95,0,0,0,auto_approved,0.3257,2022
cb009df0-b81c-4e86-a325-d61385247ebb,U000944,2022-09-04 00:17:40,00:17:40,880693.93,transfer,M00460,USD,success,atm,D000032,137.39.183.213,debit_card,Da Nang,"18.763041,106.539437",43,M,2015-12-05,under_review,0.63,1,0,0,auto_approved,0.5137,2022
3f7f107b-f8c1-453b-bf55-9e287c518e53,U001865,2022-09-23 12:37:00,12:37:00,245400.0,bill_payment,M00108,VND,success,atm,D001915,27.250.8.110,mobile_wallet,Da Nang,"8.642795,105.172718",23,M,2016-12-17,active,0.6,0,0,0,auto_approved,0.179,2022
84c44824-0502-44df-b3b5-8c5dd1523dc3,U000441,2022-07-09 21:13:39,21:13:39,229756.49,purchase,M00373,USD,success,atm,D000604,149.51.2.253,credit_card,Kuala Lumpur,"8.512878,105.14975",45,M,2017-01-18,active,0.56,0,0,0,auto_approved,0.0952,2022
07761cfd-595e-417a-a107-511099fc462b,U001541,2022-01-23 11:42:55,11:42:55,248361.14,purchase,M00108,USD,success,mobile,D002338,8.198.34.157,bank_transfer,Kuala Lumpur,"11.896704,108.824863",57,M,2020-05-17,active,0.57,0,0,0,auto_approved,0.2933,2022
e07f4971-f59f-4d69-9be3-8aa65bf373fc,U000399,2022-07-09 13:53:59,13:53:59,354408.8,purchase,M00029,VND,success,pos,D000230,106.163.99.26,mobile_wallet,Ho Chi Minh City,"13.747171,104.967745",57,M,2022-05-18,active,0.95,0,0,0,auto_approved,0.1435,2022
b337b4f0-c76e-458c-b872-4de9db57f2ca,U000829,2022-07-04 00:21:19,00:21:19,158005.23,bill_payment,M00025,USD,success,desktop,D002609,82.193.122.87,bank_transfer,Da Nang,"16.606041,106.745554",48,M,2019-01-13,active,0.49,0,0,0,auto_approved,0.3483,2022
0f800bcb-289b-437a-8a83-34e05b535d59,U001184,2022-11-10 04:46:08,04:46:08,31135.54,transfer,M00147,VND,success,mobile,D002672,160.62.240.69,mobile_wallet,Bangkok,"21.628387,102.587445",61,F,2018-01-26,blocked,0.77,0,0,0,auto_approved,0.3887,2022
9f9b76cb-e4c8-436e-a55c-b44c30cac068,U001319,2022-08-26 09:39:29,09:39:29,432962.73,online_payment,M00152,VND,failed,atm,D001909,142.185.134.47,credit_card,Singapore,"13.524024,107.905949",20,M,2021-02-26,blocked,0.73,0,0,0,auto_approved,0.3113,2022
418c65db-2c2c-444d-b748-f01e2d708d37,U000260,2022-09-27 16:37:25,16:37:25,64707.85,purchase,M00341,USD,success,desktop,D002547,67.23.59.130,bank_transfer,Hanoi,"14.976616,108.947406",19,F,2020-02-14,active,0.68,0,0,0,auto_approved,0.0387,2022
2c71e24f-8a96-40ae-9924-46cde44786f9,U001807,2022-02-15 19:59:35,19:59:35,199929.03,purchase,M00006,VND,success,pos,D000505,149.190.226.110,bank_transfer,Bangkok,"9.282534,103.741087",39,M,2015-04-26,active,0.59,0,0,0,auto_approved,0.4336,2022
875752a9-8570-4b1f-bc5f-357904f89bba,U000394,2022-01-20 23:32:42,23:32:42,1085522.04,cash_withdrawal,M00043,USD,success,atm,D000758,251.240.148.255,mobile_wallet,Da Nang,"16.278235,104.265288",44,M,2020-03-10,active,0.57,0,0,0,auto_approved,0.1492,2022
20c21275-cba8-44ba-96df-b42fe31bc880,U000575,2022-07-10 12:31:40,12:31:40,31882.33,online_payment,M00429,USD,success,atm,D000061,88.178.141.167,credit_card,Da Nang,"12.771946,104.027976",26,M,2015-11-07,active,0.52,0,0,0,auto_approved,0.3817,2022
8f09bdaa-1ed8-469c-92a7-09e2da34bf49,U000728,2022-05-04 17:00:59,17:00:59,87901.1,cash_withdrawal,M00024,VND,success,pos,D001027,172.70.236.251,credit_card,Kuala Lumpur,"11.068233,103.178427",50,F,2014-03-23,active,0.79,0,0,0,auto_approved,0.1366,2022
cafd63b5-8a26-4ab9-b796-245f5c8820ce,U001574,2022-07-20 03:15:32,03:15:32,599103.52,transfer,M00303,USD,success,desktop,D000210,68.108.238.5,credit_card,Ho Chi Minh City,"20.713797,104.533467",32,M,2022-03-06,active,0.88,0,0,0,auto_approved,0.4482,2022
61793108-ef08-4f8e-a2a8-f451bf1915b9,U000011,2022-03-16 14:05:39,14:05:39,18524.26,bill_payment,M00050,USD,success,atm,D001705,122.82.0.127,debit_card,Da Nang,"20.926038,105.518176",43,F,2018-09-04,active,0.74,0,0,0,auto_approved,0.417,2022
754673b9-197b-4322-9081-c482f4a51c97,U001373,2022-11-08 13:36:03,13:36:03,497532.08,transfer,M00120,VND,success,pos,D001412,172.75.190.163,debit_card,Singapore,"17.847591,106.273166",51,M,2022-01-26,active,0.47,2,1,1,pending_review,0.5395,2022
3bb84927-b77d-46d6-a968-24c0fa7bc4cf,U000336,2022-05-17 22:45:26,22:45:26,497195.49,cash_withdrawal,M00277,VND,success,atm,D001648,156.191.50.133,bank_transfer,Bangkok,"21.35221,107.194087",70,F,2014-10-15,active,0.91,2,1,0,auto_approved,0.5166,2022
7c2ef785-dcff-4dde-8691-62bd4de7428b,U001877,2022-07-30 09:46:31,09:46:31,37354.31,transfer,M00109,VND,success,atm,D002433,95.101.161.64,bank_transfer,Hanoi,"15.717867,107.656757",63,M,2022-05-28,active,0.57,0,0,0,auto_approved,0.0151,2022
73e76941-2333-42d4-8c94-da6f5a08dbe6,U000038,2022-03-10 21:18:29,21:18:29,5276.79,bill_payment,M00335,USD,success,atm,D001483,160.227.43.51,credit_card,Bangkok,"20.550142,108.419636",66,F,2021-06-27,active,0.81,0,0,0,auto_approved,0.249,2022
c007e599-fb6e-4493-adba-46478d199ef7,U000340,2022-12-12 09:06:56,09:06:56,22050.22,cash_withdrawal,M00104,VND,success,mobile,D000840,17.211.19.83,bank_transfer,Ho Chi Minh City,"17.376208,108.250365",66,M,2019-12-21,active,0.71,0,0,0,auto_approved,0.3094,2022
92dc969b-5551-4e2d-96bd-60e60cfeabe5,U001333,2022-07-29 04:19:25,04:19:25,278795.61,purchase,M00167,USD,success,desktop,D000405,128.22.39.90,debit_card,Singapore,"12.239023,103.645448",44,M,2017-01-13,active,0.53,0,0,0,auto_approved,0.4061,2022
12db8bbd-b59a-4c49-985b-7516783e2de1,U001404,2022-07-07 04:49:44,04:49:44,955944.13,cash_withdrawal,M00284,USD,success,pos,D001890,117.118.50.5,debit_card,Singapore,"18.596253,103.623815",39,M,2016-11-07,active,0.8,0,0,0,auto_approved,0.0786,2022
193a2dd8-ec77-4d75-94ad-e91a5914cd28,U000266,2022-11-05 14:41:52,14:41:52,125279.64,purchase,M00329,VND,success,mobile,D000720,130.67.152.97,bank_transfer,Singapore,"9.031806,107.755054",45,M,2019-01-31,active,0.75,0,0,0,auto_approved,0.3368,2022
ee44251b-da76-4a25-b219-7a34b448a8a6,U001048,2022-04-10 09:21:40,09:21:40,624267.57,purchase,M00334,VND,success,desktop,D000559,105.50.224.255,debit_card,Bangkok,"20.821507,102.605537",28,M,2016-02-14,active,0.55,0,0,0,auto_approved,0.2024,2022
e044b102-0f5c-4d5e-a69c-970ad394b190,U000605,2022-11-01 20:28:05,20:28:05,1596665.69,bill_payment,M00096,USD,success,pos,D002960,12.113.209.32,bank_transfer,Singapore,"10.784106,108.819008",25,F,2017-11-25,active,0.64,0,0,0,auto_approved,0.3854,2022
53a6ef26-3d48-4b7e-85c1-ba81d33dd230,U001426,2022-01-05 09:22:27,09:22:27,686861.68,transfer,M00384,VND,success,atm,D001959,212.49.36.241,bank_transfer,Bangkok,"19.980938,103.56286",68,F,2018-12-02,active,0.9,1,0,0,auto_approved,0.3628,2022
8add3b4c-b57a-45ba-9fa0-1c7c6ae833b1,U000445,2022-04-24 11:07:55,11:07:55,228754.56,online_payment,M00135,USD,pending,pos,D000499,63.128.155.19,debit_card,Hanoi,"13.176162,107.078527",59,M,2015-06-07,active,0.94,0,0,0,auto_approved,0.0181,2022
61759f67-b9fe-4b1d-a64d-aaff84194cb7,U000197,2022-08-30 11:53:55,11:53:55,1285189.37,purchase,M00083,USD,success,atm,D002699,231.15.96.151,mobile_wallet,Bangkok,"9.169259,105.26662",59,M,2015-05-13,active,0.74,0,0,0,auto_approved,0.0224,2022
85d901ef-cb1c-4f88-b47a-cfa4760a7c14,U000442,2022-12-01 04:53:55,04:53:55,1227246.82,bill_payment,M00150,USD,success,desktop,D001646,192.208.99.220,mobile_wallet,Singapore,"12.237735,102.181018",50,F,2016-09-12,active,0.96,0,0,0,auto_approved,0.0226,2022
ce4817a4-ff6f-4fd7-aef6-d34093d6bf34,U001223,2022-06-15 21:19:52,21:19:52,384841.45,online_payment,M00200,VND,success,mobile,D001556,80.165.183.156,credit_card,Kuala Lumpur,"20.137909,107.429398",68,M,2021-06-03,active,0.81,1,0,0,auto_approved,0.2363,2022
e3b10ecf-2b72-4589-bd90-9ae8dbb119f0,U000921,2022-04-29 18:02:02,18:02:02,239256.36,online_payment,M00475,VND,success,pos,D000297,12.207.67.225,bank_transfer,Da Nang,"18.675996,106.835043",35,M,2021-09-23,active,0.83,0,0,0,auto_approved,0.327,2022
0fbdb1a6-9ca9-4d46-a77d-8d1a5cf5c7ec,U000559,2022-06-16 02:12:55,02:12:55,1351965.19,cash_withdrawal,M00089,VND,failed,mobile,D001130,185.139.5.232,credit_card,Kuala Lumpur,"12.806679,102.935476",31,F,2018-04-26,active,0.91,0,0,0,auto_approved,0.2803,2022
0cd49ba8-8743-4a1f-b722-59cc4db74adf,U000799,2022-02-13 00:18:40,00:18:40,1842725.77,cash_withdrawal,M00355,VND,success,pos,D000831,147.61.245.40,bank_transfer,Hanoi,"20.156839,106.467992",63,F,2021-04-04,active,0.92,0,0,0,auto_approved,0.2855,2022
ee446f6b-b709-4a47-bf95-7ea756461a36,U001534,2022-01-30 08:26:11,08:26:11,382822.79,transfer,M00136,VND,success,mobile,D002993,59.97.125.207,mobile_wallet,Kuala Lumpur,"11.348918,105.965917",33,M,2017-04-19,active,0.86,0,0,0,auto_approved,0.3468,2022
d05e9999-82eb-4148-bb28-94765bb3b41d,U001979,2022-06-26 13:50:12,13:50:12,1331924.94,bill_payment,M00343,VND,success,mobile,D001614,238.141.51.175,debit_card,Hanoi,"8.924161,108.777028",60,M,2020-10-07,active,0.52,0,0,0,auto_approved,0.3517,2022
7bd32116-23b7-4163-b261-9a7136280c3f,U001866,2022-08-22 08:54:05,08:54:05,179111.5,cash_withdrawal,M00401,VND,success,mobile,D000360,103.201.225.45,credit_card,Singapore,"8.282016,104.541301",37,F,2016-02-04,under_review,0.89,2,1,1,pending_review,0.7796,2022
fb2530f5-693e-4ac3-8049-524d519136f7,U001114,2022-06-27 13:57:08,13:57:08,932059.64,transfer,M00176,USD,success,mobile,D000485,117.87.86.170,credit_card,Ho Chi Minh City,"13.662281,105.29842",44,M,2014-11-05,active,0.77,0,0,0,auto_approved,0.2444,2022
78097533-7520-47a5-b40b-9a249f580983,U000786,2022-04-03 13:36:15,13:36:15,513089.11,online_payment,M00131,VND,success,pos,D002739,201.220.90.87,mobile_wallet,Kuala Lumpur,"12.664051,103.884205",29,M,2021-10-13,active,0.49,1,0,0,auto_approved,0.4674,2022
e2e67a58-afe5-47da-b3df-65e9d8291b18,U001026,2022-04-27 00:14:24,00:14:24,118430.61,bill_payment,M00390,USD,success,atm,D000144,116.60.58.238,debit_card,Singapore,"11.964053,104.921018",29,M,2018-07-25,active,0.74,0,0,0,auto_approved,0.4105,2022
2ec3fc92-bcf2-4e1c-8ce0-05b77ef74862,U001203,2022-11-19 02:10:27,02:10:27,78423.99,bill_payment,M00085,USD,success,desktop,D001352,229.208.34.37,bank_transfer,Kuala Lumpur,"10.83465,108.654017",40,M,2019-05-17,active,0.99,1,0,0,auto_approved,0.261,2022
32484665-543e-43a0-b2ae-48ea3456de1f,U000673,2022-12-15 05:01:27,05:01:27,20735.23,cash_withdrawal,M00369,VND,success,mobile,D002968,161.128.106.2,mobile_wallet,Ho Chi Minh City,"16.980355,105.593252",63,F,2015-10-11,active,0.73,0,0,0,auto_approved,0.4088,2022
387c11c7-27cc-41d3-a5b2-44cc15e4d30c,U001951,2022-06-14 18:29:58,18:29:58,239106.19,bill_payment,M00064,VND,success,atm,D000215,63.197.198.63,credit_card,Da Nang,"18.230023,106.488134",55,F,2018-02-16,active,0.72,0,0,0,auto_approved,0.2124,2022
2404a563-3d1e-4a06-8583-2f70729f70fa,U001540,2022-05-30 04:35:02,04:35:02,581246.17,cash_withdrawal,M00037,USD,success,atm,D002964,164.243.190.13,debit_card,Singapore,"8.796017,107.995055",33,M,2021-10-19,active,0.55,0,0,0,auto_approved,0.1376,2022
72f193a4-ff9b-4565-a670-4bf62f07dcf5,U001171,2022-09-23 20:14:11,20:14:11,1106901.92,bill_payment,M00043,VND,success,pos,D001292,96.167.194.252,debit_card,Da Nang,"11.783564,103.50971",20,M,2016-01-19,active,0.78,0,0,0,auto_approved,0.1745,2022
096a2043-8cfa-411a-85da-b00f1330e7e2,U000111,2022-01-19 14:15:28,14:15:28,226566.25,purchase,M00087,USD,success,pos,D000260,236.114.134.114,debit_card,Hanoi,"18.173894,105.099294",34,M,2016-08-09,active,0.7,0,0,0,auto_approved,0.2562,2022
7513bce5-0153-441e-990d-9c31bca7365e,U000722,2022-09-04 15:57:37,15:57:37,62368.18,purchase,M00085,VND,success,pos,D001681,120.142.101.52,debit_card,Bangkok,"12.281083,106.127611",37,F,2021-11-16,active,0.46,0,0,0,auto_approved,0.0174,2022
8b6a5d16-7b6a-4044-987d-f6632ac55463,U000537,2022-06-04 01:13:34,01:13:34,21573.7,purchase,M00271,VND,success,atm,D000464,131.1.250.15,mobile_wallet,Singapore,"20.307228,104.038427",44,M,2020-04-08,active,0.63,0,0,0,auto_approved,0.4008,2022
5932f214-cd30-4ed0-9045-a8cebbd4b88f,U000898,2022-11-23 08:19:30,08:19:30,1319347.61,transfer,M00153,VND,success,mobile,D000885,132.177.185.8,credit_card,Da Nang,"17.121216,104.180051",26,F,2020-10-12,active,0.45,0,0,0,auto_approved,0.3651,2022
fc24cd14-1171-40bf-83e8-7ba3b145a513,U000671,2022-06-25 00:36:20,00:36:20,293328.19,online_payment,M00254,USD,pending,mobile,D000804,52.127.222.136,credit_card,Singapore,"9.699741,108.036052",22,M,2015-03-24,active,0.82,1,0,0,auto_approved,0.4446,2022
35ddf2e5-f223-41df-bca2-f31f58384bb0,U001889,2022-09-03 07:57:19,07:57:19,366218.75,cash_withdrawal,M00372,USD,success,pos,D001614,89.82.73.162,credit_card,Ho Chi Minh City,"21.238253,108.078243",59,F,2017-06-23,active,0.95,0,1,1,pending_review,0.5248,2022
10790c74-357c-48d5-a044-5ac7d8a6e6fd,U001911,2022-09-15 08:11:08,08:11:08,1460353.89,purchase,M00340,USD,success,pos,D001587,138.143.9.17,mobile_wallet,Singapore,"17.871707,105.560402",56,F,2021-08-04,active,0.77,0,0,0,auto_approved,0.3055,2022
e41db59d-b767-44df-baec-cb7cb27adb39,U000906,2022-07-12 13:35:44,13:35:44,64210.39,purchase,M00422,USD,success,atm,D001791,226.39.56.161,credit_card,Bangkok,"14.61575,107.690403",46,M,2017-06-25,active,0.5,0,0,0,auto_approved,0.0223,2022
c739a6ca-2244-4739-8e77-fc48b58b8e9c,U001256,2022-12-28 16:33:20,16:33:20,324014.43,cash_withdrawal,M00167,USD,success,atm,D000754,89.236.255.195,credit_card,Bangkok,"18.586218,106.68135",30,M,2015-05-02,active,0.86,0,0,0,auto_approved,0.1806,2022
a644309d-09e3-4fc8-8688-1f0af7fa278f,U000108,2022-03-11 11:44:39,11:44:39,499319.28,transfer,M00048,USD,success,atm,D002087,212.71.95.97,credit_card,Singapore,"11.835145,107.493419",43,F,2020-08-06,active,0.8,0,0,0,auto_approved,0.1653,2022
9aa30359-fed5-4a33-b48c-5f7a620bbfcf,U001942,2022-03-27 10:25:17,10:25:17,772435.81,online_payment,M00117,VND,success,desktop,D001752,103.150.57.210,credit_card,Hanoi,"13.591804,105.610633",57,F,2020-06-14,active,1.0,0,0,0,auto_approved,0.0115,2022
3d45116a-e127-46d1-bcab-b00b0d324cbf,U000709,2022-03-26 11:30:49,11:30:49,594824.12,bill_payment,M00495,USD,success,atm,D002534,21.118.100.232,debit_card,Bangkok,"13.163675,107.430648",60,M,2020-03-11,active,0.67,3,1,1,pending_review,0.1299,2022
304d1848-e6df-411d-876f-d627b0a9c8e9,U001397,2022-02-26 13:24:36,13:24:36,28330.91,purchase,M00255,USD,success,atm,D002908,248.22.30.67,bank_transfer,Ho Chi Minh City,"11.022655,108.637495",41,F,2020-05-13,active,0.93,1,0,0,auto_approved,0.5687,2022
f7c9f44a-f664-451b-8b3d-c74a42d21615,U000698,2022-09-11 20:30:02,20:30:02,742226.1,transfer,M00271,USD,success,pos,D000674,140.224.46.30,credit_card,Kuala Lumpur,"17.441812,106.158917",46,M,2016-05-03,active,0.98,0,0,0,auto_approved,0.445,2022
62ef7d2a-5f77-48c7-9e93-c0f1dd54c997,U000462,2022-04-18 12:10:14,12:10:14,368389.22,online_payment,M00453,VND,success,atm,D002365,150.255.224.102,mobile_wallet,Da Nang,"19.281336,108.77923",38,M,2014-10-24,active,0.48,0,0,0,auto_approved,0.4179,2022
071d9d4c-23bb-475e-b7d6-a6328c6d3b2b,U001836,2022-01-29 11:57:12,11:57:12,1072170.41,online_payment,M00020,VND,success,mobile,D002558,151.112.43.174,mobile_wallet,Da Nang,"15.080823,108.632652",45,M,2021-07-26,active,0.86,0,0,0,auto_approved,0.3704,2022
5f2b6fad-d959-4c38-9ec1-3b1b1eae5e5f,U000009,2022-11-15 15:52:31,15:52:31,3486319.02,transfer,M00192,VND,success,atm,D002894,173.79.17.92,mobile_wallet,Ho Chi Minh City,"13.717014,102.756691",48,M,2021-01-10,active,0.96,0,1,0,auto_approved,0.5809,2022
7d89c5a3-9111-424e-ab28-b7e977742702,U000611,2022-05-29 16:21:54,16:21:54,1325470.27,transfer,M00280,USD,success,desktop,D000409,253.161.8.116,bank_transfer,Ho Chi Minh City,"19.83407,104.092678",33,F,2017-01-03,active,0.46,1,0,0,auto_approved,0.3215,2022
e603e0aa-e1dc-461f-aaa1-d6225eee258f,U000262,2022-09-04 15:07:51,15:07:51,1481936.53,online_payment,M00456,VND,success,atm,D001050,250.207.171.175,mobile_wallet,Hanoi,"9.730466,102.157196",28,F,2015-03-14,active,0.76,0,0,0,auto_approved,0.1484,2022
5ce699cf-81b8-4613-ab5d-1ecc35f259a2,U000362,2022-08-05 05:24:57,05:24:57,27150.2,purchase,M00326,USD,success,desktop,D001599,95.67.96.175,debit_card,Hanoi,"16.326819,105.958639",45,M,2020-11-20,active,0.74,0,0,0,auto_approved,0.0666,2022
08a3ee61-c3a6-42fe-94aa-a250a4d7caf3,U001531,2022-05-05 08:29:53,08:29:53,1396258.31,online_payment,M00367,USD,success,desktop,D002452,31.36.231.226,bank_transfer,Bangkok,"8.381519,103.355826",18,F,2016-09-13,active,0.52,0,0,0,auto_approved,0.135,2022
253258db-45b3-4d99-99d2-fd78bd05201e,U000840,2022-07-22 04:58:56,04:58:56,881760.79,purchase,M00180,VND,success,pos,D000686,151.5.65.166,bank_transfer,Bangkok,"13.062347,102.475614",62,F,2022-01-28,active,0.81,0,0,0,auto_approved,0.0903,2022
07e3e9e3-7873-49ed-8cba-cf9b7e7ffe99,U000112,2022-05-24 07:51:16,07:51:16,2533071.53,transfer,M00264,USD,success,desktop,D000751,189.69.106.56,mobile_wallet,Bangkok,"8.635102,104.295689",51,F,2017-04-12,active,0.94,0,0,0,auto_approved,0.2229,2022
4b882fa6-c3e7-486b-ae1c-e5df932eded6,U000309,2022-11-30 09:23:34,09:23:34,44869.62,bill_payment,M00224,USD,success,desktop,D000190,54.237.132.170,mobile_wallet,Hanoi,"8.652037,105.689944",67,M,2016-09-17,active,0.94,0,0,0,auto_approved,0.0231,2022
3ef6ab26-42ed-4035-a111-dcbd47945be1,U001942,2022-10-23 04:35:51,04:35:51,1701876.12,purchase,M00453,USD,success,pos,D002366,163.154.244.8,credit_card,Kuala Lumpur,"13.376623,102.298396",36,M,2016-11-15,active,0.9,0,0,0,auto_approved,0.424,2022
42a8aee3-0f39-4958-9d84-250e97c3c02a,U001874,2022-08-14 01:07:36,01:07:36,363035.32,cash_withdrawal,M00020,VND,failed,desktop,D002634,124.66.159.57,mobile_wallet,Bangkok,"19.405968,104.749427",26,M,2018-09-06,active,0.86,0,0,0,auto_approved,0.259,2022
919bbb01-0d10-4ffd-94bc-8a38bd18c8b8,U001873,2022-02-22 17:28:21,17:28:21,101340.98,cash_withdrawal,M00193,USD,success,pos,D000645,13.242.28.248,debit_card,Bangkok,"11.551029,106.536133",68,M,2020-10-26,active,0.71,1,0,0,auto_approved,0.3922,2022
a0716e52-3460-4356-b74c-acb451639365,U001839,2022-12-13 09:04:15,09:04:15,330348.11,online_payment,M00271,VND,success,pos,D000231,104.74.251.108,credit_card,Hanoi,"15.458547,107.472401",46,M,2020-10-20,active,0.89,0,0,0,auto_approved,0.0144,2022
d9f33bde-d90e-49b3-8b33-a0c3f99bffc6,U000806,2022-12-23 12:30:42,12:30:42,575802.71,bill_payment,M00050,VND,success,atm,D002418,206.130.175.46,bank_transfer,Hanoi,"19.270172,108.269622",56,F,2019-04-24,active,0.66,0,0,0,auto_approved,0.1442,2022
d9535121-5ee5-44d4-a390-47baba93537d,U001969,2022-12-08 18:08:10,18:08:10,319468.93,bill_payment,M00154,VND,success,atm,D001416,188.95.142.174,mobile_wallet,Bangkok,"14.092978,102.484225",20,F,2019-11-24,active,0.78,0,0,0,auto_approved,0.1856,2022
bd322758-e304-4996-8cd6-c6ac7ef56546,U001943,2022-10-01 04:59:07,04:59:07,1249868.18,cash_withdrawal,M00004,USD,success,pos,D000267,101.250.71.37,credit_card,Da Nang,"11.118503,107.899263",61,F,2018-02-11,active,0.48,0,0,0,auto_approved,0.3109,2022
167b48e0-2b33-49f7-ade3-1ec90cffeea6,U001141,2022-12-10 15:34:21,15:34:21,81671.56,cash_withdrawal,M00361,VND,success,atm,D000306,230.103.194.219,mobile_wallet,Da Nang,"9.287902,108.384264",51,M,2022-03-15,active,0.68,0,1,0,auto_approved,0.2393,2022
cc26a2d4-4748-4091-bb2e-31a35ed6dde0,U001615,2022-12-04 12:17:02,12:17:02,249799.01,purchase,M00358,VND,pending,atm,D000402,177.74.14.108,credit_card,Bangkok,"21.519535,103.280253",58,M,2020-01-17,active,0.74,0,0,0,auto_approved,0.2648,2022
dc020d37-4367-4dca-aa98-a205dd094e77,U000646,2022-04-06 20:23:53,20:23:53,270403.16,online_payment,M00291,USD,pending,mobile,D001065,36.127.69.75,credit_card,Kuala Lumpur,"9.001874,105.848657",40,M,2018-12-27,active,0.95,0,0,0,auto_approved,0.1038,2022
9e0f9a0e-ef0f-456e-b532-ff46d1381442,U001410,2022-01-23 16:10:38,16:10:38,120968.25,transfer,M00394,USD,success,pos,D000743,51.193.203.188,bank_transfer,Ho Chi Minh City,"16.586984,103.743433",21,M,2016-07-13,active,0.62,0,0,0,auto_approved,0.341,2022
ba47b11c-056f-4a6d-ac7c-dc616290eaa8,U000382,2022-08-30 05:29:29,05:29:29,713896.61,transfer,M00492,VND,failed,atm,D001744,235.124.81.233,credit_card,Da Nang,"21.356122,106.833097",68,M,2019-05-27,active,0.72,0,0,0,auto_approved,0.3622,2022
34b21036-73cb-4af4-a5ab-5e2b9254c567,U000491,2022-05-20 05:42:08,05:42:08,306038.14,purchase,M00107,USD,success,pos,D002680,75.100.125.7,bank_transfer,Kuala Lumpur,"13.360836,105.7875",28,F,2018-09-28,under_review,0.72,1,0,0,auto_approved,0.2767,2022
e2c37d77-c253-4d9f-ace9-9d4fbd2e96a8,U001161,2022-12-28 07:19:52,07:19:52,146660.44,bill_payment,M00411,USD,pending,mobile,D000805,250.112.203.80,mobile_wallet,Bangkok,"15.53985,103.694882",38,M,2020-12-17,active,0.51,0,0,0,auto_approved,0.2403,2022
6b9a9173-385d-45f8-a3bb-f1c88c0a3370,U001873,2022-12-17 00:35:17,00:35:17,476756.98,transfer,M00416,USD,success,mobile,D000602,175.141.107.37,credit_card,Kuala Lumpur,"11.604803,106.418142",62,F,2022-02-18,active,0.72,0,0,0,auto_approved,0.2169,2022
010d1ef6-1a12-4f1c-8100-f237218254a1,U001883,2022-12-31 08:11:03,08:11:03,636164.43,purchase,M00078,VND,success,mobile,D001383,100.208.184.21,debit_card,Singapore,"13.921599,107.715104",28,M,2015-05-09,active,0.5,0,0,0,auto_approved,0.4478,2022
83461a7a-8ec4-4263-a38d-b2241ad20753,U000795,2022-02-07 19:47:02,19:47:02,1509640.32,purchase,M00397,USD,success,desktop,D000786,11.205.201.218,mobile_wallet,Kuala Lumpur,"12.468761,108.658598",28,F,2014-09-27,active,0.75,0,1,0,auto_approved,0.2787,2022
4d6d4a79-e1f5-41ee-a88b-b8fa0d3bc74e,U001334,2022-07-16 07:14:33,07:14:33,520173.68,bill_payment,M00491,USD,success,mobile,D001739,144.43.73.36,credit_card,Hanoi,"18.705281,108.295906",35,F,2017-10-28,active,0.96,0,0,0,auto_approved,0.4246,2022
67b72b66-f8e7-497c-bec1-99e02b526369,U001755,2022-07-17 12:40:09,12:40:09,165438.66,transfer,M00228,VND,failed,atm,D000601,85.59.61.186,bank_transfer,Hanoi,"18.354355,102.696097",47,F,2020-09-23,active,0.83,2,1,0,auto_approved,0.3029,2022
8589745b-1f13-4d36-bd37-37c45aa1851d,U001442,2022-10-12 18:40:38,18:40:38,911218.56,purchase,M00129,VND,success,mobile,D001943,83.4.68.98,mobile_wallet,Bangkok,"21.997776,105.570171",45,M,2018-09-16,active,0.46,0,0,0,auto_approved,0.3822,2022
27b8bf5d-f4d1-497c-9a2e-50e4a980f7b8,U000869,2022-05-15 16:26:00,16:26:00,979505.48,cash_withdrawal,M00294,USD,success,mobile,D000513,30.97.95.139,mobile_wallet,Singapore,"20.772933,104.258719",31,F,2020-04-16,active,0.98,1,0,0,auto_approved,0.2701,2022
a0ded068-6b9d-48c0-a04c-33f0dd8ea98b,U001194,2022-01-15 07:55:50,07:55:50,954716.1,transfer,M00460,USD,success,desktop,D001729,90.77.9.122,debit_card,Da Nang,"16.326019,107.304017",51,F,2016-02-25,active,0.58,0,0,0,auto_approved,0.4295,2022
440cc225-3afb-41b6-8b1b-e016ab648b8e,U001521,2022-02-16 23:33:52,23:33:52,656503.91,cash_withdrawal,M00127,USD,success,pos,D001977,212.181.95.246,credit_card,Ho Chi Minh City,"8.136983,105.282139",53,M,2019-09-06,active,0.71,0,0,0,auto_approved,0.0593,2022
92bdabc7-2a1b-4174-b5fd-b71920ca90cf,U000454,2022-04-21 00:53:34,00:53:34,931270.53,cash_withdrawal,M00123,VND,failed,atm,D002749,153.243.142.91,mobile_wallet,Kuala Lumpur,"13.196943,104.930502",22,F,2014-11-21,active,0.46,0,0,0,auto_approved,0.2687,2022
21a179d9-96a6-4637-a080-f549c504cdb9,U000144,2022-09-11 16:14:33,16:14:33,316145.96,bill_payment,M00317,USD,success,atm,D002892,244.86.7.55,credit_card,Bangkok,"13.603015,105.612379",48,F,2015-01-21,active,0.81,0,0,0,auto_approved,0.4386,2022
cdd6e337-f9ff-42f1-ad11-1bea1931548a,U001564,2022-04-26 17:09:51,17:09:51,904608.33,bill_payment,M00059,USD,success,atm,D002487,144.199.196.41,bank_transfer,Hanoi,"10.412189,106.973384",66,M,2019-08-16,active,0.61,0,0,0,auto_approved,0.3848,2022
b515b77d-1fdc-4fa8-b558-b7f53d2aac10,U000459,2022-01-13 14:36:59,14:36:59,2231335.06,cash_withdrawal,M00469,USD,success,mobile,D002782,207.77.102.170,mobile_wallet,Bangkok,"17.509178,104.389652",25,F,2013-12-01,active,0.75,0,0,0,auto_approved,0.4346,2022
42e34c84-9eb1-4906-aa8c-c2863e9dd7c1,U001458,2022-07-16 15:09:10,15:09:10,55853.97,transfer,M00274,VND,success,desktop,D002329,225.24.244.97,bank_transfer,Singapore,"20.018349,106.465966",39,F,2019-01-31,active,0.7,1,0,0,auto_approved,0.5383,2022
781d822d-a8ad-43db-8f63-32b3f51dd11d,U000877,2022-07-18 19:13:53,19:13:53,380703.17,cash_withdrawal,M00488,VND,success,mobile,D001725,98.37.246.104,mobile_wallet,Singapore,"12.392276,107.63003",26,F,2015-07-14,active,0.52,0,0,0,auto_approved,0.3714,2022
5cee835d-6189-4df5-8aae-4d36c1561aad,U001567,2022-02-06 15:31:37,15:31:37,195837.29,online_payment,M00063,USD,success,mobile,D000083,111.166.39.243,mobile_wallet,Bangkok,"16.610201,106.162232",45,M,2016-05-07,active,0.47,0,0,0,auto_approved,0.3471,2022
afde8933-e3a1-4cdd-bc9d-64c581360996,U001966,2022-02-17 20:05:32,20:05:32,282288.94,cash_withdrawal,M00198,VND,success,mobile,D000554,204.251.236.95,credit_card,Da Nang,"18.894296,105.942905",45,M,2019-01-13,active,0.81,0,0,0,auto_approved,0.2002,2022
8471094f-7d3b-4970-8104-0d53fc22914e,U001003,2022-01-16 08:43:59,08:43:59,610247.64,purchase,M00292,USD,success,mobile,D002675,68.193.138.151,debit_card,Singapore,"8.953178,105.124533",27,F,2014-09-24,active,0.81,0,0,0,auto_approved,0.3236,2022
a9a3f6e5-17a3-4305-ab20-89a11f7cf152,U001046,2022-02-23 11:44:18,11:44:18,740165.67,transfer,M00052,VND,success,desktop,D001216,181.33.13.101,mobile_wallet,Hanoi,"19.496833,105.399799",33,F,2015-06-19,active,0.65,0,0,0,auto_approved,0.1945,2022
0682a986-003e-46eb-a77c-1aa6963fde79,U000300,2022-03-21 01:08:39,01:08:39,1211040.95,online_payment,M00162,USD,success,atm,D001039,172.50.175.253,bank_transfer,Hanoi,"19.056459,104.850404",32,M,2015-03-30,active,0.9,0,0,0,auto_approved,0.2637,2022
a6bb703e-b641-4467-9496-5fce0d3b5f8b,U001130,2022-07-02 02:08:02,02:08:02,552197.9,purchase,M00156,VND,success,desktop,D002947,229.250.158.51,mobile_wallet,Hanoi,"20.195566,105.429918",35,M,2018-09-12,active,0.66,0,0,0,auto_approved,0.2144,2022
4c2b5e18-01da-4fd7-b029-9dd7dc2c536a,U001662,2022-01-02 09:00:46,09:00:46,2361617.3,cash_withdrawal,M00228,USD,success,atm,D000234,113.222.154.50,credit_card,Bangkok,"11.764731,104.573352",27,F,2014-01-03,active,0.57,0,0,0,auto_approved,0.3646,2022
480581e3-eb5b-4ad5-8f4e-7f9a06d0cd87,U000711,2022-04-16 16:26:55,16:26:55,123652.27,transfer,M00419,VND,success,pos,D001727,165.73.22.22,debit_card,Da Nang,"17.13674,106.693962",22,F,2014-06-25,active,0.48,0,0,0,auto_approved,0.1715,2022
df3f64c7-54b4-40ac-993d-f63dc95c7a6f,U000060,2022-03-11 05:51:55,05:51:55,1168267.64,online_payment,M00253,USD,success,mobile,D001454,231.203.206.76,credit_card,Bangkok,"8.800719,103.095081",25,F,2015-02-06,active,0.8,0,0,0,auto_approved,0.0929,2022
bcaca89e-d9bd-4a2b-81a3-cec7dcb38009,U000926,2022-11-15 18:16:19,18:16:19,2503488.12,transfer,M00151,USD,success,pos,D001585,146.130.50.99,bank_transfer,Da Nang,"15.329635,106.750819",60,M,2018-10-30,active,0.82,0,0,0,auto_approved,0.2344,2022
5fade8b6-a640-4617-944a-dfa88f9fe6a1,U001290,2022-10-20 16:31:33,16:31:33,902383.84,cash_withdrawal,M00337,USD,success,mobile,D000774,30.150.122.69,bank_transfer,Kuala Lumpur,"18.82592,108.737624",47,M,2020-10-10,active,0.57,0,0,0,auto_approved,0.3917,2022
eb615d56-3852-490d-8008-bdf0cfdde481,U001179,2022-02-10 18:35:46,18:35:46,708788.65,cash_withdrawal,M00407,USD,success,pos,D000334,79.179.223.161,mobile_wallet,Hanoi,"8.126619,104.538535",50,M,2017-02-15,active,0.9,1,0,0,auto_approved,0.4117,2022
733b3b2e-f5f6-4001-8d32-fb764abe61ad,U000967,2022-07-17 17:08:57,17:08:57,1261787.52,bill_payment,M00344,USD,success,pos,D002896,73.104.178.101,credit_card,Singapore,"15.459664,104.592886",33,M,2014-05-22,active,0.87,0,0,0,auto_approved,0.3678,2022
768bc7dd-96f4-40f8-b73f-57c2005a2d68,U001281,2022-07-23 18:12:25,18:12:25,471655.83,purchase,M00269,USD,failed,mobile,D000414,30.89.90.233,credit_card,Kuala Lumpur,"18.42915,102.031034",42,F,2015-12-19,active,0.98,0,0,0,auto_approved,0.2079,2022
1e2cda5a-77c0-40e2-9fd6-db096d246e26,U001578,2022-01-22 04:32:26,04:32:26,115308.89,bill_payment,M00144,USD,success,mobile,D001657,199.93.61.202,debit_card,Kuala Lumpur,"17.157179,107.231282",68,M,2014-06-10,active,0.84,0,0,0,auto_approved,0.0739,2022
64315382-8ff4-43af-a3f2-420d0bed98fe,U001260,2022-03-01 07:20:25,07:20:25,780516.04,bill_payment,M00035,USD,success,atm,D001948,159.234.196.175,bank_transfer,Ho Chi Minh City,"14.046615,107.67953",51,M,2021-02-01,active,0.63,1,0,0,auto_approved,0.3848,2022
170e84d9-e2b2-44eb-a7f0-7d9032774f6b,U000573,2022-10-06 09:03:23,09:03:23,177911.66,bill_payment,M00040,VND,success,mobile,D000209,61.117.105.19,debit_card,Da Nang,"16.749512,107.051556",31,F,2020-06-03,active,0.64,0,0,0,auto_approved,0.1401,2022
478b5cb8-6af0-4848-b261-490d0d9b1d34,U001537,2022-06-28 09:18:33,09:18:33,1859247.33,bill_payment,M00417,USD,success,mobile,D000182,72.219.161.92,debit_card,Hanoi,"13.658164,108.476012",36,F,2019-05-07,active,0.73,0,0,0,auto_approved,0.2196,2022
cb041eda-5d3f-42e2-b56a-7b736d571732,U001110,2022-04-08 19:14:36,19:14:36,416848.75,purchase,M00400,VND,success,atm,D000013,148.238.192.34,bank_transfer,Bangkok,"18.015575,108.593752",57,M,2015-06-26,active,0.46,0,0,0,auto_approved,0.3099,2022
2f2a91e6-cd16-46ac-ad32-a0d843477d3a,U001053,2022-08-07 01:20:09,01:20:09,6875.72,bill_payment,M00463,USD,success,desktop,D002835,139.157.73.72,mobile_wallet,Hanoi,"18.860677,108.172882",45,F,2018-07-26,active,0.62,1,0,0,auto_approved,0.1939,2022
dee6d9f0-f95f-4dfa-8bc0-9bf09657a285,U000764,2022-11-19 02:48:33,02:48:33,42326.75,online_payment,M00388,USD,success,pos,D000476,218.188.198.241,bank_transfer,Singapore,"14.284561,102.275277",61,M,2018-02-20,active,0.54,0,0,0,auto_approved,0.1185,2022
ce39e7e9-6f10-4fe7-816e-1a6444acea90,U001629,2022-05-07 13:01:11,13:01:11,1327900.18,online_payment,M00050,VND,success,desktop,D001040,163.141.202.174,credit_card,Hanoi,"15.755564,108.859709",35,M,2019-06-27,active,0.83,0,0,0,auto_approved,0.1888,2022
b9f7f8bf-a3a6-4799-b7d0-0014c20ac2d7,U000766,2022-09-07 23:37:01,23:37:01,769459.66,online_payment,M00459,USD,success,desktop,D001315,65.80.221.194,bank_transfer,Bangkok,"15.277923,108.112317",24,F,2021-11-04,active,0.81,1,0,0,auto_approved,0.3665,2022
56768840-b600-4bca-b20e-50197171f0a0,U000248,2022-03-25 07:19:09,07:19:09,830296.69,transfer,M00354,VND,success,atm,D002795,7.31.211.8,mobile_wallet,Da Nang,"9.992974,108.900914",25,M,2018-03-28,active,0.94,0,1,0,auto_approved,0.6311,2022
ed6c9618-5357-4322-9a48-96db745bb801,U001028,2022-08-21 22:35:04,22:35:04,1041163.19,purchase,M00472,VND,success,pos,D002008,205.68.91.165,credit_card,Bangkok,"19.418249,105.536129",36,M,2018-11-23,active,0.83,0,0,0,auto_approved,0.2469,2022
cd03d6e8-4437-4635-b5bb-71c6cb0a7ce5,U000776,2022-10-06 09:26:26,09:26:26,344617.05,bill_payment,M00264,USD,success,mobile,D000986,13.202.130.211,mobile_wallet,Hanoi,"19.398212,106.815625",24,M,2015-01-17,active,0.91,0,0,0,auto_approved,0.0871,2022
1206f769-e960-423d-b329-4184527f41d5,U000900,2022-07-08 17:31:25,17:31:25,1798974.12,cash_withdrawal,M00477,VND,success,pos,D000161,221.255.69.133,bank_transfer,Da Nang,"12.540732,103.637828",49,M,2019-08-10,active,0.47,0,0,0,auto_approved,0.255,2022
9ddf1feb-ea46-4ded-a179-5c84b19afd75,U001509,2022-12-21 15:55:42,15:55:42,786845.48,bill_payment,M00204,USD,success,mobile,D001007,177.102.10.211,mobile_wallet,Bangkok,"13.604458,102.603286",67,F,2021-07-05,active,0.48,2,1,1,pending_review,0.3442,2022
e6b6b5cb-3489-4773-afc4-aef39b6458d1,U001824,2022-07-24 06:12:24,06:12:24,29389.83,purchase,M00373,USD,success,atm,D000347,24.176.163.165,credit_card,Singapore,"15.953213,108.924899",27,F,2016-07-31,under_review,0.47,0,0,0,auto_approved,0.0328,2022
499eb458-59f4-4819-a2cb-eddf0290be6c,U001554,2022-01-30 05:26:57,05:26:57,1978928.43,online_payment,M00367,VND,success,mobile,D002279,56.155.218.156,debit_card,Singapore,"14.052434,103.383995",37,F,2017-02-11,active,0.65,0,0,0,auto_approved,0.1122,2022
c2f0375e-a343-4662-b918-d4010768a554,U001640,2022-07-11 08:30:28,08:30:28,373694.85,online_payment,M00128,VND,success,desktop,D000682,158.216.102.169,bank_transfer,Ho Chi Minh City,"13.822932,106.869833",60,M,2016-02-08,active,0.48,0,1,0,auto_approved,0.561,2022
8a6e938c-1693-494d-8134-394efb2cebd2,U000504,2022-08-04 06:36:47,06:36:47,1695041.27,purchase,M00473,USD,success,atm,D002773,106.238.69.243,mobile_wallet,Bangkok,"19.062704,102.839926",39,M,2019-09-07,active,0.47,0,0,0,auto_approved,0.293,2022
0e032c51-7fb8-4aa7-a0fd-be38dc00059a,U001129,2022-12-31 19:19:45,19:19:45,2009743.39,bill_payment,M00183,USD,pending,atm,D001329,250.200.94.201,credit_card,Da Nang,"14.955668,104.881855",26,M,2015-02-19,active,0.76,0,0,0,auto_approved,0.2133,2022
90a066fc-d831-4625-8055-400b5d9b7a0a,U000169,2022-01-14 10:23:05,10:23:05,265192.65,purchase,M00305,USD,success,atm,D001803,224.67.235.157,mobile_wallet,Kuala Lumpur,"10.504259,105.545818",29,F,2021-12-12,active,0.72,0,0,0,auto_approved,0.2191,2022
eef6de1d-4b37-427e-9745-a2831280ee0e,U000634,2022-09-06 16:00:36,16:00:36,25530.51,transfer,M00004,VND,success,atm,D002285,98.167.21.7,debit_card,Kuala Lumpur,"14.522478,105.79402",51,M,2021-07-04,active,0.61,0,0,0,auto_approved,0.3274,2022
1dd85ab4-3224-4c11-97a9-793fc1f1584c,U000979,2022-11-04 13:43:21,13:43:21,715584.04,transfer,M00395,VND,success,atm,D001991,170.38.147.104,debit_card,Bangkok,"11.449998,102.896892",50,M,2017-02-18,active,0.61,0,0,0,auto_approved,0.1984,2022
af6fb792-228e-4c7e-8315-52c29fe1388c,U001253,2022-03-27 14:16:19,14:16:19,358338.82,transfer,M00048,USD,success,pos,D002065,78.173.210.167,mobile_wallet,Ho Chi Minh City,"19.122564,102.157431",67,M,2021-06-20,active,0.94,0,0,0,auto_approved,0.0609,2022
d0b68752-a423-4c14-b307-92bb7165235e,U000907,2022-06-09 19:35:16,19:35:16,606411.65,bill_payment,M00058,VND,success,desktop,D002970,161.100.189.177,mobile_wallet,Ho Chi Minh City,"12.589447,106.418206",65,M,2018-10-01,active,0.97,0,0,0,auto_approved,0.1884,2022
55d8d907-c7df-4cde-9eb5-7fcd81f3ad74,U001956,2022-02-10 08:04:42,08:04:42,686613.16,online_payment,M00104,USD,success,desktop,D000040,245.49.57.22,bank_transfer,Singapore,"13.092715,105.331076",55,M,2020-06-08,active,0.76,0,0,0,auto_approved,0.2576,2022
8f4f30c2-f757-4361-a932-fe6e066e9e48,U000936,2022-02-17 08:57:46,08:57:46,501997.93,bill_payment,M00269,USD,success,atm,D001548,51.231.179.114,bank_transfer,Da Nang,"12.029015,108.113712",29,F,2020-02-05,active,0.98,0,0,0,auto_approved,0.0981,2022
ad7dfbd7-5668-43b7-84e8-1f8b19e8769c,U001726,2022-10-05 18:11:58,18:11:58,1018445.23,cash_withdrawal,M00400,USD,success,mobile,D002015,196.185.131.243,mobile_wallet,Ho Chi Minh City,"17.899507,105.302023",69,F,2019-08-28,active,0.74,0,0,0,auto_approved,0.242,2022
d5c66e9b-2589-4967-9a1c-6e7d4cfcc161,U000187,2022-06-04 12:03:25,12:03:25,187229.0,online_payment,M00153,USD,success,desktop,D001506,253.243.90.9,bank_transfer,Bangkok,"9.700428,104.413729",48,M,2019-03-12,active,0.9,0,0,0,auto_approved,0.3734,2022
a4e8d1af-0b62-4e36-8a5d-2ffc0ee761ca,U001464,2022-09-23 09:51:56,09:51:56,202291.89,online_payment,M00190,USD,success,pos,D001230,208.179.26.240,mobile_wallet,Singapore,"12.281988,108.122078",32,M,2022-02-11,active,0.65,0,0,0,auto_approved,0.0889,2022
dd487daf-c290-47c2-a9dd-fdb42b9938df,U001503,2022-03-01 04:00:04,04:00:04,694139.37,bill_payment,M00500,VND,success,desktop,D001700,91.174.142.199,debit_card,Ho Chi Minh City,"9.826326,104.016893",24,M,2018-08-17,active,0.48,0,0,0,auto_approved,0.1909,2022
9934e9b8-16d8-4f9d-93ef-e323e651e4d6,U000440,2022-12-23 16:19:39,16:19:39,126179.16,online_payment,M00170,USD,success,pos,D002218,77.75.130.92,credit_card,Kuala Lumpur,"19.499514,105.55282",40,F,2019-08-04,active,0.95,0,1,0,auto_approved,0.5433,2022
76981eb5-545d-4d52-a713-ac2dfbec1f4d,U001657,2022-07-02 03:51:44,03:51:44,1447035.12,bill_payment,M00386,VND,success,pos,D000138,230.199.99.16,credit_card,Singapore,"16.277718,107.036568",30,M,2022-04-18,active,0.91,0,0,0,auto_approved,0.1353,2022
feb2f828-7c4f-4fa6-9c53-2701fbca1dd5,U000568,2022-08-07 01:44:36,01:44:36,198070.57,purchase,M00240,VND,success,atm,D001142,68.114.159.12,bank_transfer,Singapore,"15.343857,107.366266",30,F,2016-10-19,active,0.6,0,0,0,auto_approved,0.2675,2022
17b3c885-dc3d-4d02-bc1a-85c8dcb4e51a,U001321,2022-09-04 10:20:44,10:20:44,645911.54,purchase,M00222,USD,failed,atm,D000531,107.29.140.165,mobile_wallet,Bangkok,"16.458084,107.973058",68,F,2015-04-21,active,0.74,0,0,0,auto_approved,0.1837,2022
8ba73d8d-3632-4ed9-920e-ab41309f6287,U001474,2022-11-04 22:58:08,22:58:08,786421.99,bill_payment,M00293,USD,success,pos,D001225,19.204.101.110,bank_transfer,Bangkok,"20.379948,105.579397",70,M,2017-12-20,active,0.49,0,0,0,auto_approved,0.0348,2022
9ef6768b-3ee5-4426-bb45-d37b37a9ed8c,U000416,2022-03-28 07:54:10,07:54:10,1046825.08,purchase,M00078,USD,success,atm,D001054,216.201.177.129,bank_transfer,Singapore,"11.369498,106.427108",51,F,2015-07-10,active,0.5,0,0,0,auto_approved,0.383,2022
21d6a5f7-7d7a-4e7a-83d9-9ed581cca256,U000503,2022-08-13 10:01:17,10:01:17,773205.13,cash_withdrawal,M00439,USD,success,desktop,D000197,249.176.86.69,mobile_wallet,Da Nang,"14.86706,104.990881",59,M,2021-06-22,active,0.72,0,0,0,auto_approved,0.2922,2022
8bee0552-7f94-4bae-b9b4-7c0b26ff098c,U000350,2022-01-16 01:55:31,01:55:31,192716.09,bill_payment,M00432,VND,success,atm,D002295,90.103.82.227,bank_transfer,Ho Chi Minh City,"11.763956,106.968716",27,F,2017-04-09,active,0.82,0,0,0,auto_approved,0.2993,2022
5b084ad9-bcd8-40c1-9e26-f0c41186d0d9,U001840,2022-10-24 17:52:09,17:52:09,11760.0,bill_payment,M00199,USD,success,mobile,D000258,63.74.231.158,debit_card,Bangkok,"9.105314,108.536768",24,M,2015-08-12,active,0.71,0,0,0,auto_approved,0.2235,2022
ff0c4253-c699-4f71-9081-1f2764e6bbb0,U001588,2022-04-04 02:42:14,02:42:14,930255.67,cash_withdrawal,M00168,USD,success,pos,D001914,146.97.139.186,debit_card,Kuala Lumpur,"10.652622,103.345147",59,M,2018-06-05,active,0.81,0,0,0,auto_approved,0.3765,2022
79a8965a-792c-4785-b417-9f9ce98ede45,U001436,2022-08-23 01:56:23,01:56:23,2427867.49,purchase,M00203,VND,success,desktop,D000612,90.225.45.106,mobile_wallet,Bangkok,"14.020614,104.767589",22,F,2014-11-21,active,0.72,0,0,0,auto_approved,0.0832,2022
352ab229-6afc-431c-a29b-f13a666b12f5,U000613,2022-03-14 13:36:06,13:36:06,295767.08,online_payment,M00276,VND,success,pos,D001499,37.5.253.176,bank_transfer,Singapore,"20.295911,107.230224",40,F,2018-04-30,active,0.88,0,0,0,auto_approved,0.2076,2022
163c5e03-a43f-4a83-b649-e15d75f5a782,U000165,2022-09-13 09:01:51,09:01:51,63673.42,online_payment,M00322,VND,success,mobile,D000795,235.26.220.231,debit_card,Bangkok,"8.553896,106.668969",40,F,2021-01-20,active,0.59,0,0,0,auto_approved,0.3977,2022
35e1a40e-8e57-46d9-99b4-5cff911509bc,U000394,2022-05-18 23:36:34,23:36:34,359579.21,bill_payment,M00042,VND,success,mobile,D000341,217.152.97.163,bank_transfer,Ho Chi Minh City,"13.002927,108.134853",21,F,2020-03-31,active,0.72,0,0,0,auto_approved,0.3082,2022
e3393814-3239-4599-a9e2-bee79be8f8d2,U000187,2022-07-18 17:46:45,17:46:45,134899.17,online_payment,M00423,VND,success,pos,D000363,10.236.27.198,bank_transfer,Ho Chi Minh City,"14.881932,103.931026",34,F,2019-03-19,active,0.55,0,0,0,auto_approved,0.1256,2022
2a5f7449-6e40-4c4b-8735-ddfca2e21492,U001308,2022-04-03 09:55:52,09:55:52,130793.43,cash_withdrawal,M00317,USD,failed,atm,D002429,203.200.62.51,bank_transfer,Ho Chi Minh City,"10.068701,108.944334",64,M,2019-10-11,active,0.57,0,0,0,auto_approved,0.3801,2022
dee77563-6b33-4a77-a001-97508168fa06,U000844,2022-04-04 21:16:31,21:16:31,497343.03,transfer,M00281,USD,success,desktop,D000765,87.200.131.98,credit_card,Singapore,"16.059473,108.129699",21,F,2019-08-06,active,0.79,0,0,0,auto_approved,0.3628,2022
60cb307a-7b02-45fe-a32f-3220705ddf4c,U000650,2022-04-17 03:24:40,03:24:40,1561977.17,transfer,M00090,USD,success,atm,D000462,65.6.174.61,bank_transfer,Singapore,"19.486605,106.32054",26,F,2017-10-06,active,0.72,1,0,0,auto_approved,0.5317,2022
65b0815e-91b9-4137-83ba-d70f42c44c44,U000173,2022-05-28 19:14:00,19:14:00,169912.37,online_payment,M00460,USD,success,pos,D000655,30.2.131.211,bank_transfer,Ho Chi Minh City,"10.415089,107.683842",25,F,2020-07-27,active,0.73,0,0,0,auto_approved,0.3696,2022
c710b7a6-9217-4042-a224-561d3c0e6cff,U001556,2022-11-12 07:13:27,07:13:27,794874.94,bill_payment,M00198,USD,success,pos,D001534,168.144.88.26,mobile_wallet,Da Nang,"15.64361,103.559718",22,F,2021-07-29,active,0.87,0,0,0,auto_approved,0.0335,2022
6cf2c53d-b118-453f-b29a-3dc6585d0912,U001008,2022-07-19 07:37:58,07:37:58,838531.66,online_payment,M00436,VND,success,desktop,D000988,208.117.61.92,credit_card,Hanoi,"18.863489,108.076608",45,F,2014-10-20,active,0.82,0,0,0,auto_approved,0.3654,2022
3177495f-202d-4694-8039-5a0c1b244299,U001034,2022-10-27 08:41:50,08:41:50,533966.72,online_payment,M00381,USD,failed,atm,D002435,75.109.199.190,debit_card,Kuala Lumpur,"15.14794,104.802888",32,M,2016-11-11,active,0.95,0,0,0,auto_approved,0.1717,2022
a261f6f8-6d98-4cc0-87c1-3a1c62f797a4,U001595,2022-03-22 11:33:11,11:33:11,575337.11,bill_payment,M00081,USD,success,pos,D002926,62.195.138.133,mobile_wallet,Hanoi,"9.589981,104.768141",30,F,2020-05-17,active,0.8,0,0,0,auto_approved,0.1788,2022
e3df3f06-8142-4cce-aa36-e87d4cdc42ac,U001580,2022-03-10 13:42:05,13:42:05,1012103.28,purchase,M00026,VND,pending,atm,D001564,234.139.13.250,mobile_wallet,Bangkok,"18.942097,103.249643",24,F,2014-11-10,active,0.72,0,0,0,auto_approved,0.4244,2022
862805a2-4d19-478c-8c5e-a45ac53af0a2,U001793,2022-09-13 15:48:53,15:48:53,641520.37,purchase,M00374,VND,success,mobile,D002950,19.203.132.126,credit_card,Singapore,"11.28792,104.082828",49,F,2018-08-01,active,0.94,0,1,1,pending_review,0.6071,2022
ec222f12-4ba0-46ef-b8a0-6167754ac3b1,U001280,2022-10-16 22:54:15,22:54:15,13184.01,transfer,M00169,USD,success,mobile,D002713,56.249.124.194,mobile_wallet,Singapore,"18.83334,105.359421",21,F,2017-07-29,active,0.69,0,0,0,auto_approved,0.4339,2022
f67e7c5e-08d8-4c2e-a27e-2356edcb450a,U001399,2022-12-23 12:44:48,12:44:48,89246.33,online_payment,M00127,VND,success,atm,D000428,172.132.103.69,debit_card,Hanoi,"18.741695,105.907803",42,M,2022-06-09,active,0.87,0,0,0,auto_approved,0.2045,2022
ce5ea4e9-1e95-4fd0-b49a-e9ea21f166ac,U001094,2022-01-01 17:55:29,17:55:29,674614.86,bill_payment,M00145,VND,success,desktop,D001079,220.51.20.42,debit_card,Bangkok,"13.491999,105.853905",21,M,2021-03-31,active,0.98,0,0,0,auto_approved,0.0541,2022
9255edb1-d70b-4ef3-8b71-67e4f3c22d77,U000589,2022-12-03 06:12:42,06:12:42,907229.88,cash_withdrawal,M00418,VND,success,pos,D001884,177.7.244.43,mobile_wallet,Bangkok,"19.641538,107.081741",60,M,2014-11-21,active,0.53,0,0,0,auto_approved,0.1217,2022
0d8a947e-a14c-4cc0-b9fd-cfa918b85d1e,U000464,2022-11-17 22:21:45,22:21:45,381636.24,purchase,M00438,USD,success,mobile,D002710,156.199.90.17,credit_card,Ho Chi Minh City,"15.284576,104.18256",62,M,2018-08-07,under_review,0.47,0,0,0,auto_approved,0.3038,2022
e9fd5b32-38b2-424c-be56-2b40e7b0d102,U001245,2022-10-30 01:00:56,01:00:56,374632.52,online_payment,M00096,USD,success,atm,D002325,122.19.132.16,bank_transfer,Ho Chi Minh City,"15.908627,107.329155",18,F,2015-09-12,active,0.49,0,0,0,auto_approved,0.2487,2022
df4274be-1856-4bd8-8aa7-9c03979425ae,U001464,2022-05-16 07:29:15,07:29:15,2486311.2,transfer,M00263,USD,pending,pos,D001394,75.57.186.151,debit_card,Ho Chi Minh City,"12.82478,104.692471",45,F,2020-12-02,active,0.45,1,0,0,auto_approved,0.2066,2022
b165da6a-1644-43bd-8172-67a71fe269f8,U001194,2022-09-07 19:20:43,19:20:43,301547.75,cash_withdrawal,M00180,USD,success,desktop,D001856,72.20.90.167,debit_card,Kuala Lumpur,"10.745935,103.297997",37,F,2019-10-01,active,0.86,0,0,0,auto_approved,0.1326,2022
1fd8e517-1f90-4a94-b184-27ae11d671a4,U000922,2022-05-14 09:40:23,09:40:23,382021.2,bill_payment,M00367,VND,success,pos,D000316,72.74.240.124,credit_card,Bangkok,"19.420131,107.884678",40,M,2020-03-29,active,0.77,0,0,0,auto_approved,0.3203,2022
92b95989-24bd-4eb0-8f48-d976f3e7c364,U000371,2022-02-16 04:59:11,04:59:11,299293.9,transfer,M00374,VND,success,desktop,D001238,81.252.36.112,mobile_wallet,Kuala Lumpur,"17.497748,107.076848",43,M,2017-04-23,blocked,0.74,0,0,0,auto_approved,0.4201,2022
9ecf0dd8-6ce7-4a7a-b2b1-22c05d8bf165,U000168,2022-05-08 08:39:56,08:39:56,220865.61,cash_withdrawal,M00430,VND,success,mobile,D002339,41.150.51.25,bank_transfer,Kuala Lumpur,"12.7545,102.653564",49,F,2020-04-05,active,0.7,0,1,0,auto_approved,0.4278,2022
844b56e5-3809-4088-be4d-8589f15f7598,U000357,2022-03-02 16:42:56,16:42:56,2344160.13,purchase,M00115,USD,success,mobile,D001655,21.136.227.251,mobile_wallet,Hanoi,"20.735009,106.880963",60,F,2016-09-19,active,0.89,0,0,0,auto_approved,0.0143,2022
c84bdd19-d40f-48c8-9518-00e7b139dba6,U001778,2022-05-23 18:14:08,18:14:08,945780.31,purchase,M00361,VND,success,mobile,D001258,159.9.29.254,mobile_wallet,Hanoi,"18.552289,102.678195",37,M,2016-05-07,active,0.73,0,0,0,auto_approved,0.0754,2022
ad39b651-e75a-4eac-b1a0-2b6ea13ebee5,U000333,2022-10-20 09:07:32,09:07:32,1613724.64,bill_payment,M00093,USD,success,atm,D000618,84.255.225.61,bank_transfer,Kuala Lumpur,"10.901354,103.196297",45,M,2017-08-06,active,0.63,0,0,0,auto_approved,0.1967,2022
f7487c24-84b1-4541-8542-231df1915a0f,U001560,2022-11-29 02:35:53,02:35:53,743636.98,cash_withdrawal,M00224,USD,success,pos,D001613,20.61.23.220,bank_transfer,Kuala Lumpur,"16.996624,105.347269",54,F,2020-03-13,active,0.51,0,0,0,auto_approved,0.3772,2022
efc40832-c534-4d77-b27c-1516df2b4fc6,U001020,2022-09-10 07:57:48,07:57:48,1871545.99,transfer,M00155,USD,success,pos,D002810,113.119.137.59,mobile_wallet,Da Nang,"9.992193,104.061413",58,F,2017-11-09,active,0.54,1,0,0,auto_approved,0.4974,2022
efda4784-5e3c-47e7-9be9-79dfce5123ad,U000267,2022-04-03 03:38:34,03:38:34,621768.24,cash_withdrawal,M00205,USD,success,pos,D001221,45.203.243.151,bank_transfer,Bangkok,"11.357939,103.824387",28,F,2022-03-03,active,0.59,0,0,0,auto_approved,0.3169,2022
a95abe14-c571-41f4-b794-04a7b4a326e7,U001343,2022-09-14 04:33:55,04:33:55,68623.85,purchase,M00116,USD,success,desktop,D002644,130.227.227.14,debit_card,Kuala Lumpur,"12.275103,102.78147",41,F,2019-03-08,active,0.62,0,0,0,auto_approved,0.1167,2022
2dab3642-1414-42c9-a1f0-f91aabd9fb8b,U001642,2022-04-03 00:19:14,00:19:14,842256.09,bill_payment,M00123,USD,success,desktop,D001276,39.199.9.216,bank_transfer,Ho Chi Minh City,"13.909584,104.949529",30,M,2014-12-21,active,0.82,0,0,0,auto_approved,0.0743,2022
b7a78683-9351-4c36-8f75-5a8d79c28a7c,U000085,2022-04-11 02:32:27,02:32:27,298666.27,transfer,M00144,VND,success,mobile,D000952,108.10.84.87,credit_card,Kuala Lumpur,"19.516161,106.317049",35,F,2018-09-08,active,0.51,0,0,0,auto_approved,0.2746,2022
09ad6f05-55c4-4b1f-a92f-27762e6f272d,U000773,2022-08-30 00:37:46,00:37:46,542450.89,cash_withdrawal,M00132,USD,success,desktop,D002887,36.232.204.224,mobile_wallet,Ho Chi Minh City,"9.283266,103.433165",30,M,2019-12-16,active,0.94,0,0,0,auto_approved,0.381,2022
2635cce8-226e-422d-a59d-6ade6459da7b,U001885,2022-06-05 21:43:54,21:43:54,142490.07,transfer,M00274,VND,success,atm,D000710,219.98.149.111,bank_transfer,Da Nang,"12.557979,105.258374",56,F,2014-11-11,active,0.48,0,0,0,auto_approved,0.4207,2022
9404bcc0-b7ac-4f7f-a662-59d367f8b395,U001515,2022-05-12 19:12:09,19:12:09,19435.12,cash_withdrawal,M00500,VND,success,mobile,D002464,171.159.213.235,debit_card,Bangkok,"14.600847,108.92553",35,M,2017-08-09,active,0.96,0,0,0,auto_approved,0.4445,2022
e7d9fd5c-d5e5-4871-91ee-ed149d387615,U000054,2022-11-07 08:25:40,08:25:40,641885.35,transfer,M00495,VND,success,mobile,D000029,220.67.90.129,debit_card,Singapore,"17.187382,106.487435",48,M,2015-03-24,active,0.75,0,0,0,auto_approved,0.3362,2022
97f32d36-476a-4e51-b758-d52b3c0676b9,U000286,2022-08-02 22:29:56,22:29:56,426889.8,purchase,M00204,VND,success,desktop,D000158,202.117.109.147,credit_card,Singapore,"15.517122,106.829504",65,M,2021-10-22,active,0.52,0,0,0,auto_approved,0.3165,2022
3bd0eb42-3fdb-4993-98a8-eff6df9d44b4,U000976,2022-11-23 07:11:05,07:11:05,926676.28,online_payment,M00147,USD,success,mobile,D002300,108.0.37.200,debit_card,Da Nang,"13.018502,107.67594",43,F,2020-05-13,active,0.65,0,0,0,auto_approved,0.3011,2022
59d4ff6b-e216-415c-81b1-2bbde6db54f8,U000502,2022-10-14 15:39:55,15:39:55,501590.1,online_payment,M00158,USD,success,desktop,D000630,10.36.130.99,bank_transfer,Da Nang,"17.153556,105.808022",65,M,2017-08-02,active,0.97,1,1,1,pending_review,0.6386,2022
4b1702e9-173e-423a-b7df-343ba42f70e0,U000363,2022-11-02 11:27:36,11:27:36,13167.65,online_payment,M00185,USD,success,mobile,D000888,7.144.240.157,credit_card,Singapore,"8.629722,104.520122",58,F,2017-09-22,under_review,0.46,0,0,0,auto_approved,0.2616,2022
4c6265d9-db7a-4775-b90c-4d514030c952,U001183,2022-11-29 02:04:27,02:04:27,65202.94,transfer,M00130,USD,success,desktop,D000678,159.51.11.48,bank_transfer,Bangkok,"16.433093,108.245562",54,M,2017-12-22,active,0.63,0,0,0,auto_approved,0.3012,2022
947f5d36-4c85-463a-b5fb-b322099898c5,U001929,2022-03-12 17:27:32,17:27:32,1654322.33,transfer,M00054,USD,success,mobile,D001324,123.168.200.93,credit_card,Ho Chi Minh City,"21.386649,106.477596",33,M,2014-08-08,active,0.49,0,0,0,auto_approved,0.0537,2022
4f082f67-b339-4ba3-a696-bfca7682ca9b,U001758,2022-01-29 21:52:13,21:52:13,610095.92,cash_withdrawal,M00061,VND,success,desktop,D001041,111.1.31.182,bank_transfer,Singapore,"10.459375,104.601693",43,M,2016-04-20,active,0.7,0,0,0,auto_approved,0.3726,2022
a562edf6-b05b-48e0-bdd5-308fea7175e3,U001555,2022-12-21 02:56:40,02:56:40,238843.76,purchase,M00026,USD,success,pos,D001325,152.173.59.234,debit_card,Hanoi,"12.064161,108.755301",35,M,2019-07-13,active,0.76,0,0,0,auto_approved,0.2538,2022
c8aa7d1d-2567-41b5-9522-17d6c01ad284,U000335,2022-11-27 03:54:33,03:54:33,161586.5,transfer,M00303,USD,success,atm,D001179,220.11.59.187,credit_card,Da Nang,"17.404803,106.015298",40,M,2015-11-27,under_review,0.7,0,0,0,auto_approved,0.1675,2022
e410afc9-0dda-40e4-b2f4-2a31c88595bc,U000060,2022-10-01 04:29:54,04:29:54,129334.59,bill_payment,M00474,VND,success,atm,D002142,112.2.219.162,bank_transfer,Singapore,"20.437008,107.317778",55,F,2020-05-12,blocked,0.89,0,1,1,pending_review,0.4673,2022
15100ee7-42b3-4fa9-8108-e83e1657a5c6,U001168,2022-01-26 10:36:20,10:36:20,92362.23,online_payment,M00091,VND,success,mobile,D001735,239.226.110.158,bank_transfer,Bangkok,"15.213901,108.531216",53,M,2017-03-15,active,0.58,0,1,0,auto_approved,0.3903,2022
16d33917-61e8-432a-ac13-5f4ff5a3b552,U001244,2022-01-20 22:06:04,22:06:04,142811.61,online_payment,M00267,VND,success,desktop,D002645,245.232.137.201,debit_card,Ho Chi Minh City,"11.78835,102.480522",35,M,2014-03-29,active,0.79,1,0,0,auto_approved,0.524,2022
cbe5a49e-8c39-435c-aa27-b0be411eae97,U001064,2022-08-28 02:00:38,02:00:38,640161.82,cash_withdrawal,M00078,VND,success,desktop,D002984,66.204.113.189,mobile_wallet,Kuala Lumpur,"15.820708,103.056159",67,F,2017-06-24,blocked,0.5,0,0,0,auto_approved,0.447,2022
46ed395f-2ccd-4db8-a3e2-8f3c1d21d6a3,U001192,2022-10-13 08:36:13,08:36:13,710877.2,bill_payment,M00476,VND,success,atm,D001968,147.4.251.208,bank_transfer,Ho Chi Minh City,"19.097035,106.426735",24,F,2018-08-07,active,0.98,0,0,0,auto_approved,0.1974,2022
a0a9be31-21ca-487c-8c70-33becd2dc469,U001340,2022-07-12 19:09:13,19:09:13,125635.21,transfer,M00258,VND,success,mobile,D001954,46.24.137.10,bank_transfer,Singapore,"20.642437,102.453573",50,M,2019-07-27,active,0.51,0,0,0,auto_approved,0.3537,2022
5e7d4fda-1329-49a0-bf1d-4e2a0feee5ba,U000754,2022-07-04 13:42:16,13:42:16,337687.73,transfer,M00262,VND,success,pos,D000554,111.3.142.34,bank_transfer,Hanoi,"8.389336,102.094764",29,M,2018-03-16,active,0.63,0,0,0,auto_approved,0.3708,2022
1e17eebc-bfe1-4309-b443-0335598c16b9,U000263,2022-02-27 22:08:16,22:08:16,2544252.82,purchase,M00190,VND,success,desktop,D001751,128.193.12.60,mobile_wallet,Da Nang,"20.545103,104.871308",53,M,2014-07-29,under_review,0.73,2,1,1,pending_review,0.2311,2022
58d07db0-a325-4a29-a5b9-647206ec53e1,U000692,2022-12-18 16:55:24,16:55:24,208672.85,online_payment,M00148,VND,success,pos,D000706,166.19.231.167,bank_transfer,Bangkok,"8.744756,103.517048",47,F,2017-08-29,active,0.93,0,0,0,auto_approved,0.2839,2022
c830edb6-3e7b-4f79-af39-a2e4a6af990e,U000216,2022-11-24 15:06:36,15:06:36,604804.03,cash_withdrawal,M00313,VND,success,atm,D001982,241.252.222.16,debit_card,Bangkok,"11.621429,107.688214",65,F,2016-11-20,active,0.57,1,0,0,auto_approved,0.1291,2022
46789128-fca4-4f79-9472-955e7f2477a4,U001778,2022-11-08 20:03:15,20:03:15,719645.65,bill_payment,M00436,VND,success,mobile,D002603,99.126.232.95,debit_card,Hanoi,"17.864731,104.150798",45,M,2019-02-02,active,0.77,1,0,0,auto_approved,0.5464,2022
deb5c436-0515-4622-8a15-c254f4b56a1a,U000717,2022-09-18 00:49:44,00:49:44,755440.49,purchase,M00403,USD,success,desktop,D001131,3.56.147.155,credit_card,Ho Chi Minh City,"18.729742,105.491739",32,F,2018-12-15,active,0.49,1,0,0,auto_approved,0.5631,2022
ee331bae-3147-4d96-a6f6-40d412292a30,U001824,2022-03-18 05:48:47,05:48:47,324244.05,purchase,M00057,VND,success,atm,D001086,64.179.15.214,mobile_wallet,Kuala Lumpur,"15.0463,102.613455",24,M,2014-11-18,active,0.63,0,1,0,auto_approved,0.5139,2022
b96c0463-25da-4d41-9de3-cc6d7bce52e6,U000994,2022-08-09 23:32:40,23:32:40,1369657.76,transfer,M00007,USD,success,pos,D000998,141.246.174.120,mobile_wallet,Bangkok,"17.877019,108.40819",51,F,2020-10-16,active,0.92,0,0,0,auto_approved,0.2396,2022
d459ce7e-26c8-4210-933f-589f6d5442cb,U001601,2022-11-16 18:03:00,18:03:00,46628.04,cash_withdrawal,M00037,VND,success,mobile,D002466,65.95.147.13,mobile_wallet,Hanoi,"11.049123,105.276989",31,M,2020-10-04,active,0.72,0,0,0,auto_approved,0.2296,2022
1110b244-f9d6-4e2d-b53a-80f1c520311a,U001381,2022-01-07 01:02:30,01:02:30,42499.47,bill_payment,M00046,VND,success,pos,D001821,16.146.121.45,mobile_wallet,Bangkok,"17.74161,105.194689",49,M,2015-02-04,active,0.46,0,0,0,auto_approved,0.3644,2022
4ea0d29f-8b21-46a9-814a-6d3cdc09e0b9,U000996,2022-04-20 10:00:40,10:00:40,1700710.04,cash_withdrawal,M00208,USD,success,desktop,D000093,234.38.196.108,credit_card,Ho Chi Minh City,"14.439141,108.763466",45,M,2015-05-05,active,0.76,1,0,0,auto_approved,0.4702,2022
e15e7950-1b84-4ba1-aaca-c05e428d7659,U000319,2022-01-02 16:32:56,16:32:56,67650.15,online_payment,M00389,VND,success,atm,D001020,204.26.131.86,credit_card,Singapore,"15.136395,102.605807",37,M,2015-04-28,active,1.0,0,0,0,auto_approved,0.1831,2022
b4ecd3ad-7697-4ee4-9db8-36aa87423509,U001996,2022-08-27 21:47:53,21:47:53,663337.62,bill_payment,M00314,VND,success,pos,D000414,41.201.117.166,credit_card,Bangkok,"19.844272,106.871461",37,F,2018-05-13,active,0.83,0,0,0,auto_approved,0.3196,2022
e74ce54e-0c19-41c8-b6fd-279fe5fe3ad8,U000137,2022-09-06 12:44:20,12:44:20,236046.76,transfer,M00228,USD,success,mobile,D001068,18.2.78.133,credit_card,Hanoi,"8.454731,107.25292",40,F,2018-07-07,active,0.87,0,0,0,auto_approved,0.1261,2022
2156cba3-482d-45d1-8eff-ba336eb2df1d,U001918,2022-03-21 04:49:32,04:49:32,1641273.59,cash_withdrawal,M00315,VND,success,pos,D001672,11.126.174.197,debit_card,Kuala Lumpur,"15.665035,107.875206",40,F,2018-12-19,active,1.0,0,0,0,auto_approved,0.0356,2022
1eea7d27-32ab-4f83-9cd8-b665ff5688aa,U000554,2022-05-06 15:09:39,15:09:39,82853.69,online_payment,M00103,VND,success,mobile,D002865,197.35.185.202,credit_card,Ho Chi Minh City,"15.299656,107.307033",37,F,2018-02-08,active,0.5,0,0,0,auto_approved,0.0237,2022
14e01b92-7144-41ac-8420-e366c88c5f42,U001064,2022-11-01 03:00:14,03:00:14,81759.52,transfer,M00257,VND,success,atm,D000797,229.140.65.187,bank_transfer,Kuala Lumpur,"19.372413,105.682003",19,M,2020-05-21,active,0.94,0,0,0,auto_approved,0.2549,2022
750adead-3668-4b70-a0be-1dd22218824b,U001545,2022-09-20 06:19:17,06:19:17,77513.77,cash_withdrawal,M00442,USD,success,mobile,D002317,96.116.244.149,bank_transfer,Hanoi,"16.28232,103.493949",39,F,2020-03-18,active,0.61,1,0,0,auto_approved,0.2872,2022
4112e966-183c-4fd1-938f-24d415926cab,U000978,2022-02-27 01:45:34,01:45:34,9497.69,bill_payment,M00103,USD,pending,mobile,D001448,228.109.206.242,credit_card,Singapore,"11.485456,107.164792",26,F,2018-09-02,active,0.67,0,0,0,auto_approved,0.0642,2022
c6dc54a9-c070-434f-b03b-dd7137fb29d6,U001798,2022-08-12 06:25:28,06:25:28,183481.52,purchase,M00486,VND,success,pos,D002972,202.72.231.179,mobile_wallet,Da Nang,"16.81928,102.977234",52,M,2019-12-03,active,0.61,0,0,0,auto_approved,0.3178,2022
f9dd1e29-7034-4645-94f1-9faf53e7489e,U000405,2022-07-28 19:13:31,19:13:31,610541.35,transfer,M00194,USD,success,pos,D001866,89.239.60.139,bank_transfer,Da Nang,"11.029211,106.688279",37,F,2016-04-06,active,0.92,1,1,0,auto_approved,0.551,2022
9d4672dd-bb74-4783-8ca8-cde4a1af436b,U001615,2022-06-29 18:02:33,18:02:33,753557.41,transfer,M00206,VND,success,atm,D002137,117.186.138.174,credit_card,Singapore,"19.041768,108.75736",51,M,2016-08-11,active,0.63,0,0,0,auto_approved,0.4461,2022
936125b5-124f-4422-ab0e-dec7ce252db6,U000892,2022-11-04 22:08:05,22:08:05,409216.74,online_payment,M00061,VND,success,desktop,D002651,10.223.5.183,debit_card,Kuala Lumpur,"12.139647,105.434487",63,M,2021-09-05,active,0.64,1,0,0,auto_approved,0.5983,2022
ba640156-68ac-4817-ba81-7badbdc0071c,U000624,2022-11-29 05:21:34,05:21:34,2456219.12,purchase,M00297,USD,success,mobile,D000411,3.219.88.83,mobile_wallet,Singapore,"9.299206,104.091201",35,F,2017-08-01,active,0.58,0,0,0,auto_approved,0.3127,2022
4b3360fb-d6e4-4171-94fe-41cabe23e92e,U001601,2022-05-31 03:16:16,03:16:16,217441.83,bill_payment,M00201,USD,success,pos,D000079,151.239.114.158,credit_card,Bangkok,"13.526743,107.208508",61,F,2018-06-11,active,0.7,0,0,0,auto_approved,0.3958,2022
2bc62cff-91df-4afa-8eb4-6ca68d31292e,U001869,2022-07-12 11:47:19,11:47:19,818634.01,purchase,M00091,USD,success,mobile,D000385,75.131.0.185,debit_card,Singapore,"16.31148,102.677493",21,M,2016-06-06,active,0.64,0,0,0,auto_approved,0.3401,2022
0590d570-c118-4308-a6ca-487e82c16f98,U001647,2022-07-08 14:58:53,14:58:53,367748.69,transfer,M00084,VND,success,desktop,D000835,64.116.217.226,mobile_wallet,Bangkok,"21.900503,105.865132",37,M,2014-08-18,blocked,0.83,0,0,0,auto_approved,0.4105,2022
4a05943b-1859-4880-8a05-f06abefa136e,U000945,2022-04-03 13:16:17,13:16:17,313335.58,bill_payment,M00458,VND,failed,desktop,D002909,72.75.218.148,mobile_wallet,Da Nang,"8.948966,102.402409",44,F,2021-08-01,active,0.46,0,0,0,auto_approved,0.3424,2022
cc4d06ea-af5e-4806-9b46-2724277bc964,U000755,2022-12-30 17:17:53,17:17:53,2017002.41,bill_payment,M00393,VND,success,mobile,D001203,107.51.193.2,credit_card,Ho Chi Minh City,"13.171993,103.626476",27,M,2018-09-08,active,0.96,0,0,0,auto_approved,0.2134,2022
07f8057a-54d9-4f4e-bfc0-33313ce097ad,U000616,2022-01-08 02:41:51,02:41:51,2124492.4,online_payment,M00279,USD,success,pos,D002686,19.207.68.136,credit_card,Singapore,"10.246087,108.904038",52,F,2018-06-07,active,0.6,0,0,0,auto_approved,0.2574,2022
135faa2e-a841-4d0d-b366-939bdf4a5114,U000920,2022-12-10 17:41:30,17:41:30,567410.11,bill_payment,M00274,VND,success,atm,D002743,221.101.235.40,bank_transfer,Hanoi,"9.758578,103.018124",60,F,2020-07-30,active,0.94,0,0,0,auto_approved,0.2799,2022
da52e353-e562-4f65-aa9a-b00f481273b3,U000289,2022-02-06 13:03:44,13:03:44,1034551.32,bill_payment,M00274,VND,success,pos,D000397,52.45.229.168,credit_card,Hanoi,"19.785606,108.791887",64,F,2016-12-19,active,0.71,0,0,0,auto_approved,0.3973,2022
b06492c5-7aa6-426d-8c07-6dafb8ea8ca7,U001242,2022-07-28 22:14:03,22:14:03,229967.65,transfer,M00058,VND,success,mobile,D000253,190.251.69.92,credit_card,Ho Chi Minh City,"15.861132,107.591706",58,M,2018-04-12,active,0.86,0,0,0,auto_approved,0.2776,2022
d312abf5-3dec-4e0a-bcf3-697ea9c77445,U000675,2022-01-17 07:40:53,07:40:53,1010840.15,purchase,M00397,VND,success,desktop,D001979,61.115.161.102,mobile_wallet,Ho Chi Minh City,"21.566108,108.685445",24,F,2021-08-04,active,0.96,2,1,1,pending_review,0.5442,2022
2d46aef7-0976-41db-b966-5479228119b3,U001669,2022-10-24 17:14:06,17:14:06,214482.67,bill_payment,M00114,USD,success,atm,D002923,196.168.92.130,bank_transfer,Bangkok,"20.5439,105.409055",31,M,2022-07-26,active,0.8,0,1,0,auto_approved,0.5753,2022
3526ecc4-69da-4314-b513-9496583019f2,U001663,2022-12-21 10:26:59,10:26:59,157096.85,online_payment,M00005,USD,success,pos,D001638,228.135.247.150,credit_card,Singapore,"19.597186,107.906212",59,M,2016-01-14,active,0.52,0,0,0,auto_approved,0.294,2022
2d25d2a8-ec18-4aa8-a89c-a5e43a6b6bd0,U001952,2022-01-18 07:46:55,07:46:55,33005.5,online_payment,M00174,USD,success,atm,D002851,88.167.202.28,bank_transfer,Kuala Lumpur,"8.713498,108.616361",45,M,2016-07-19,active,0.72,2,1,0,auto_approved,0.1222,2022
ed1627e6-8da9-45eb-84de-3e4e760be469,U000622,2022-11-24 22:09:07,22:09:07,1040674.21,online_payment,M00113,VND,success,desktop,D000910,174.235.148.147,debit_card,Ho Chi Minh City,"17.814022,107.792253",38,F,2018-03-18,active,0.68,0,1,0,auto_approved,0.2882,2022
39ccc868-21f0-4808-894e-ed832dc2c920,U001185,2022-01-11 23:37:37,23:37:37,83872.5,transfer,M00095,USD,success,atm,D000592,71.235.103.232,credit_card,Bangkok,"12.294608,105.645931",55,M,2018-10-09,active,0.8,0,0,0,auto_approved,0.0998,2022
ab913caf-8223-4be7-9407-b9a3e7e40c10,U000583,2022-10-04 14:30:10,14:30:10,92630.35,transfer,M00337,USD,success,pos,D001768,176.100.193.129,credit_card,Kuala Lumpur,"12.129896,108.645462",64,M,2017-06-04,active,0.87,0,0,0,auto_approved,0.3552,2022
56dcd7cc-7e83-42c9-aa38-3912429eda5a,U001503,2022-02-18 01:28:29,01:28:29,94317.81,purchase,M00499,VND,success,desktop,D001319,20.202.14.229,mobile_wallet,Ho Chi Minh City,"20.544777,103.445672",56,F,2017-12-07,active,0.67,0,0,0,auto_approved,0.0298,2022
fc726c0e-fb2c-4e4a-9a89-98a34d03e55e,U000643,2022-12-17 00:32:15,00:32:15,823914.56,transfer,M00462,USD,success,atm,D002739,79.246.70.184,credit_card,Kuala Lumpur,"21.59255,102.831339",65,F,2015-12-27,active,0.98,0,0,0,auto_approved,0.3373,2022
0bfb4b0a-bc76-4227-b0c6-a9f759920bf4,U000055,2022-04-30 03:18:59,03:18:59,16089.89,bill_payment,M00073,VND,success,pos,D001319,122.126.211.147,bank_transfer,Ho Chi Minh City,"17.496006,102.028565",46,M,2016-03-29,active,0.97,0,1,1,pending_review,0.4392,2022
9fd4112e-b0c2-48d0-8834-9df0aec1abfe,U001221,2022-02-13 16:26:49,16:26:49,1349884.1,bill_payment,M00349,VND,success,pos,D002564,208.199.233.116,debit_card,Bangkok,"11.011066,104.851152",56,M,2016-09-29,active,0.93,0,1,1,pending_review,0.2281,2022
24cfa13a-2f62-49fc-9f1e-8ffabce8ccff,U001946,2022-08-11 18:30:02,18:30:02,526166.66,transfer,M00143,VND,success,mobile,D002853,134.234.190.2,mobile_wallet,Bangkok,"19.062863,103.530257",24,M,2015-01-11,active,0.57,0,0,0,auto_approved,0.0998,2022
0dd8ac91-6faa-4207-a226-e18ccb8bf3da,U001180,2022-12-09 20:59:49,20:59:49,2971940.02,transfer,M00261,VND,success,pos,D002917,179.251.120.91,bank_transfer,Singapore,"19.539539,103.833783",68,F,2022-05-02,active,0.67,0,0,0,auto_approved,0.0888,2022
6082d767-edfc-4e3e-8c79-4c9e096b7972,U001431,2022-01-10 00:35:22,00:35:22,313904.97,online_payment,M00103,USD,success,atm,D000965,15.234.126.244,credit_card,Hanoi,"21.351085,102.741013",46,M,2020-07-17,blocked,0.64,2,1,0,auto_approved,0.2165,2022
9053dfae-31ee-40ea-9fc7-d1a693709b3a,U001217,2022-12-09 04:00:17,04:00:17,344072.58,purchase,M00215,USD,success,desktop,D001771,94.14.206.51,debit_card,Bangkok,"20.823271,105.812729",44,F,2016-09-03,active,0.95,0,0,0,auto_approved,0.2426,2022
5aca893e-257f-4742-8807-80d6c1569eed,U000592,2022-02-21 06:05:41,06:05:41,117451.78,online_payment,M00358,VND,success,mobile,D001416,40.149.221.245,mobile_wallet,Kuala Lumpur,"20.126336,102.930424",33,F,2021-07-19,active,0.95,0,1,0,auto_approved,0.5806,2022
a94760ce-50df-4b76-ade7-ce0c21e6cf07,U001399,2022-01-16 07:46:06,07:46:06,866383.4,transfer,M00209,VND,success,desktop,D000518,204.164.155.111,mobile_wallet,Hanoi,"16.034949,107.346618",66,F,2020-03-16,active,0.7,0,0,0,auto_approved,0.246,2022
26d1cd57-56a0-49eb-81d9-a5df8586db44,U001725,2022-12-25 19:47:50,19:47:50,264906.55,purchase,M00225,VND,success,desktop,D002002,22.36.0.64,debit_card,Ho Chi Minh City,"19.638451,102.883882",33,M,2019-05-28,active,0.51,0,0,0,auto_approved,0.3726,2022
51dc02b1-799d-4954-89fe-d24ede15e5a4,U000542,2022-02-03 21:59:35,21:59:35,203007.01,bill_payment,M00060,VND,success,atm,D001128,17.43.170.16,bank_transfer,Hanoi,"20.806504,108.900423",63,F,2017-01-12,active,0.64,0,0,0,auto_approved,0.1265,2022
8a267f15-7574-4f18-b6bd-d17a2713745f,U000162,2022-09-19 13:14:43,13:14:43,255697.92,purchase,M00094,VND,success,atm,D002424,88.219.98.37,mobile_wallet,Bangkok,"12.173709,106.849703",19,F,2019-05-12,active,0.88,0,0,0,auto_approved,0.4182,2022
2cf66a37-e45a-4c8e-8610-8954b63098ea,U001356,2022-10-31 11:33:25,11:33:25,1055361.22,transfer,M00438,USD,success,mobile,D001783,49.185.180.251,bank_transfer,Hanoi,"14.346302,108.60317",54,M,2019-07-23,blocked,0.75,0,0,0,auto_approved,0.184,2022
0fbedcc7-34eb-4d65-85f0-fabe94664f87,U001319,2022-04-01 12:35:15,12:35:15,108414.64,bill_payment,M00237,VND,success,atm,D000290,150.106.210.202,debit_card,Ho Chi Minh City,"13.047035,105.211183",26,F,2014-10-30,active,0.59,2,1,1,pending_review,0.2442,2022
e7377c6f-bd3b-47c6-af73-96d79b9bd519,U001938,2022-09-14 19:12:38,19:12:38,183293.6,bill_payment,M00093,USD,success,atm,D001286,231.40.209.159,bank_transfer,Kuala Lumpur,"17.508313,107.207283",67,F,2014-11-23,active,0.95,0,0,0,auto_approved,0.1149,2022
af8519b9-436f-481f-bc6d-d9abbd337709,U000933,2022-04-22 20:35:21,20:35:21,564084.58,bill_payment,M00439,VND,success,desktop,D000539,240.51.197.173,debit_card,Da Nang,"11.367671,105.393639",58,F,2019-04-19,active,0.85,0,0,0,auto_approved,0.3224,2022
3e514355-1506-42bc-b412-833272715e45,U001447,2022-10-11 08:30:09,08:30:09,80415.12,cash_withdrawal,M00219,VND,success,desktop,D001179,99.132.147.93,debit_card,Hanoi,"13.30751,104.748317",33,F,2016-06-21,active,0.82,0,0,0,auto_approved,0.2359,2022
0b0ae439-fde2-4c52-af12-f0db4a506712,U000944,2022-02-19 17:29:05,17:29:05,44685.19,online_payment,M00198,USD,pending,mobile,D002599,110.210.189.165,debit_card,Ho Chi Minh City,"8.450786,104.137916",41,M,2018-12-02,active,0.53,0,0,0,auto_approved,0.1355,2022
cb5473d9-32cf-4059-884c-56e806b2427f,U000871,2022-10-02 20:06:27,20:06:27,948893.32,transfer,M00206,USD,success,pos,D002071,52.119.119.115,credit_card,Singapore,"14.452603,108.237223",57,F,2014-07-19,active,0.99,0,0,0,auto_approved,0.443,2022
408dc266-bc79-44f4-a405-b51b506e87f8,U001712,2022-09-28 19:03:55,19:03:55,1942719.57,bill_payment,M00027,USD,success,mobile,D001178,36.243.18.117,debit_card,Hanoi,"17.463303,104.120635",27,F,2016-07-08,active,0.8,0,0,0,auto_approved,0.4034,2022
ce9fa056-3379-4187-bac9-470a0005883d,U001006,2022-01-09 17:21:47,17:21:47,66932.67,purchase,M00279,VND,success,mobile,D002099,55.254.56.171,debit_card,Hanoi,"14.42495,106.704334",51,M,2017-12-09,active,0.99,0,1,0,auto_approved,0.6253,2022
445f7696-a3a7-4450-86f4-fbf5263f83f4,U001251,2022-06-13 04:05:33,04:05:33,836347.22,online_payment,M00389,VND,success,mobile,D000856,131.52.130.1,bank_transfer,Bangkok,"12.871398,106.173197",46,F,2018-03-17,active,0.96,0,0,0,auto_approved,0.1223,2022
e45fad33-092f-4a3d-ba7d-328207540178,U000746,2022-05-08 09:20:51,09:20:51,323316.11,bill_payment,M00471,VND,success,desktop,D002616,167.126.245.218,credit_card,Bangkok,"15.320235,108.054911",58,F,2020-07-28,active,0.5,0,0,0,auto_approved,0.0271,2022
8a49f76b-01e9-4f36-9128-01b5ce2c5a92,U000134,2022-06-16 11:10:46,11:10:46,2977626.18,transfer,M00122,USD,success,atm,D002366,255.217.107.65,debit_card,Hanoi,"15.401294,104.501124",54,M,2020-10-09,active,0.69,0,0,0,auto_approved,0.0154,2022
64de0bc0-3d3e-4c6e-8d72-4f5e9c49916f,U000107,2022-09-24 17:03:30,17:03:30,505233.66,transfer,M00279,USD,success,pos,D002587,115.189.129.125,credit_card,Hanoi,"19.676907,102.163841",50,F,2020-12-26,active,0.84,0,0,0,auto_approved,0.3239,2022
ac4aa836-ac56-486e-b16b-c17acaddf092,U000067,2022-09-18 00:41:22,00:41:22,298017.6,bill_payment,M00226,VND,success,atm,D000883,249.179.95.80,bank_transfer,Hanoi,"18.854649,106.724767",20,F,2022-06-16,active,0.6,0,0,0,auto_approved,0.1146,2022
26036e22-32cc-43b0-a389-264c08829479,U000820,2022-06-05 02:10:36,02:10:36,825771.48,online_payment,M00056,VND,success,mobile,D001296,240.167.210.40,credit_card,Hanoi,"9.63135,108.310535",52,F,2015-01-14,active,0.77,0,0,0,auto_approved,0.0279,2022
d7d7f98d-b55a-4575-baa1-6daa0a0e4481,U001038,2022-03-06 13:04:52,13:04:52,458279.37,bill_payment,M00251,VND,success,desktop,D000975,89.76.168.121,credit_card,Bangkok,"14.700503,103.039623",70,M,2017-01-08,active,0.71,0,0,0,auto_approved,0.3025,2022
781e000c-6eea-47d7-9a7f-0cfbf3641d1f,U000580,2022-08-03 03:17:24,03:17:24,132580.09,transfer,M00049,VND,success,atm,D001742,80.120.95.157,debit_card,Kuala Lumpur,"17.430815,108.121661",47,F,2022-04-25,active,0.67,0,0,0,auto_approved,0.4491,2022
6794d95d-9c4a-490f-8692-97aa67704cb0,U001465,2022-08-20 20:11:10,20:11:10,1370904.09,online_payment,M00466,VND,success,pos,D000102,251.71.250.157,bank_transfer,Singapore,"12.612573,103.592228",48,F,2018-01-20,active,0.81,0,0,0,auto_approved,0.4077,2022
e3f46732-891e-4a8e-87cd-d06834521ad6,U000258,2022-02-24 12:36:17,12:36:17,1015731.08,purchase,M00398,VND,success,atm,D001619,39.21.37.35,mobile_wallet,Ho Chi Minh City,"20.498639,106.587214",55,M,2017-04-30,active,0.73,0,0,0,auto_approved,0.1411,2022
1ee6e216-ae97-4cca-bc15-1e0b18420153,U001032,2022-09-24 03:55:09,03:55:09,3173789.0,online_payment,M00445,USD,success,atm,D000266,99.87.64.40,bank_transfer,Hanoi,"11.434697,104.730173",60,M,2019-07-01,active,0.95,0,1,0,auto_approved,0.5579,2022
8d8638c7-37d2-43eb-8ebc-5eace682f01e,U001052,2022-09-27 16:53:56,16:53:56,459349.54,purchase,M00102,VND,success,mobile,D001634,244.10.24.203,mobile_wallet,Ho Chi Minh City,"14.263608,104.347331",20,M,2018-01-05,active,0.66,0,0,0,auto_approved,0.1309,2022
1b84c187-1b92-4ae1-a1bc-b5a0ae72998c,U001800,2022-12-08 16:41:25,16:41:25,450254.59,online_payment,M00427,VND,success,desktop,D002336,221.185.199.120,mobile_wallet,Hanoi,"18.577359,107.66668",18,F,2014-10-01,under_review,0.57,0,0,0,auto_approved,0.0388,2022
056713c4-6351-467a-b61d-bebb188cf03e,U000272,2022-12-17 14:14:35,14:14:35,1108042.18,bill_payment,M00105,USD,success,atm,D001151,14.130.107.250,debit_card,Da Nang,"21.933279,102.027948",55,F,2015-06-06,active,0.92,0,0,0,auto_approved,0.0151,2022
bdd819cc-d39f-4592-902b-6810ae8f92c8,U000144,2022-01-22 10:16:05,10:16:05,265108.01,bill_payment,M00103,USD,success,desktop,D002295,94.117.68.222,mobile_wallet,Kuala Lumpur,"14.644898,106.901652",34,F,2015-05-04,active,0.82,1,1,1,pending_review,0.7607,2022
dd55599e-2aa6-450b-a573-33afce68fefb,U000267,2022-06-01 05:06:46,05:06:46,344330.81,cash_withdrawal,M00229,USD,success,pos,D002988,172.90.43.68,credit_card,Bangkok,"17.064031,102.914282",26,F,2018-04-22,active,0.61,0,0,0,auto_approved,0.321,2022
95b364f9-b640-47cd-a6c3-42c0a453a4a4,U001904,2022-03-11 08:35:42,08:35:42,39386.38,bill_payment,M00349,USD,success,desktop,D000162,25.54.16.225,debit_card,Ho Chi Minh City,"10.896274,104.428247",24,M,2016-02-14,active,0.83,0,0,0,auto_approved,0.2568,2022
4a340175-af40-406c-bc2a-d509e4e20fdc,U000062,2022-09-18 11:14:31,11:14:31,724954.82,transfer,M00142,USD,success,pos,D001866,131.93.128.75,debit_card,Singapore,"12.332752,106.740694",68,M,2017-06-23,active,0.88,0,0,0,auto_approved,0.2712,2022
28660527-e787-4d3e-8c5e-7255064c4be9,U000626,2022-12-11 18:43:36,18:43:36,1381519.63,cash_withdrawal,M00388,VND,success,pos,D000673,33.18.159.72,debit_card,Singapore,"17.4926,103.553922",50,M,2022-08-01,active,0.69,0,0,0,auto_approved,0.1345,2022
d3e657d4-a241-42c7-a2f1-34f32192fb3f,U001067,2022-02-10 12:34:14,12:34:14,70099.61,purchase,M00281,VND,success,atm,D000410,5.51.169.29,debit_card,Bangkok,"8.873443,102.531945",69,M,2014-08-28,active,0.6,0,0,0,auto_approved,0.3517,2022
811bcf21-db84-4ce6-bbfc-71a8acddae94,U000445,2022-06-25 06:56:11,06:56:11,414431.21,cash_withdrawal,M00335,USD,failed,mobile,D000746,45.198.141.175,mobile_wallet,Da Nang,"9.201362,106.949691",40,M,2018-01-16,active,0.57,0,0,0,auto_approved,0.4174,2022
03640ba3-6e7d-4670-a82f-01f06a17b7ea,U000974,2022-08-21 19:20:51,19:20:51,1500679.17,online_payment,M00206,VND,success,desktop,D002627,108.148.143.36,bank_transfer,Bangkok,"16.575614,105.441333",64,M,2019-12-27,active,0.6,0,0,0,auto_approved,0.3984,2022
5ce7332e-fb54-46c1-b78b-31281608a441,U001707,2022-04-10 22:35:57,22:35:57,812995.32,bill_payment,M00289,VND,success,desktop,D002655,96.152.66.21,credit_card,Kuala Lumpur,"20.02884,107.171336",39,F,2014-08-21,active,0.48,0,0,0,auto_approved,0.4429,2022
91f36436-6c21-4489-b9bb-14410a6b8903,U000499,2022-11-09 20:56:13,20:56:13,412443.46,bill_payment,M00371,VND,success,pos,D001770,247.31.206.88,debit_card,Bangkok,"12.560023,108.936635",21,M,2020-11-05,active,0.48,0,0,0,auto_approved,0.0191,2022
e841d278-4965-4bbc-93d6-7a8c1f584310,U001107,2022-08-26 07:54:09,07:54:09,1464461.46,bill_payment,M00019,USD,success,pos,D000630,103.88.136.236,mobile_wallet,Bangkok,"14.149755,108.54835",22,F,2015-12-26,active,0.53,0,0,0,auto_approved,0.3924,2022
c44a792c-6377-47fb-a8b0-2d0369eb84a6,U000306,2022-02-18 12:53:26,12:53:26,678228.62,transfer,M00293,USD,success,pos,D001632,148.68.233.227,bank_transfer,Hanoi,"9.226322,103.903774",66,F,2021-07-25,active,0.94,0,0,0,auto_approved,0.4003,2022
62004df8-7117-4338-9590-65fb755a5c16,U001429,2022-12-20 05:54:45,05:54:45,281762.83,online_payment,M00096,USD,success,atm,D000577,247.191.147.196,debit_card,Hanoi,"11.560652,106.530427",31,F,2016-07-24,active,0.97,0,1,0,auto_approved,0.4243,2022
0584d4dd-0fdf-4d27-a7bb-2e00892ee1fb,U001494,2022-10-06 04:21:27,04:21:27,225189.05,purchase,M00350,VND,success,atm,D000818,15.86.70.134,credit_card,Hanoi,"18.615755,107.207824",40,M,2022-07-27,active,0.72,0,0,0,auto_approved,0.244,2022
8d8828a9-a44e-43a3-8694-43b20d040767,U001432,2022-09-11 10:04:47,10:04:47,429362.55,purchase,M00371,VND,success,desktop,D002850,22.134.196.158,credit_card,Bangkok,"9.27436,105.380097",68,M,2021-09-09,active,0.63,0,0,0,auto_approved,0.1744,2022
7a577cbe-f029-41b5-9ec3-48a91bfbf114,U000061,2022-12-22 08:02:12,08:02:12,172311.78,purchase,M00128,USD,success,mobile,D002487,33.247.232.213,debit_card,Da Nang,"8.89966,106.618635",60,F,2019-11-19,active,0.94,2,1,0,auto_approved,0.5324,2022
48fe63ee-6786-4df7-b4c4-80fb82217e42,U001174,2022-11-11 06:39:47,06:39:47,379646.83,purchase,M00401,USD,success,mobile,D001585,62.157.166.14,credit_card,Da Nang,"8.26079,103.965481",56,F,2021-12-03,active,0.51,0,0,0,auto_approved,0.012,2022
87d139fb-f169-4f89-a151-f2f4938ad1e8,U000831,2022-10-18 07:52:46,07:52:46,602073.45,transfer,M00245,USD,success,atm,D001933,132.81.51.185,mobile_wallet,Ho Chi Minh City,"8.195604,107.161739",51,F,2017-03-14,active,0.52,0,0,0,auto_approved,0.042,2022
790d6164-561a-4b04-ae44-0403267d41bb,U001103,2022-07-30 23:54:40,23:54:40,1479800.92,transfer,M00064,VND,success,desktop,D001792,11.143.45.30,credit_card,Hanoi,"19.915295,105.588393",64,F,2022-01-06,active,0.6,0,0,0,auto_approved,0.0778,2022
516214a5-9854-48e3-80c7-adbed6793893,U000551,2022-03-30 14:12:28,14:12:28,412339.28,transfer,M00286,VND,success,pos,D000613,224.199.113.186,debit_card,Bangkok,"18.770715,106.779748",47,M,2015-09-02,active,0.64,0,0,0,auto_approved,0.2333,2022
de2a9fe4-f884-4ec5-8892-475236d9a703,U000514,2022-03-16 20:17:44,20:17:44,653345.98,bill_payment,M00485,USD,success,atm,D000389,143.224.56.53,credit_card,Hanoi,"8.333052,106.725142",49,F,2021-03-19,active,0.65,0,1,0,auto_approved,0.2086,2022
d6c2819e-9b4e-4dbc-b090-6aa35a2f2579,U001533,2022-08-19 19:37:04,19:37:04,200190.88,cash_withdrawal,M00453,VND,failed,desktop,D000930,26.181.54.34,credit_card,Hanoi,"10.365302,104.967463",49,M,2015-10-14,active,0.7,2,1,1,pending_review,0.6052,2022
474f0ac5-4b27-439a-8665-2c26ddc295b1,U001593,2022-04-09 11:21:17,11:21:17,324417.26,online_payment,M00492,USD,pending,mobile,D000975,90.168.62.156,credit_card,Hanoi,"16.345326,102.109562",35,F,2016-01-04,active,0.66,0,0,0,auto_approved,0.3646,2022
c00badb1-1d6a-45e2-9a86-53de60f01816,U000285,2022-12-06 21:40:22,21:40:22,67253.35,online_payment,M00161,USD,success,atm,D001861,217.1.158.78,mobile_wallet,Kuala Lumpur,"9.745038,104.766065",70,M,2020-10-24,active,0.84,0,0,0,auto_approved,0.1977,2022
915debbd-7b96-4cf3-8414-08df01ef03c1,U001626,2022-02-03 09:10:07,09:10:07,266049.44,online_payment,M00162,VND,success,desktop,D000729,161.127.90.143,debit_card,Bangkok,"19.846142,108.727363",57,M,2018-05-25,active,0.51,0,0,0,auto_approved,0.2424,2022
506e715b-16ef-4539-b00a-3f403751095d,U001364,2022-05-08 18:45:26,18:45:26,2087640.51,purchase,M00419,VND,success,pos,D000273,164.144.102.192,mobile_wallet,Da Nang,"18.54096,102.82597",35,F,2018-10-13,active,0.69,0,1,0,auto_approved,0.4996,2022
fd2a808d-fef0-4ae7-a31f-f693d37cb181,U000149,2022-01-24 23:43:20,23:43:20,1010776.6,cash_withdrawal,M00291,VND,failed,desktop,D001528,127.166.123.118,credit_card,Da Nang,"13.028833,105.220209",24,F,2016-05-02,active,0.95,0,0,0,auto_approved,0.3949,2022
b7a726fb-7c4b-4c5c-9e23-093cc420d9ab,U001095,2022-08-08 06:39:43,06:39:43,337948.13,online_payment,M00093,USD,success,desktop,D001205,217.30.11.150,credit_card,Ho Chi Minh City,"21.618148,104.511391",70,F,2019-02-26,active,0.49,0,0,0,auto_approved,0.101,2022
f24a066b-9c7d-4a8c-ac27-d0084e2ad1d6,U001566,2022-04-21 19:50:44,19:50:44,140956.21,cash_withdrawal,M00327,USD,success,atm,D001766,146.248.109.34,credit_card,Bangkok,"10.039134,105.106459",50,F,2021-07-17,active,0.92,0,0,0,auto_approved,0.3615,2022
86fa4a79-742c-4f47-a795-67ca1fc337cc,U001108,2022-12-10 02:12:24,02:12:24,5303.18,purchase,M00257,VND,failed,pos,D002775,114.82.217.14,bank_transfer,Hanoi,"13.702677,105.696777",18,M,2019-01-16,active,0.97,0,1,0,auto_approved,0.2613,2022
06a655cc-fcbe-4c39-90ad-92c8398b5da5,U000751,2022-03-13 10:13:06,10:13:06,279489.05,cash_withdrawal,M00461,USD,success,atm,D002643,181.140.231.56,bank_transfer,Kuala Lumpur,"10.456543,103.091218",62,F,2019-09-27,active,0.61,0,0,0,auto_approved,0.18,2022
1e26013d-7e52-43a8-aafa-5234c16f36a5,U001497,2022-01-30 09:09:45,09:09:45,535511.57,purchase,M00017,USD,success,desktop,D002289,54.131.58.103,bank_transfer,Bangkok,"15.955675,105.978015",66,F,2020-02-05,active,0.61,0,0,0,auto_approved,0.1194,2022
abb693e9-3b97-40b4-8479-3760d26ca7de,U000102,2022-04-21 08:05:59,08:05:59,61718.63,purchase,M00276,USD,success,pos,D002237,69.121.51.247,bank_transfer,Hanoi,"19.230207,103.405866",23,M,2020-10-23,active,0.58,0,0,0,auto_approved,0.0684,2022
51db0762-6a73-4113-85cc-71c3683cd1d5,U000439,2022-02-21 19:07:12,19:07:12,1368276.11,purchase,M00329,USD,success,atm,D000190,73.206.48.61,bank_transfer,Singapore,"10.597633,104.008053",33,M,2018-02-26,active,0.65,0,0,0,auto_approved,0.0316,2022
28e888e1-73e8-4d6b-aa4f-3da520501e96,U000451,2022-08-29 02:56:14,02:56:14,854973.74,online_payment,M00001,USD,failed,desktop,D002464,217.19.127.93,bank_transfer,Hanoi,"8.214066,106.959854",30,M,2014-10-19,active,0.69,0,0,0,auto_approved,0.2859,2022
d100961d-af34-47f3-ad8d-ec785a2a5c0e,U001708,2022-09-16 00:54:20,00:54:20,156056.45,transfer,M00193,USD,success,desktop,D002233,10.183.179.195,credit_card,Singapore,"15.655961,103.915619",63,M,2018-07-22,active,0.65,0,0,0,auto_approved,0.2053,2022
02eb32c5-9728-477c-b06d-bd4d2d10b68d,U000348,2022-11-14 23:38:16,23:38:16,5726415.16,online_payment,M00290,USD,success,pos,D000858,92.227.33.36,mobile_wallet,Singapore,"19.92383,105.733655",50,M,2017-10-06,under_review,0.67,2,1,0,auto_approved,0.369,2022
3f9cb604-466d-4dc4-be87-d942d11d69e4,U001241,2022-07-25 20:41:28,20:41:28,1425472.52,online_payment,M00008,VND,success,mobile,D000037,58.106.220.70,bank_transfer,Hanoi,"18.849881,105.784417",45,M,2017-02-10,active,0.92,0,0,0,auto_approved,0.4043,2022
5121cbfc-239d-43fc-ad70-6941f56ef0d6,U000754,2022-03-03 16:27:26,16:27:26,58550.78,purchase,M00131,USD,success,atm,D001538,122.88.245.111,bank_transfer,Singapore,"18.955482,103.786108",46,M,2016-11-27,active,0.52,0,0,0,auto_approved,0.2975,2022
d12875f4-06aa-40fc-a19a-8f0ef8b5f9ce,U001300,2022-10-28 01:14:19,01:14:19,965068.6,bill_payment,M00459,USD,success,pos,D002081,52.3.123.82,mobile_wallet,Singapore,"8.153039,102.969103",20,M,2015-03-08,active,0.47,0,0,0,auto_approved,0.323,2022
e32936c9-7b28-445c-bbe3-368107455ee1,U001629,2022-07-02 22:24:00,22:24:00,381976.87,cash_withdrawal,M00458,USD,success,desktop,D001579,230.117.94.2,bank_transfer,Kuala Lumpur,"13.816868,102.154725",61,M,2018-12-05,active,0.52,0,0,0,auto_approved,0.2365,2022
dbe8c49a-9b79-4b41-a0ea-7f22de0e34cf,U000760,2022-10-29 01:30:57,01:30:57,425794.8,cash_withdrawal,M00289,VND,failed,desktop,D000620,109.14.236.85,credit_card,Singapore,"18.75916,104.066919",23,M,2022-03-13,active,0.93,1,0,0,auto_approved,0.4165,2022
893ea82b-7315-4fcd-a9eb-6d55dfcee6c1,U001098,2022-01-08 16:30:36,16:30:36,55226.95,bill_payment,M00069,VND,success,desktop,D001939,215.111.0.21,credit_card,Ho Chi Minh City,"19.389282,103.288907",32,F,2018-09-02,under_review,0.88,0,0,0,auto_approved,0.3975,2022
308b86d0-2304-4130-89d4-d0c53b3ce0ab,U000018,2022-07-01 06:08:30,06:08:30,2139085.27,bill_payment,M00003,USD,success,pos,D000533,223.31.201.233,debit_card,Hanoi,"19.613722,103.74127",30,F,2014-07-28,active,0.46,0,0,0,auto_approved,0.2349,2022
a274fcfe-b05a-4739-ac9e-42766f8bba59,U001174,2022-02-15 07:17:34,07:17:34,422049.61,online_payment,M00433,USD,success,atm,D001660,48.3.137.87,credit_card,Ho Chi Minh City,"16.537979,108.143865",37,F,2019-06-08,active,0.61,0,0,0,auto_approved,0.2407,2022
e8035908-ca4c-4735-9b05-8fdbe08bdeb3,U000680,2022-05-10 19:57:38,19:57:38,839251.08,transfer,M00418,USD,success,atm,D002753,67.234.229.6,mobile_wallet,Kuala Lumpur,"16.159486,102.730149",38,F,2018-08-04,active,0.91,0,0,0,auto_approved,0.2285,2022
8f768109-8984-4b9c-81ef-56a329984274,U000610,2022-08-04 11:34:22,11:34:22,468102.96,purchase,M00251,USD,success,mobile,D000708,166.27.211.15,mobile_wallet,Ho Chi Minh City,"21.029918,102.216578",50,M,2015-05-15,active,0.57,0,0,0,auto_approved,0.0578,2022
a5a4d610-e25c-4696-be20-ab191d8618d2,U001677,2022-07-18 14:45:49,14:45:49,257310.09,cash_withdrawal,M00259,USD,success,pos,D002086,73.206.16.49,debit_card,Kuala Lumpur,"11.168526,105.188279",18,M,2018-02-06,active,1.0,0,0,0,auto_approved,0.1201,2022
e78d0f3d-e697-4c4a-aae6-ba9204448ed3,U001562,2022-06-25 07:43:52,07:43:52,229643.76,transfer,M00255,VND,success,mobile,D002875,92.112.1.161,bank_transfer,Ho Chi Minh City,"13.995139,105.223488",18,M,2016-07-19,active,0.88,0,0,0,auto_approved,0.2652,2022
7de64109-7cd0-4b9b-aa1d-7a04821413f2,U000171,2022-09-23 22:03:42,22:03:42,240616.93,bill_payment,M00233,USD,success,mobile,D002007,72.44.123.67,debit_card,Singapore,"8.523168,107.269789",47,F,2019-12-07,under_review,0.64,0,1,0,auto_approved,0.5855,2022
37282607-4c6e-4d06-9c1f-94ca4ad073db,U001528,2022-03-03 19:23:12,19:23:12,1399098.0,online_payment,M00118,USD,success,mobile,D001625,106.189.81.3,credit_card,Hanoi,"18.288343,108.464301",36,F,2019-04-20,active,0.63,0,1,0,auto_approved,0.4555,2022
8632f5da-7833-423b-9715-67e4c7d78b80,U001648,2022-09-25 11:50:47,11:50:47,1526826.89,cash_withdrawal,M00102,USD,success,pos,D001211,252.226.118.234,bank_transfer,Kuala Lumpur,"16.26736,106.717767",57,F,2016-11-25,active,0.73,0,0,0,auto_approved,0.3871,2022
7fbc388b-d7c6-4886-9728-c29f61092528,U001180,2022-05-14 18:27:15,18:27:15,38009.14,purchase,M00165,VND,success,desktop,D002216,76.103.206.235,bank_transfer,Singapore,"9.862089,107.607642",48,F,2019-02-03,active,0.66,0,0,0,auto_approved,0.2494,2022
8abe7d00-aa04-4ba3-9a18-fc1ad75c6d18,U001172,2022-04-10 03:17:01,03:17:01,823494.82,transfer,M00084,VND,success,desktop,D001911,74.117.211.55,mobile_wallet,Bangkok,"17.70688,106.398177",57,M,2017-02-05,active,0.79,0,0,0,auto_approved,0.4404,2022
ad560302-e829-41a6-9213-78eccaf0a609,U001673,2022-09-28 04:52:48,04:52:48,391571.87,cash_withdrawal,M00467,VND,success,atm,D002752,127.171.142.253,bank_transfer,Kuala Lumpur,"20.256942,106.668443",38,F,2019-11-10,active,0.93,0,0,0,auto_approved,0.3708,2022
a7946f7b-c91d-4dd2-8bdd-c3953fce1195,U000056,2022-06-20 22:32:28,22:32:28,308208.91,cash_withdrawal,M00347,USD,success,pos,D001683,185.247.213.71,debit_card,Kuala Lumpur,"13.283763,104.503271",23,M,2018-02-15,active,0.66,1,1,0,auto_approved,0.585,2022
7b5d046d-6415-44d6-b7f6-11b57ee9af97,U000143,2022-05-20 11:55:26,11:55:26,28541.36,purchase,M00404,VND,success,desktop,D002557,192.237.197.35,debit_card,Da Nang,"15.845867,104.775035",37,F,2020-02-20,under_review,0.63,1,0,0,auto_approved,0.1319,2022
c597cfe3-bacd-4cb1-bb63-0f565fab9cf9,U000244,2022-01-14 02:05:48,02:05:48,243319.66,online_payment,M00376,VND,success,desktop,D002794,110.198.146.255,mobile_wallet,Kuala Lumpur,"9.922928,102.274431",57,F,2018-01-29,active,0.7,0,0,0,auto_approved,0.2711,2022
c58fbb09-0af2-4dea-9016-6eec8017cf85,U000447,2022-07-28 20:16:09,20:16:09,972318.39,bill_payment,M00309,USD,success,mobile,D001876,23.22.130.160,mobile_wallet,Ho Chi Minh City,"19.693803,103.867848",41,F,2020-05-05,active,0.53,0,0,0,auto_approved,0.2827,2022
b0c1559a-f23a-43eb-9b61-763413f465a4,U001218,2022-06-20 10:18:16,10:18:16,1045262.62,transfer,M00185,VND,success,atm,D002920,150.223.145.101,credit_card,Bangkok,"10.673164,108.657623",54,F,2017-08-04,active,0.6,0,1,0,auto_approved,0.4316,2022
c63fd4f5-988c-4534-b1aa-1befe9df5cb5,U000475,2022-11-28 23:21:40,23:21:40,1664111.54,cash_withdrawal,M00236,USD,success,mobile,D001031,169.131.138.109,credit_card,Bangkok,"8.905426,104.846365",26,M,2014-10-23,active,0.64,1,0,0,auto_approved,0.1453,2022
db60f635-b433-4ca6-977a-8addbd7d01b5,U000355,2022-11-02 07:41:30,07:41:30,145758.06,cash_withdrawal,M00161,VND,success,atm,D000751,235.72.254.252,credit_card,Hanoi,"8.285444,106.759744",35,M,2021-01-24,active,0.53,0,0,0,auto_approved,0.2093,2022
df48a1f4-6bb5-48ba-9b57-fea715bf9d0f,U001023,2022-11-14 14:16:04,14:16:04,2032606.15,online_payment,M00329,VND,success,atm,D002705,94.47.93.169,mobile_wallet,Da Nang,"14.60878,102.182754",52,F,2022-05-26,active,0.66,0,0,0,auto_approved,0.327,2022
adb56e7a-2334-4958-adad-e68bbfd0487b,U000812,2022-11-28 02:01:03,02:01:03,457123.66,online_payment,M00410,VND,success,mobile,D000597,41.186.201.154,bank_transfer,Hanoi,"11.595217,106.772234",53,F,2015-08-25,active,0.57,0,0,0,auto_approved,0.0215,2022
4719c715-23b9-46ae-a1e7-7e3325e5b1b8,U000009,2022-04-04 00:35:39,00:35:39,1242495.66,purchase,M00209,USD,success,pos,D001697,84.179.96.240,mobile_wallet,Bangkok,"10.564116,103.914028",45,F,2017-08-18,active,0.8,0,0,0,auto_approved,0.1633,2022
f1d8148b-c184-4526-9030-3ecd718eedae,U001858,2022-09-22 03:25:33,03:25:33,334406.64,cash_withdrawal,M00413,USD,success,mobile,D000088,214.121.173.210,bank_transfer,Singapore,"16.236611,102.759479",48,M,2021-02-13,active,0.9,0,0,0,auto_approved,0.076,2022
be2b11e9-b89f-40c0-b323-d8067ed94809,U000865,2022-06-02 18:17:23,18:17:23,718933.39,cash_withdrawal,M00302,VND,success,mobile,D002504,123.54.126.100,mobile_wallet,Singapore,"19.273333,103.007101",60,F,2017-02-23,under_review,0.51,0,0,0,auto_approved,0.1763,2022
d0dfd28e-1c3f-4a17-bcc6-b1d85a3d8170,U001484,2022-03-03 01:46:15,01:46:15,469387.52,cash_withdrawal,M00221,VND,success,desktop,D001538,195.92.135.160,debit_card,Da Nang,"20.895453,105.634986",57,F,2014-03-08,active,0.84,0,0,0,auto_approved,0.2898,2022
36aa94d2-dbb6-47e5-a841-15d756680977,U001383,2022-11-03 12:59:31,12:59:31,749774.27,cash_withdrawal,M00338,USD,success,pos,D002738,159.126.118.191,bank_transfer,Hanoi,"8.812481,107.136835",30,F,2018-01-19,active,0.72,0,0,0,auto_approved,0.3535,2022
c62474a7-0bc7-451f-8058-929231d62893,U000708,2022-05-03 18:27:16,18:27:16,169523.38,bill_payment,M00229,VND,success,desktop,D002956,139.132.132.8,debit_card,Singapore,"19.604769,105.571662",31,M,2017-05-02,active,0.9,0,0,0,auto_approved,0.3549,2022
942d6260-76c9-4604-90cf-53e93877e0c4,U001795,2022-02-12 04:32:03,04:32:03,639049.15,cash_withdrawal,M00443,VND,success,desktop,D001387,49.255.7.160,debit_card,Singapore,"12.508566,108.441375",55,M,2014-01-05,active,0.85,0,0,0,auto_approved,0.2874,2022
c83fc223-a228-476b-8b11-6ee7eab5f954,U001135,2022-12-28 16:40:09,16:40:09,272960.4,purchase,M00379,USD,success,desktop,D002787,131.61.38.205,bank_transfer,Singapore,"19.828729,106.131637",57,M,2017-01-15,active,0.91,1,0,0,auto_approved,0.477,2022
7679d8ec-cd39-4dc3-ada7-cfd33a97fb86,U000959,2022-10-10 12:00:43,12:00:43,749432.15,online_payment,M00066,USD,success,mobile,D002821,163.103.128.22,credit_card,Da Nang,"21.622043,108.286197",48,M,2019-02-14,active,0.49,0,0,0,auto_approved,0.1191,2022
f43c192a-45af-463f-94d1-9b68bc17e55a,U001240,2022-10-06 20:32:51,20:32:51,542646.38,cash_withdrawal,M00440,VND,success,mobile,D002763,142.133.138.77,debit_card,Singapore,"17.183614,106.761174",38,F,2015-03-20,active,0.69,0,0,0,auto_approved,0.1925,2022
5b232b90-3b46-4d74-859a-2b235c2f1a89,U001881,2022-03-15 03:13:14,03:13:14,421101.43,purchase,M00482,VND,success,atm,D002299,1.190.134.194,bank_transfer,Bangkok,"21.942362,103.270769",31,M,2015-05-15,active,0.74,0,0,0,auto_approved,0.3915,2022
7b26ce7f-a38e-4b42-b961-9c68bcedd98d,U000246,2022-01-15 06:41:40,06:41:40,1067239.07,cash_withdrawal,M00418,USD,success,pos,D001874,19.7.126.134,credit_card,Kuala Lumpur,"14.656784,106.399704",20,M,2018-07-12,under_review,0.92,0,0,0,auto_approved,0.4454,2022
12b59748-2275-4e5c-ba13-00c98e4b6be7,U000726,2022-12-01 11:43:23,11:43:23,1053470.21,bill_payment,M00235,USD,success,atm,D002371,20.27.3.204,bank_transfer,Kuala Lumpur,"14.498332,102.487386",69,F,2019-12-21,active,0.57,1,0,0,auto_approved,0.3851,2022
bf87cbbc-df99-4d7d-990c-0500d1084bb7,U000295,2022-01-16 13:01:05,13:01:05,1076358.07,cash_withdrawal,M00049,USD,success,atm,D000606,168.158.155.185,mobile_wallet,Da Nang,"21.579019,103.722442",44,M,2019-01-06,active,0.81,2,1,0,auto_approved,0.3165,2022
be1a6fe5-90d1-4d5e-bca3-42d6e0468407,U001107,2022-12-30 17:00:39,17:00:39,62662.8,online_payment,M00460,USD,success,atm,D002603,202.41.150.217,credit_card,Da Nang,"9.594704,104.253279",31,M,2017-06-13,active,0.56,0,0,0,auto_approved,0.2177,2022
cc68ee77-ba0f-4386-b32b-dc06092b9a63,U000538,2022-09-28 16:41:10,16:41:10,510750.68,online_payment,M00348,VND,success,atm,D001303,40.17.31.83,mobile_wallet,Kuala Lumpur,"10.162462,102.616124",48,F,2018-05-31,active,0.73,0,0,0,auto_approved,0.1433,2022
aec8db37-6903-4acc-89c5-aa28500ae490,U000178,2022-07-22 09:23:59,09:23:59,523886.94,cash_withdrawal,M00158,USD,success,atm,D000651,226.29.219.117,debit_card,Hanoi,"17.845988,108.638862",37,M,2021-06-18,active,0.61,0,0,0,auto_approved,0.3083,2022
7cc416dc-8b38-4bc1-9317-607c5896e5ee,U000414,2022-11-13 03:38:40,03:38:40,257258.44,transfer,M00339,VND,success,pos,D000522,84.122.181.217,credit_card,Hanoi,"11.707599,105.197721",37,F,2015-11-11,active,0.47,0,0,0,auto_approved,0.3231,2022
ace1b2d6-c41c-47fc-ad44-ae06e18b2336,U001305,2022-05-14 04:50:38,04:50:38,132436.87,transfer,M00242,VND,success,pos,D000984,204.57.209.97,credit_card,Da Nang,"15.547253,102.801421",29,F,2018-09-15,active,0.84,0,1,0,auto_approved,0.5823,2022
2740f35d-86e1-4fff-a2df-dbbc8905bc4c,U001291,2022-05-17 04:46:10,04:46:10,58385.85,purchase,M00323,VND,success,atm,D000588,219.93.162.70,debit_card,Hanoi,"21.626602,108.632025",70,F,2015-04-28,active,0.46,0,0,0,auto_approved,0.0937,2022
8a79c3c2-f978-406a-bbe4-6c1dd96bbbb3,U000285,2022-03-03 08:19:19,08:19:19,297782.83,cash_withdrawal,M00327,USD,success,desktop,D001700,199.106.56.5,debit_card,Hanoi,"14.718235,108.562508",57,F,2021-08-06,active,0.95,0,0,0,auto_approved,0.2533,2022
b489fb50-0b59-40e7-a3b7-02d726a3e680,U001500,2022-02-28 21:06:49,21:06:49,433093.34,purchase,M00043,VND,success,pos,D001858,172.246.186.144,bank_transfer,Hanoi,"14.451121,104.36553",55,F,2019-12-23,active,0.54,0,0,0,auto_approved,0.4457,2022
4a8a5ad7-d723-42f3-9174-99e14e7296b3,U001677,2022-06-19 06:41:01,06:41:01,1326841.55,cash_withdrawal,M00099,VND,success,atm,D001366,14.131.198.86,bank_transfer,Kuala Lumpur,"15.760323,105.52803",68,F,2016-10-11,active,0.52,0,0,0,auto_approved,0.1644,2022
3c32e2dc-535d-438c-8e83-773497c85621,U000906,2022-01-31 08:23:10,08:23:10,152735.27,cash_withdrawal,M00021,USD,success,pos,D000058,229.130.36.24,debit_card,Kuala Lumpur,"17.117115,104.684477",30,M,2015-09-22,active,0.52,0,0,0,auto_approved,0.056,2022
1acea4eb-8927-4459-a186-5433dad90be1,U001955,2022-03-06 20:43:26,20:43:26,189865.19,purchase,M00275,VND,success,mobile,D002658,177.254.115.115,credit_card,Da Nang,"12.895929,102.688231",27,M,2019-04-07,active,0.78,0,0,0,auto_approved,0.2149,2022
a3360552-3628-4103-99b9-3b97ee023510,U001172,2022-04-04 19:08:58,19:08:58,713937.71,cash_withdrawal,M00163,USD,success,desktop,D002112,37.146.47.229,bank_transfer,Ho Chi Minh City,"21.852208,107.364408",61,F,2017-01-06,active,0.77,0,0,0,auto_approved,0.1159,2022
6fd17698-350f-400a-867c-d3bead134eb7,U000371,2022-05-20 00:53:53,00:53:53,226980.2,transfer,M00322,USD,success,pos,D000430,162.130.162.6,mobile_wallet,Ho Chi Minh City,"20.811056,107.581211",35,F,2016-06-07,active,0.84,0,0,0,auto_approved,0.1444,2022
db1cf3cc-3c5f-4e8a-8b38-1c65f66b122a,U000305,2022-12-07 02:05:57,02:05:57,647224.53,cash_withdrawal,M00359,VND,success,mobile,D002110,65.25.220.218,mobile_wallet,Singapore,"8.188184,104.879484",56,M,2019-09-17,active,0.68,0,0,0,auto_approved,0.2538,2022
6077d61a-5ca1-4546-98ab-c46727a93ca8,U001318,2022-07-27 02:00:42,02:00:42,78302.44,online_payment,M00255,USD,failed,desktop,D000534,246.220.24.137,mobile_wallet,Bangkok,"19.47577,104.372765",41,M,2019-07-15,active,0.92,2,1,1,pending_review,0.8367,2022
779c7167-9aa1-41b9-9f33-d67cebb1f94d,U000781,2022-01-30 07:25:36,07:25:36,418631.49,online_payment,M00131,VND,pending,atm,D000094,186.241.25.53,mobile_wallet,Hanoi,"20.467174,103.561795",22,M,2020-03-09,active,0.99,0,0,0,auto_approved,0.2795,2022
c68a1f63-5737-4166-8fd6-eda6bb8b0021,U000085,2022-08-18 03:50:35,03:50:35,248591.18,purchase,M00232,USD,success,pos,D001733,219.93.248.26,debit_card,Singapore,"11.634073,104.990782",54,F,2014-10-10,active,0.91,0,1,0,auto_approved,0.3249,2022
78c3467e-2332-465c-8a47-0af3788e240c,U001629,2022-03-08 08:03:15,08:03:15,537076.84,cash_withdrawal,M00332,USD,success,mobile,D001798,20.238.88.254,debit_card,Bangkok,"13.119315,102.254001",64,F,2018-01-22,active,0.58,1,0,0,auto_approved,0.5096,2022
470dddc1-6fd0-4069-b63f-4f225f67c871,U001430,2022-01-31 08:13:26,08:13:26,609533.23,bill_payment,M00120,VND,success,pos,D000549,91.8.211.6,mobile_wallet,Ho Chi Minh City,"11.967059,106.551613",51,M,2014-07-29,active,0.78,0,0,0,auto_approved,0.3403,2022
33300721-8b9f-4ecc-a251-70314292271c,U000148,2022-12-28 16:23:04,16:23:04,268092.86,cash_withdrawal,M00432,USD,success,desktop,D002720,233.31.196.129,bank_transfer,Hanoi,"13.741827,105.608027",51,M,2017-09-19,active,0.64,2,1,1,pending_review,0.4445,2022
d6afcafa-51d2-46cd-ba47-61355211c020,U001383,2022-09-16 07:59:46,07:59:46,786276.58,transfer,M00371,VND,success,pos,D000509,41.195.96.230,debit_card,Kuala Lumpur,"20.703864,108.698926",47,F,2016-11-26,active,0.73,0,0,0,auto_approved,0.3663,2022
69271bb1-515d-469c-9db4-5b14c30ce39c,U000585,2022-07-19 13:23:03,13:23:03,216060.25,purchase,M00092,VND,success,pos,D001323,249.192.28.27,debit_card,Da Nang,"21.399788,106.665912",33,M,2017-04-10,active,0.94,0,0,0,auto_approved,0.2483,2022
9e624eec-ed3c-40bb-ae99-b9aba0033d10,U002000,2022-02-17 07:50:06,07:50:06,538851.56,cash_withdrawal,M00217,USD,success,desktop,D002664,37.59.13.52,debit_card,Ho Chi Minh City,"18.518513,108.377868",20,M,2014-11-25,active,0.73,0,0,0,auto_approved,0.2275,2022
ac7faedc-bd0c-432f-a5dd-8ad80dab2eb9,U000276,2022-08-07 23:19:30,23:19:30,299479.82,transfer,M00100,USD,success,pos,D002205,18.34.248.221,debit_card,Singapore,"12.707947,105.458718",23,F,2017-11-21,active,0.65,0,0,0,auto_approved,0.4077,2022
debb31ae-e959-4cae-85c7-6c8e473f0d9f,U001309,2022-08-30 20:26:29,20:26:29,891247.89,purchase,M00188,VND,success,desktop,D000739,44.120.142.132,bank_transfer,Da Nang,"14.976042,102.154786",30,F,2021-05-12,active,0.89,0,0,0,auto_approved,0.0103,2022
6efdc27b-609b-4b44-a0a4-ee71e1aeb020,U001158,2022-07-20 00:27:43,00:27:43,659561.97,bill_payment,M00360,USD,success,atm,D000836,149.232.62.200,credit_card,Da Nang,"17.401719,103.61422",41,M,2015-02-06,active,0.74,0,1,0,auto_approved,0.4603,2022
80bd0d7b-a544-485d-bda4-cdc16ffc7840,U000015,2022-07-22 08:08:23,08:08:23,639336.41,transfer,M00482,VND,success,mobile,D000181,75.180.3.228,mobile_wallet,Da Nang,"17.279908,102.230004",70,M,2019-06-11,active,0.77,2,1,0,auto_approved,0.3255,2022
1714917d-f5f3-4246-a37b-a14d5e80e205,U001452,2022-04-01 22:54:25,22:54:25,1349138.14,bill_payment,M00302,VND,success,atm,D000451,38.41.153.77,debit_card,Ho Chi Minh City,"18.982972,103.529006",70,F,2021-10-15,active,0.97,0,0,0,auto_approved,0.3094,2022
fc21fba4-bacd-4865-a3a3-d958295903a8,U001192,2022-12-30 15:10:33,15:10:33,615169.88,transfer,M00254,VND,success,mobile,D002093,133.70.108.210,mobile_wallet,Hanoi,"16.251928,106.613575",63,F,2016-01-13,active,0.63,0,0,0,auto_approved,0.4277,2022
3960981b-bc9e-4cf4-9e88-60e149ff5486,U001725,2022-08-20 07:28:58,07:28:58,449821.17,transfer,M00334,VND,pending,desktop,D001631,228.22.82.98,credit_card,Hanoi,"19.370912,105.815201",59,M,2017-12-28,active,0.77,0,1,0,auto_approved,0.5594,2022
116f1b33-523c-49f3-8b25-7a3f5aa6fae9,U001432,2022-08-31 00:03:35,00:03:35,750800.63,transfer,M00433,VND,failed,mobile,D000271,110.10.223.115,debit_card,Bangkok,"19.99851,104.436468",35,M,2018-11-08,active,0.71,2,1,1,pending_review,0.4736,2022
9b08d347-89a6-4165-838d-80bbf8f34fb6,U000131,2022-10-24 17:30:23,17:30:23,927985.15,purchase,M00338,USD,success,desktop,D001459,57.153.161.17,bank_transfer,Singapore,"13.190107,106.957807",26,F,2014-11-22,active,0.99,0,0,0,auto_approved,0.0259,2022
4cb1bc5a-0f34-4598-b3c4-442df3d113a9,U001461,2022-12-04 10:07:44,10:07:44,162051.26,online_payment,M00210,VND,success,desktop,D002818,64.151.116.85,mobile_wallet,Singapore,"13.979526,105.8898",34,M,2019-08-23,active,0.94,0,0,0,auto_approved,0.1108,2022
b9ceb085-4d16-4135-982e-2b91f6a1a1de,U001079,2022-12-11 06:14:26,06:14:26,891700.81,bill_payment,M00360,VND,success,atm,D001606,212.172.11.139,credit_card,Singapore,"13.271891,108.548747",23,F,2022-01-24,blocked,0.53,0,0,0,auto_approved,0.3019,2022
c687ca24-c638-449f-a781-67b218190ad5,U001381,2022-08-18 01:14:00,01:14:00,1062439.33,cash_withdrawal,M00108,USD,success,mobile,D002949,74.210.66.159,bank_transfer,Kuala Lumpur,"21.813945,106.516542",57,M,2016-05-03,active,0.83,0,0,0,auto_approved,0.136,2022
d8cf9802-a107-4b68-a4e5-2683cc7f63a2,U001904,2022-08-25 05:22:25,05:22:25,60747.27,bill_payment,M00439,VND,success,desktop,D001186,173.9.216.229,debit_card,Bangkok,"10.768305,102.88687",23,F,2015-06-18,active,0.57,1,0,0,auto_approved,0.1779,2022
885f96d1-d813-4fe4-b9e2-03a848034e2b,U001969,2022-09-30 20:43:20,20:43:20,803901.37,online_payment,M00310,USD,success,atm,D001298,115.223.29.220,mobile_wallet,Bangkok,"15.325197,103.492812",29,F,2019-01-02,active,0.6,0,0,0,auto_approved,0.2768,2022
070ab122-32ff-4bd6-ba0e-ab5c859c3b13,U000650,2022-08-26 21:33:20,21:33:20,742560.53,purchase,M00499,VND,success,pos,D000383,173.147.200.221,bank_transfer,Bangkok,"9.297548,103.061711",42,M,2020-03-30,active,0.71,0,0,0,auto_approved,0.1459,2022
63e659e6-1851-41d2-b73b-3f4fc14abbce,U001070,2022-11-01 00:44:21,00:44:21,1004592.2,cash_withdrawal,M00101,VND,success,atm,D002538,99.101.16.27,bank_transfer,Bangkok,"13.656254,106.721933",43,M,2019-09-06,under_review,0.64,1,0,0,auto_approved,0.3889,2022
b0e33c29-c09a-4db3-8715-93f36078be8c,U001132,2022-04-25 19:06:47,19:06:47,907276.81,bill_payment,M00282,VND,success,mobile,D002272,42.48.212.123,credit_card,Singapore,"15.672179,107.963063",52,M,2018-04-23,active,0.69,0,0,0,auto_approved,0.3766,2022
554f814c-5df3-46fa-8a43-dcae00a0db2a,U001631,2022-01-24 06:01:18,06:01:18,1417847.9,online_payment,M00395,USD,success,mobile,D002315,32.57.153.89,credit_card,Bangkok,"18.316997,103.331716",29,M,2018-08-28,active,0.82,0,0,0,auto_approved,0.2612,2022
caaf6da9-dc00-47de-80a6-ba1a0510b382,U000884,2022-09-21 15:02:12,15:02:12,1879013.12,purchase,M00461,VND,success,mobile,D001766,9.239.201.205,debit_card,Bangkok,"13.970365,104.068624",36,F,2021-12-25,active,0.86,0,0,0,auto_approved,0.3444,2022
09f0081f-5ab4-40e0-ac89-d2278ad6a8fc,U000674,2022-02-06 17:29:05,17:29:05,3383271.41,purchase,M00241,USD,success,desktop,D001375,169.167.246.195,debit_card,Kuala Lumpur,"17.378076,108.852894",38,M,2015-02-07,active,0.56,0,1,1,pending_review,0.3424,2022
6eaeb13c-0ee9-4251-b282-25f1add4f61b,U001684,2022-03-27 21:36:00,21:36:00,21933.91,transfer,M00092,USD,success,atm,D000495,76.244.238.1,debit_card,Da Nang,"12.758896,103.354495",32,M,2014-01-16,active,0.7,0,0,0,auto_approved,0.1947,2022
94be4c95-151b-4629-b27c-0d5e403ba54a,U000800,2022-06-03 22:08:56,22:08:56,1118354.11,transfer,M00028,VND,success,atm,D002445,178.103.228.64,mobile_wallet,Singapore,"12.856094,104.874467",36,M,2021-02-02,active,0.54,2,1,0,auto_approved,0.2193,2022
c5ceda92-b7aa-4b61-8f90-539d87d6396a,U000582,2022-07-04 12:32:48,12:32:48,139571.56,cash_withdrawal,M00398,VND,success,atm,D000120,51.118.240.229,debit_card,Da Nang,"15.779592,102.10985",42,M,2019-01-18,active,0.89,0,0,0,auto_approved,0.3135,2022
5ca1c44f-2ee4-421f-a877-adaa7e68d57c,U000680,2022-09-08 14:02:42,14:02:42,7014.45,transfer,M00071,VND,success,desktop,D001532,134.247.225.252,mobile_wallet,Ho Chi Minh City,"20.124577,102.044205",69,M,2017-05-23,active,0.53,1,0,0,auto_approved,0.3441,2022
3b39be1f-bf4a-4715-884f-7874a9a01a78,U001270,2022-06-16 23:49:40,23:49:40,652160.57,transfer,M00093,VND,success,desktop,D002430,104.141.62.124,debit_card,Kuala Lumpur,"14.368845,106.798644",26,F,2017-04-26,active,0.74,0,0,0,auto_approved,0.181,2022
aab0b3fe-647b-440c-b3b8-4f24277611df,U000773,2022-04-02 15:45:16,15:45:16,44843.05,purchase,M00270,VND,success,pos,D001716,205.164.103.113,credit_card,Bangkok,"9.107036,106.025531",46,F,2020-03-26,active,0.65,2,1,0,auto_approved,0.4582,2022
1acfd38d-747d-4f8f-856a-2f45096d5f3b,U000393,2022-05-11 03:26:12,03:26:12,793898.61,online_payment,M00463,VND,success,mobile,D002870,252.78.192.113,bank_transfer,Ho Chi Minh City,"12.731979,108.739938",38,F,2015-08-03,active,0.81,1,0,0,auto_approved,0.3597,2022
ab5653dc-eded-4c16-8025-1a4ea56af2df,U000658,2022-02-08 21:28:29,21:28:29,63998.87,purchase,M00139,USD,success,pos,D000643,37.44.255.100,bank_transfer,Ho Chi Minh City,"8.902665,104.035784",43,F,2017-03-07,active,0.61,1,1,1,pending_review,0.4888,2022
eafb73be-9e03-4756-b351-9baa7a0d04a9,U001843,2022-06-14 20:20:40,20:20:40,41391.94,purchase,M00488,USD,success,atm,D001396,136.27.30.36,bank_transfer,Da Nang,"21.087582,106.090834",41,F,2016-05-27,under_review,0.78,0,0,0,auto_approved,0.3733,2022
54285a2e-3cbc-4d89-9ca8-14d538665373,U001513,2022-07-05 23:35:12,23:35:12,172231.96,cash_withdrawal,M00468,VND,success,mobile,D000845,70.122.79.110,mobile_wallet,Hanoi,"13.163132,103.204276",46,M,2019-12-31,active,0.91,0,0,0,auto_approved,0.0382,2022
e34ad74e-0557-4c04-bafc-7f8719f196c0,U001251,2022-07-07 15:47:26,15:47:26,1496302.2,purchase,M00206,USD,success,pos,D000349,181.224.24.102,credit_card,Kuala Lumpur,"15.984795,106.428343",26,F,2015-07-23,active,0.48,0,0,0,auto_approved,0.1366,2022
37040abd-4991-4b27-833c-0285b806e9ea,U001538,2022-10-28 09:08:27,09:08:27,231899.56,transfer,M00006,VND,success,pos,D000926,240.31.31.118,debit_card,Ho Chi Minh City,"16.493068,103.038832",62,F,2021-06-07,active,0.81,1,0,0,auto_approved,0.2463,2022
8a9e221c-9ab2-4080-a282-b1febd13039f,U001900,2022-06-05 07:02:34,07:02:34,90338.06,transfer,M00359,VND,success,desktop,D000555,127.64.201.190,bank_transfer,Da Nang,"9.079082,105.871673",60,M,2022-04-25,active,0.96,0,1,0,auto_approved,0.2953,2022
edaa4c90-e3bc-4afa-853b-30436f4b8014,U001847,2022-12-02 15:44:12,15:44:12,222905.06,online_payment,M00227,USD,success,mobile,D002845,232.198.156.245,debit_card,Bangkok,"16.979185,104.381935",33,F,2018-12-18,active,0.9,0,0,0,auto_approved,0.3559,2022
dc472b92-8ead-4fd8-849f-2ebd418cf50d,U001601,2022-09-13 11:33:52,11:33:52,1130505.23,purchase,M00392,USD,success,mobile,D001717,63.189.101.190,debit_card,Hanoi,"21.342656,107.976969",29,F,2018-02-27,active,0.67,0,0,0,auto_approved,0.4137,2022
5c264997-cd82-4935-8bb1-e0fdcb85f076,U000402,2022-07-18 16:34:28,16:34:28,2114271.37,purchase,M00009,USD,success,atm,D002831,16.124.56.56,debit_card,Bangkok,"21.260154,105.70183",24,M,2015-03-08,blocked,0.45,0,0,0,auto_approved,0.1555,2022
b8603ffd-0e6b-4024-836d-41377a7eedd4,U000817,2022-11-10 10:32:17,10:32:17,243959.92,cash_withdrawal,M00175,VND,success,mobile,D002750,248.20.92.25,credit_card,Da Nang,"10.599446,104.452034",43,F,2019-02-17,active,0.46,1,0,0,auto_approved,0.5266,2022
a8611d7d-0b1a-43df-b535-b275730e80e4,U001518,2022-09-13 20:13:34,20:13:34,272065.27,bill_payment,M00079,VND,success,pos,D000344,38.21.35.5,debit_card,Hanoi,"15.200728,105.229461",24,M,2019-02-27,active,0.95,0,0,0,auto_approved,0.0245,2022
30d78eed-fa3b-43ae-a575-9a4662eb524d,U001485,2022-03-27 04:01:17,04:01:17,653352.07,transfer,M00277,VND,success,atm,D000595,164.187.157.138,credit_card,Bangkok,"15.006374,102.349766",61,M,2017-05-18,active,0.89,0,0,0,auto_approved,0.4354,2022
1df52856-8ec3-4328-8467-54581ddea48d,U000038,2022-01-23 04:07:05,04:07:05,1051607.76,purchase,M00040,USD,success,pos,D002051,41.101.182.218,debit_card,Da Nang,"14.341541,107.49533",58,F,2015-09-28,active,0.45,0,0,0,auto_approved,0.2434,2022
2e0d60e7-d035-4d35-9225-f073c2aca936,U001264,2022-04-12 23:29:04,23:29:04,429241.04,purchase,M00201,USD,success,pos,D000919,40.2.235.178,bank_transfer,Ho Chi Minh City,"11.025276,102.7275",22,M,2014-08-03,active,0.83,0,0,0,auto_approved,0.4027,2022
e15176de-0e06-411b-847d-6c0a5c1dc060,U001927,2022-06-20 21:24:28,21:24:28,347688.95,cash_withdrawal,M00140,VND,success,pos,D002522,139.228.56.216,debit_card,Ho Chi Minh City,"8.393781,105.349449",44,M,2016-12-13,active,0.86,0,0,0,auto_approved,0.2767,2022
7a6bccc0-2c0e-4fa2-af4c-7dde66335c9f,U000683,2022-11-12 08:12:34,08:12:34,74277.43,transfer,M00051,USD,success,atm,D002222,210.7.172.209,debit_card,Da Nang,"15.003734,103.507721",70,F,2014-09-20,active,0.55,0,0,0,auto_approved,0.2414,2022
0f19c0ff-27e9-4e2a-8fe1-aeb900349856,U000320,2022-05-16 12:30:10,12:30:10,268731.62,online_payment,M00428,USD,success,mobile,D002431,246.121.238.58,mobile_wallet,Da Nang,"14.558443,107.594363",59,M,2015-08-08,active,0.45,0,0,0,auto_approved,0.1951,2022
ada8a49b-6fa1-463a-9576-36cf7c8cefa2,U001929,2022-02-23 11:08:07,11:08:07,165630.39,bill_payment,M00014,USD,success,desktop,D001941,147.66.53.61,credit_card,Da Nang,"15.088861,103.643708",57,F,2017-12-05,under_review,0.72,0,0,0,auto_approved,0.0591,2022
ee2a6ca6-54ae-416b-9ca8-905494ca8afa,U001346,2022-06-22 21:26:13,21:26:13,510609.47,cash_withdrawal,M00483,VND,success,mobile,D000329,105.109.153.161,debit_card,Bangkok,"15.106844,104.530701",26,M,2015-02-20,active,0.47,0,0,0,auto_approved,0.1591,2022
72da1556-080f-4c2c-bb6d-c7201bde0ad1,U000201,2022-10-25 15:52:20,15:52:20,25064.85,purchase,M00342,VND,success,pos,D000616,94.199.147.76,mobile_wallet,Kuala Lumpur,"19.14461,102.939847",40,F,2014-11-03,active,0.74,0,0,0,auto_approved,0.1475,2022
34749354-9399-4673-b074-683de00279ba,U000910,2022-01-18 00:58:42,00:58:42,172757.16,online_payment,M00235,USD,success,desktop,D000441,216.164.64.124,credit_card,Kuala Lumpur,"10.620048,106.974698",35,M,2020-02-14,active,0.89,0,0,0,auto_approved,0.0149,2022
def3aeee-79e1-43ba-ba58-8f54f4526f8c,U000566,2022-10-13 00:02:31,00:02:31,420132.5,transfer,M00164,USD,success,desktop,D000528,188.97.79.202,bank_transfer,Kuala Lumpur,"20.40375,104.902198",36,F,2017-03-07,active,0.64,0,0,0,auto_approved,0.0165,2022
2f04c72a-567f-40b8-9b67-382a5f3706b0,U000965,2022-05-21 17:10:38,17:10:38,102245.47,bill_payment,M00317,VND,success,mobile,D000368,100.83.181.29,credit_card,Ho Chi Minh City,"13.359361,102.465788",54,M,2020-08-17,active,0.57,0,0,0,auto_approved,0.3,2022
7276d890-7a23-4a7c-9777-082f21f4e152,U000905,2022-11-30 06:00:18,06:00:18,316531.64,cash_withdrawal,M00338,VND,success,desktop,D000954,217.129.8.129,mobile_wallet,Bangkok,"21.12207,108.147972",59,F,2018-10-22,active,0.85,0,0,0,auto_approved,0.3751,2022
2c8edecb-f73b-4444-a3ce-bfe86e789b8d,U001934,2022-11-04 08:28:10,08:28:10,10984.75,bill_payment,M00408,VND,success,atm,D002844,43.177.123.240,credit_card,Singapore,"11.229936,107.42124",35,M,2015-03-22,active,0.69,0,0,0,auto_approved,0.3328,2022
47dceb43-66aa-4901-856f-8668f71c3f8d,U001974,2022-04-30 05:58:55,05:58:55,230218.19,online_payment,M00320,USD,success,mobile,D001550,232.167.238.36,mobile_wallet,Kuala Lumpur,"21.903901,103.43616",24,M,2014-10-16,blocked,0.52,0,0,0,auto_approved,0.2945,2022
1c7af219-2c62-433e-9551-42cf5375e5c3,U000522,2022-07-31 08:08:41,08:08:41,1639221.02,purchase,M00454,VND,success,atm,D002363,234.199.240.132,debit_card,Ho Chi Minh City,"8.557709,104.358801",50,F,2019-07-16,under_review,0.86,0,0,0,auto_approved,0.3144,2022
c2987018-7ce0-422e-857a-f7a972823bc5,U000659,2022-02-22 08:26:40,08:26:40,211159.21,purchase,M00175,VND,success,desktop,D002579,185.33.81.229,debit_card,Ho Chi Minh City,"19.240143,104.979258",49,F,2013-12-09,active,0.53,1,1,1,pending_review,0.7714,2022
e720e778-5c34-42da-87e1-3fc940fb9530,U001254,2022-10-02 16:37:53,16:37:53,215505.57,cash_withdrawal,M00188,VND,success,atm,D001214,250.26.17.43,mobile_wallet,Da Nang,"9.236835,102.257775",49,F,2016-03-22,active,0.47,0,0,0,auto_approved,0.1304,2022
9cf72f5f-57e2-4f19-a99b-2755ac8c388f,U001360,2022-07-16 02:01:31,02:01:31,1044513.09,transfer,M00203,VND,success,mobile,D000884,119.53.139.83,mobile_wallet,Da Nang,"17.242973,103.375795",63,M,2015-08-11,active,0.83,0,0,0,auto_approved,0.2393,2022
2609f0f0-b38c-4c04-b9b1-86d888d9535e,U000421,2022-04-18 17:50:34,17:50:34,89585.95,online_payment,M00483,VND,success,desktop,D002451,202.68.2.35,debit_card,Hanoi,"21.460591,107.196865",40,M,2019-04-25,active,0.73,0,0,0,auto_approved,0.1118,2022
873fb431-f9e4-42bd-a429-0a53eecc112d,U001382,2022-03-04 16:59:57,16:59:57,1096524.52,bill_payment,M00222,VND,success,desktop,D001271,135.133.24.17,credit_card,Singapore,"13.769688,104.160041",56,M,2020-04-30,active,0.57,0,0,0,auto_approved,0.3055,2022
1f70a142-2646-421b-b185-3bac70dca7d0,U001705,2022-04-09 19:52:06,19:52:06,240559.46,transfer,M00355,VND,failed,pos,D002123,242.93.77.182,bank_transfer,Ho Chi Minh City,"14.424195,106.611564",27,F,2016-07-20,active,0.68,0,0,0,auto_approved,0.3983,2022
6c76e967-5d21-49f9-85b8-97990947de58,U001386,2022-11-27 20:32:27,20:32:27,237034.52,cash_withdrawal,M00445,USD,success,pos,D001110,43.252.196.80,bank_transfer,Bangkok,"13.322607,106.898043",18,M,2019-11-23,active,0.64,0,0,0,auto_approved,0.3976,2022
1eebeb84-ff2b-4e9e-9291-851db39f61ba,U001385,2022-06-26 07:54:09,07:54:09,1304496.13,bill_payment,M00226,VND,success,atm,D002995,58.139.57.29,mobile_wallet,Da Nang,"20.210822,102.834655",19,M,2017-05-12,active,0.76,0,0,0,auto_approved,0.4406,2022
c87c5c6a-1650-4cdf-a72f-a3d38d963f0f,U001874,2022-02-03 04:24:02,04:24:02,118246.78,online_payment,M00157,VND,failed,mobile,D002980,172.39.246.141,mobile_wallet,Kuala Lumpur,"17.770634,103.272377",38,M,2016-04-27,active,0.8,0,0,0,auto_approved,0.4134,2022
87fb3b52-7402-40b4-8408-dcccf40c63f5,U001059,2022-09-20 14:44:19,14:44:19,733653.24,purchase,M00398,VND,pending,desktop,D001620,136.38.201.103,debit_card,Bangkok,"14.81419,102.017853",56,M,2018-08-11,active,0.77,0,0,0,auto_approved,0.0948,2022
f8e464bf-6b87-4b6a-b4db-45b2edb1ee97,U000285,2022-12-30 11:13:47,11:13:47,66710.67,cash_withdrawal,M00400,VND,success,atm,D002961,111.217.102.63,bank_transfer,Da Nang,"20.712588,104.692465",47,M,2019-03-18,active,0.97,0,0,0,auto_approved,0.1971,2022
c81738de-461d-48ed-b329-7826cfed26fa,U000696,2022-06-22 19:58:52,19:58:52,704498.81,bill_payment,M00058,VND,success,desktop,D002847,195.228.203.118,mobile_wallet,Kuala Lumpur,"18.072119,102.043864",23,M,2018-08-05,active,0.58,0,0,0,auto_approved,0.211,2022
8f4e0be5-b0db-4e2a-8b99-91bbfb64d8c2,U000437,2022-03-29 04:49:51,04:49:51,872396.71,transfer,M00122,USD,success,pos,D001865,155.108.200.119,mobile_wallet,Bangkok,"11.51253,107.534834",37,M,2017-07-29,active,0.66,0,0,0,auto_approved,0.4331,2022
f9c0e39c-867f-42c7-a4e8-cd34c6b8e414,U000164,2022-10-24 21:37:30,21:37:30,1173629.88,purchase,M00428,VND,success,atm,D001304,62.165.124.142,bank_transfer,Da Nang,"19.456137,105.708332",50,F,2018-12-02,active,0.76,0,1,0,auto_approved,0.4172,2022
5b5a6856-4c08-4f86-9d6e-7f186ab6638b,U001492,2022-05-28 11:42:43,11:42:43,1249936.26,purchase,M00177,USD,success,desktop,D001105,195.164.180.149,debit_card,Hanoi,"8.271753,107.547519",48,M,2020-03-29,under_review,0.64,0,0,0,auto_approved,0.1811,2022
bf61238b-bbf6-45cd-bdaa-bb36568de0bb,U001452,2022-09-25 07:49:30,07:49:30,21807.12,transfer,M00168,USD,success,desktop,D001451,186.86.212.238,mobile_wallet,Bangkok,"21.727793,108.903956",56,M,2019-03-14,active,0.88,0,0,0,auto_approved,0.2674,2022
b40203e4-1b13-4bcb-82ca-6e523afabcad,U000830,2022-09-28 19:55:20,19:55:20,1206021.76,bill_payment,M00125,VND,success,atm,D002540,66.21.62.120,debit_card,Bangkok,"10.272461,105.422108",24,M,2021-09-29,active,0.65,0,0,0,auto_approved,0.3421,2022
927aab2b-981c-4874-bebc-7926a0af2d61,U001492,2022-07-28 22:46:16,22:46:16,852075.71,cash_withdrawal,M00347,USD,success,pos,D000434,116.132.65.36,bank_transfer,Bangkok,"18.102034,106.552384",42,M,2014-05-14,active,0.8,0,0,0,auto_approved,0.3243,2022
1ad90f8d-37b2-4652-ab3d-87e77ec7c815,U001169,2022-03-17 01:51:54,01:51:54,209480.65,online_payment,M00293,VND,success,mobile,D000634,229.18.134.6,bank_transfer,Da Nang,"14.525403,108.457236",24,F,2017-11-18,active,0.76,3,1,0,auto_approved,0.2158,2022
ea61fe43-0953-4d2b-91b2-2a48517332f9,U000502,2022-03-27 03:56:42,03:56:42,388778.28,purchase,M00410,VND,success,mobile,D001505,116.220.82.83,credit_card,Singapore,"21.421351,102.597509",31,F,2020-10-01,active,0.45,0,0,0,auto_approved,0.0428,2022
e655b03e-81eb-48c0-8d3a-8eaf2a90447a,U000226,2022-10-31 16:02:17,16:02:17,196323.29,transfer,M00317,USD,success,atm,D002172,241.239.38.127,bank_transfer,Ho Chi Minh City,"18.608083,107.179672",27,M,2022-03-13,active,0.47,0,0,0,auto_approved,0.0331,2022
0f0f9a4f-e96b-492e-9914-cfdebc1eb11b,U000736,2022-09-25 20:32:50,20:32:50,44906.73,bill_payment,M00315,VND,success,mobile,D002966,192.18.89.255,credit_card,Ho Chi Minh City,"9.903904,105.922183",34,M,2022-07-23,blocked,0.58,0,0,0,auto_approved,0.0429,2022
61490148-71f1-4de9-af84-89960597042d,U001482,2022-07-04 18:34:39,18:34:39,2047904.98,purchase,M00308,USD,success,mobile,D002847,235.209.255.175,debit_card,Singapore,"16.216714,108.242632",51,M,2017-03-19,active,0.48,0,0,0,auto_approved,0.3597,2022
878532d4-c58e-4034-9bd9-72184be841db,U000005,2022-05-01 06:52:12,06:52:12,1044832.24,cash_withdrawal,M00031,VND,success,desktop,D001757,203.188.118.166,credit_card,Ho Chi Minh City,"13.69588,103.913692",39,M,2016-02-07,active,0.67,0,0,0,auto_approved,0.3943,2022
14478095-1387-482b-9378-f2d0df25537f,U001160,2022-06-09 11:28:05,11:28:05,2163465.35,bill_payment,M00264,USD,success,pos,D002370,17.110.254.11,credit_card,Da Nang,"11.948201,103.940981",60,M,2014-05-06,active,0.82,0,0,0,auto_approved,0.2235,2022
be49adc3-7913-45f5-a433-8b3da0f8b82b,U001308,2022-10-01 10:14:05,10:14:05,1900524.49,transfer,M00379,USD,success,mobile,D000925,240.139.218.7,mobile_wallet,Kuala Lumpur,"13.096032,104.681375",68,M,2018-09-07,active,0.68,0,0,0,auto_approved,0.1933,2022
348dc89f-66d4-414d-8d21-3863d6a4d61a,U000311,2022-01-27 10:36:08,10:36:08,309456.94,transfer,M00201,VND,success,atm,D000750,108.189.187.130,bank_transfer,Singapore,"9.02479,104.528731",68,M,2014-06-19,active,0.89,1,0,0,auto_approved,0.3322,2022
5858b73b-ba78-489f-9545-885de5f08d2b,U000200,2022-09-11 08:10:57,08:10:57,23617.21,online_payment,M00414,VND,success,desktop,D001469,200.144.48.116,credit_card,Bangkok,"11.902777,102.115174",29,F,2020-06-19,active,0.68,0,0,0,auto_approved,0.3491,2022
10700e5e-01fc-4536-b722-8dd75ee26495,U001967,2022-05-01 14:35:40,14:35:40,930632.33,bill_payment,M00478,USD,success,pos,D002520,68.202.2.216,bank_transfer,Ho Chi Minh City,"18.390673,107.997031",47,F,2019-01-17,active,0.78,0,0,0,auto_approved,0.4265,2022
b30220ce-9f98-4d7e-954d-aa603212dd6f,U000600,2022-09-03 02:55:21,02:55:21,629917.44,online_payment,M00171,USD,success,desktop,D002808,237.177.56.110,debit_card,Singapore,"10.914151,103.691714",55,F,2014-07-18,active,0.82,3,1,0,auto_approved,0.5535,2022
c104cc9a-bb41-4ea5-b6a3-dfdb3dbeaaac,U000451,2022-08-13 15:40:01,15:40:01,843535.97,cash_withdrawal,M00023,USD,success,pos,D001899,248.124.207.3,debit_card,Bangkok,"21.331374,103.219082",24,M,2021-12-05,blocked,0.92,0,0,0,auto_approved,0.1953,2022
889491fb-8e36-4797-9b90-fd3eaa647ec4,U000173,2022-10-11 03:45:11,03:45:11,174582.27,transfer,M00212,USD,success,mobile,D000238,42.250.16.244,debit_card,Bangkok,"13.740576,106.105085",33,F,2019-11-02,active,0.76,1,0,0,auto_approved,0.3062,2022
f126256f-9bce-42a6-b363-89d3c7cb00fd,U000343,2022-03-23 22:44:42,22:44:42,362365.39,purchase,M00016,VND,success,atm,D000039,127.32.178.255,credit_card,Singapore,"12.372325,102.759449",18,F,2016-04-22,active,0.6,0,0,0,auto_approved,0.407,2022
aed60cdf-8064-42b5-9529-8c728dd9541e,U000516,2022-02-03 20:09:33,20:09:33,939478.32,online_payment,M00138,VND,success,mobile,D002732,49.203.38.102,mobile_wallet,Ho Chi Minh City,"12.306883,102.713433",64,F,2021-06-23,active,0.45,0,0,0,auto_approved,0.1923,2022
e6834b3a-daae-4eb3-b204-99efc09a52d1,U000980,2022-02-12 08:51:15,08:51:15,437690.87,purchase,M00407,USD,success,pos,D000862,33.233.184.30,debit_card,Singapore,"11.630001,102.188217",37,M,2015-06-10,active,0.54,3,1,0,auto_approved,0.4235,2022
9fde28c6-aaef-4dc5-bb9a-2f3dc0c1dcec,U000315,2022-04-12 16:08:13,16:08:13,528433.92,purchase,M00453,VND,success,atm,D001916,160.148.121.47,bank_transfer,Singapore,"10.915579,106.48415",27,F,2014-03-15,active,0.72,0,0,0,auto_approved,0.3157,2022
8c975842-175e-41dd-a2ac-e3a21e401668,U000812,2022-09-16 07:38:33,07:38:33,653761.24,bill_payment,M00486,VND,success,desktop,D002550,102.170.72.145,bank_transfer,Kuala Lumpur,"21.078558,103.197686",27,M,2016-05-08,under_review,0.52,0,0,0,auto_approved,0.2829,2022
eb02ec16-2cb0-4301-aa00-8956f76288b3,U001217,2022-10-26 07:29:41,07:29:41,302173.74,online_payment,M00398,USD,success,mobile,D002330,165.20.26.38,bank_transfer,Hanoi,"18.63413,105.126915",70,F,2014-09-23,active,0.67,0,0,0,auto_approved,0.1978,2022
94827bf9-fed3-4476-ba7f-ab1031a2c0f7,U001970,2022-10-16 11:42:29,11:42:29,1216444.71,bill_payment,M00052,USD,success,pos,D001817,37.207.216.112,credit_card,Hanoi,"18.967943,102.505383",56,F,2015-11-20,active,0.88,0,0,0,auto_approved,0.0614,2022
bc440c5c-ca76-4948-8507-dbe59bdd11e6,U001454,2022-08-26 13:23:48,13:23:48,96878.23,cash_withdrawal,M00276,USD,success,desktop,D001615,227.50.217.114,debit_card,Ho Chi Minh City,"19.87005,102.89268",36,F,2016-12-01,active,0.98,0,0,0,auto_approved,0.3108,2022
385ffc50-0cde-4cf2-8b53-fbd9b91e2c42,U001485,2022-01-29 03:04:37,03:04:37,1157736.06,online_payment,M00481,USD,success,desktop,D002113,195.248.164.221,mobile_wallet,Kuala Lumpur,"21.854923,105.062722",22,F,2021-02-04,active,0.77,0,0,0,auto_approved,0.1731,2022
e6bee105-3193-480c-8b93-dba194357509,U001860,2022-10-18 05:02:10,05:02:10,440977.06,bill_payment,M00019,VND,success,pos,D002791,149.156.2.172,credit_card,Singapore,"14.24016,106.819911",41,M,2017-08-08,active,0.91,0,0,0,auto_approved,0.091,2022
8f732f3b-dcfe-430d-a247-38f81a4b0e9a,U000033,2022-01-13 00:05:40,00:05:40,1519228.56,transfer,M00202,VND,success,atm,D000421,237.194.187.177,bank_transfer,Hanoi,"17.199094,103.259869",50,F,2019-05-01,active,0.81,0,1,1,pending_review,0.4002,2022
0af0a819-f9ab-4e36-8b73-1798eeb5a0ff,U000873,2022-01-23 23:32:37,23:32:37,1147491.97,bill_payment,M00339,USD,success,mobile,D001701,26.178.240.178,bank_transfer,Da Nang,"16.768053,104.636507",45,F,2018-03-10,active,0.69,0,0,0,auto_approved,0.1367,2022
a326ae53-aeb3-49f0-8251-b6341d975b15,U000416,2022-12-04 01:16:40,01:16:40,147361.61,cash_withdrawal,M00315,USD,success,desktop,D002049,71.60.96.214,bank_transfer,Kuala Lumpur,"11.836624,104.710937",31,F,2016-08-26,active,0.88,0,0,0,auto_approved,0.2228,2022
c04f2eed-1c31-4c20-8fdd-5ece150ea081,U000669,2022-06-17 11:15:36,11:15:36,86350.09,online_payment,M00010,USD,success,pos,D002721,200.235.210.149,mobile_wallet,Da Nang,"14.19641,105.923088",23,M,2022-01-04,active,0.65,0,0,0,auto_approved,0.0753,2022
9d87cfa0-1b29-436a-b635-c71ecdc57a56,U000005,2022-11-28 03:47:15,03:47:15,912628.01,cash_withdrawal,M00404,USD,success,pos,D001277,200.124.90.147,debit_card,Da Nang,"20.646964,105.865685",46,F,2017-01-24,active,0.5,0,0,0,auto_approved,0.1889,2022
beca3588-d2e0-4fa5-895f-cb42233d3ca8,U001700,2022-05-17 07:39:59,07:39:59,23116.15,purchase,M00134,VND,success,desktop,D000681,43.117.22.100,mobile_wallet,Kuala Lumpur,"11.652711,105.628229",52,M,2020-09-03,active,0.45,0,0,0,auto_approved,0.0111,2022
e7430c47-ccb2-4b69-ba66-9cd3be246a60,U001171,2022-10-16 03:02:30,03:02:30,813274.27,online_payment,M00202,VND,failed,desktop,D002182,216.192.11.40,debit_card,Bangkok,"9.228167,104.222889",22,F,2016-06-08,active,0.85,0,0,0,auto_approved,0.1199,2022
5c8aeb8b-3915-4943-b561-82f2a2eb9792,U000650,2022-11-03 21:41:37,21:41:37,312560.92,purchase,M00058,USD,success,mobile,D002143,47.188.254.57,bank_transfer,Bangkok,"8.670347,108.435152",66,M,2021-03-06,active,0.95,0,0,0,auto_approved,0.1712,2022
87ee9a18-47c6-408c-bd9a-98a286a3820f,U001211,2022-08-18 05:55:43,05:55:43,382373.37,online_payment,M00269,VND,success,desktop,D000986,151.130.218.44,credit_card,Singapore,"10.344053,106.465662",37,M,2016-08-11,under_review,0.49,0,0,0,auto_approved,0.2917,2022
11325dfd-c15d-4c29-959e-07235d946a40,U001288,2022-06-26 19:51:43,19:51:43,42255.42,purchase,M00130,USD,success,desktop,D001366,180.99.51.241,credit_card,Kuala Lumpur,"11.628179,106.983881",18,F,2018-05-28,active,0.94,0,0,0,auto_approved,0.1444,2022
18e0605e-2667-40a8-909a-fba0fec78928,U001459,2022-06-27 15:29:21,15:29:21,1799252.42,online_payment,M00256,USD,success,pos,D002062,212.135.137.216,bank_transfer,Hanoi,"19.749279,103.663803",57,F,2016-01-30,active,0.51,0,0,0,auto_approved,0.2506,2022
82623d20-d3ce-4e05-a922-024b9d20f82d,U001484,2022-10-27 03:36:53,03:36:53,856311.13,online_payment,M00232,USD,success,mobile,D000764,3.196.52.198,debit_card,Singapore,"21.677137,108.979788",26,M,2020-02-13,active,0.76,1,0,0,auto_approved,0.477,2022
92e6d24a-e626-4a72-a6e8-975946beeacf,U001660,2022-03-20 14:43:37,14:43:37,9819.01,transfer,M00148,USD,success,desktop,D002457,185.202.201.40,bank_transfer,Da Nang,"12.836328,107.317348",51,M,2015-03-03,active,0.75,0,0,0,auto_approved,0.4417,2022
aeb6f678-7f31-411b-a43d-467b2d82ada4,U000566,2022-10-03 06:10:16,06:10:16,262023.42,cash_withdrawal,M00180,USD,success,desktop,D002428,40.118.168.126,debit_card,Kuala Lumpur,"10.547102,108.26383",69,F,2016-03-23,active,0.76,0,0,0,auto_approved,0.2524,2022
ee90c6da-d4fa-4ca3-86b7-389e3eaeabaf,U001849,2022-11-12 21:05:40,21:05:40,1586579.95,bill_payment,M00436,USD,success,pos,D002734,237.135.50.100,debit_card,Singapore,"16.809397,105.414315",55,F,2018-11-14,active,0.51,0,0,0,auto_approved,0.0284,2022
bf23fbbb-47b3-4466-9752-bb326369cb5d,U000726,2022-03-23 14:26:32,14:26:32,2342.02,online_payment,M00116,USD,success,atm,D002789,236.38.184.186,credit_card,Ho Chi Minh City,"13.419257,107.238891",51,M,2019-07-05,active,0.69,0,0,0,auto_approved,0.0212,2022
6479d0f5-8c8e-4070-bf40-32dfe3c6a449,U000222,2022-09-14 11:24:08,11:24:08,6548.9,bill_payment,M00414,VND,success,mobile,D000609,90.39.60.109,mobile_wallet,Ho Chi Minh City,"12.028144,103.970355",26,F,2017-04-10,active,0.58,0,0,0,auto_approved,0.2683,2022
2e78d82a-2a2c-4149-9a50-e727d9870ed6,U001458,2022-07-27 11:20:48,11:20:48,2285539.28,purchase,M00260,USD,success,pos,D001953,192.202.184.79,debit_card,Kuala Lumpur,"12.147291,103.193493",62,F,2018-11-15,active,0.92,1,1,0,auto_approved,0.4285,2022
e3f82da3-743b-4459-82ed-4395c0a78043,U001343,2022-03-09 05:05:49,05:05:49,504854.3,online_payment,M00311,USD,success,mobile,D001288,43.166.211.13,credit_card,Singapore,"21.817287,102.878071",66,F,2015-02-21,active,0.93,0,0,0,auto_approved,0.0615,2022
2a2f60e8-a97b-42b3-8fec-981e00ab9737,U000511,2022-09-29 09:17:43,09:17:43,2428622.88,transfer,M00132,USD,success,mobile,D001228,156.249.175.128,credit_card,Hanoi,"16.777154,106.923729",21,M,2017-07-26,active,0.69,1,0,0,auto_approved,0.4584,2022
a0183050-ba75-48b4-8b8d-14ef248cbc92,U001287,2022-08-08 06:18:59,06:18:59,205054.77,bill_payment,M00183,VND,success,pos,D000223,161.72.77.6,credit_card,Ho Chi Minh City,"13.377088,107.234422",44,F,2020-06-25,active,0.83,0,0,0,auto_approved,0.4191,2022
790937fd-1d24-4117-a4f7-d95b00a8d7e8,U000814,2022-10-13 02:32:03,02:32:03,397585.53,online_payment,M00021,VND,success,mobile,D001845,252.74.52.27,debit_card,Kuala Lumpur,"11.626096,102.515386",43,M,2020-07-23,active,0.47,0,0,0,auto_approved,0.1094,2022
60a812f1-634c-4a38-a2bd-833a75ddbf93,U000184,2022-09-04 21:32:30,21:32:30,2224161.53,cash_withdrawal,M00402,VND,success,desktop,D000058,183.185.73.153,credit_card,Singapore,"9.197142,106.364993",28,M,2017-06-20,active,0.82,0,0,0,auto_approved,0.0443,2022
67543360-4eb1-48b8-864b-135073c92f12,U001213,2022-02-08 01:53:43,01:53:43,154209.19,online_payment,M00063,VND,success,mobile,D000959,194.213.171.202,bank_transfer,Bangkok,"21.58497,102.212469",53,F,2014-08-11,active,0.72,0,0,0,auto_approved,0.1914,2022
8872dd9f-6062-47a0-aeac-fb4d1d2736e2,U000380,2022-01-03 13:01:00,13:01:00,147173.26,bill_payment,M00068,USD,pending,pos,D000931,223.219.156.125,credit_card,Singapore,"21.449445,106.413914",56,M,2020-09-27,active,0.7,0,0,0,auto_approved,0.0648,2022
fb70977b-25ed-49b7-a3fa-d7deeeb7342a,U000166,2022-10-23 20:51:06,20:51:06,356023.06,online_payment,M00253,VND,success,pos,D002336,124.15.98.105,bank_transfer,Hanoi,"8.361104,106.614124",44,F,2017-09-08,active,0.82,0,0,0,auto_approved,0.3579,2022
33fb60fd-7a3b-4984-9b09-caae9522a642,U001964,2022-12-03 08:26:53,08:26:53,1257606.32,cash_withdrawal,M00442,USD,success,desktop,D001467,224.20.161.213,debit_card,Bangkok,"16.339239,105.670469",67,M,2018-11-10,active,0.61,0,0,0,auto_approved,0.2878,2022
33c5448e-8186-4d03-bfcf-a674ccd9d7f5,U000043,2022-02-22 14:32:02,14:32:02,253914.26,cash_withdrawal,M00209,VND,success,pos,D001092,143.54.238.250,bank_transfer,Singapore,"21.168771,104.286387",29,F,2018-07-28,active,0.54,0,0,0,auto_approved,0.1404,2022
8b3fcd92-00f0-4025-853f-fe5ada3b82d3,U001411,2022-03-19 16:59:31,16:59:31,272612.73,transfer,M00289,USD,success,pos,D002541,88.239.37.3,mobile_wallet,Singapore,"19.111889,102.237508",70,F,2017-05-20,active,0.51,0,0,0,auto_approved,0.0647,2022
6aff86a5-c016-43ba-89e0-2735207a699f,U001347,2022-02-04 15:29:49,15:29:49,2168099.31,online_payment,M00383,VND,success,desktop,D000463,240.186.23.222,credit_card,Da Nang,"14.877716,103.870795",61,F,2014-10-28,active,0.53,0,0,0,auto_approved,0.4399,2022
3f1993b7-fc2e-4c0b-a91c-5843f1d7841a,U001245,2022-04-08 22:16:27,22:16:27,848454.83,bill_payment,M00424,USD,success,pos,D001033,133.161.190.65,credit_card,Singapore,"21.834278,102.528956",30,M,2022-01-19,active,0.59,1,0,0,auto_approved,0.1876,2022
f1cdc7f0-5601-4ba4-b439-e6fa429a301c,U000273,2022-02-03 05:31:27,05:31:27,267068.34,cash_withdrawal,M00110,VND,success,mobile,D002187,86.53.119.56,credit_card,Singapore,"19.442132,102.71242",34,F,2015-08-30,active,0.74,0,0,0,auto_approved,0.075,2022
52b2c3af-0b40-49ec-bca7-2536c84c6129,U000080,2022-06-24 17:22:47,17:22:47,1003683.0,cash_withdrawal,M00427,VND,success,desktop,D002754,164.147.190.227,debit_card,Singapore,"10.834321,103.966862",41,M,2021-12-29,active,0.98,0,0,0,auto_approved,0.1352,2022
cb1f7948-4b9a-4b68-bd4c-d2da2d871aa6,U001431,2022-11-23 09:28:49,09:28:49,582544.75,transfer,M00028,VND,success,mobile,D001567,74.105.214.216,mobile_wallet,Da Nang,"10.738246,105.190837",24,M,2021-05-05,active,0.51,0,0,0,auto_approved,0.1901,2022
0ad95958-84a9-4bf0-ab70-0738f09c2503,U000635,2022-12-24 09:30:22,09:30:22,32289.45,transfer,M00222,VND,success,pos,D002187,28.24.106.110,mobile_wallet,Ho Chi Minh City,"15.107315,102.576551",43,M,2018-02-18,active,0.7,0,0,0,auto_approved,0.3033,2022
a3b04119-789c-414c-9244-c364393820dc,U000747,2022-07-24 04:51:36,04:51:36,210451.5,online_payment,M00489,USD,success,pos,D001880,189.245.43.53,mobile_wallet,Bangkok,"10.092006,108.9534",50,F,2021-08-31,active,0.55,1,0,0,auto_approved,0.6008,2022
83bcba67-db44-4e1b-8bfe-1f20453ebbdc,U000089,2022-03-30 09:58:25,09:58:25,48336.84,cash_withdrawal,M00261,USD,success,atm,D002693,179.7.81.98,credit_card,Da Nang,"15.664532,108.369665",55,M,2016-04-17,active,0.93,0,0,0,auto_approved,0.2124,2022
180da905-0fd5-4ca9-b1c1-3f8ccfa9d70c,U000897,2022-08-23 04:52:15,04:52:15,1556259.29,purchase,M00237,VND,success,mobile,D000397,161.114.122.118,debit_card,Da Nang,"15.681057,105.519889",39,F,2015-02-09,active,0.47,0,0,0,auto_approved,0.2164,2022
0455cf69-7077-47b1-bb83-8e99743b557c,U000899,2022-07-04 04:08:01,04:08:01,682928.49,bill_payment,M00378,USD,success,pos,D002498,2.207.220.138,bank_transfer,Ho Chi Minh City,"18.058012,104.404488",56,M,2014-11-12,active,0.98,1,0,0,auto_approved,0.1423,2022
63fe2ae6-bd88-4eb2-a86f-d582f2141d47,U000444,2022-09-02 23:04:00,23:04:00,760808.27,purchase,M00418,USD,success,mobile,D002877,135.228.53.242,debit_card,Da Nang,"20.472883,104.033655",66,F,2016-07-26,blocked,0.89,0,0,0,auto_approved,0.2459,2022
df9c7cdc-91dd-43f0-9f83-152c563e3c26,U001010,2022-02-11 16:08:05,16:08:05,446496.76,cash_withdrawal,M00471,USD,success,desktop,D000958,161.245.144.111,bank_transfer,Da Nang,"9.378365,103.347304",70,F,2021-04-01,active,0.93,2,1,1,pending_review,0.2006,2022
330a90f3-7ea6-4ccf-a424-b43f7b145e2b,U001775,2022-10-28 06:40:37,06:40:37,1106164.2,transfer,M00459,VND,success,desktop,D000150,165.17.231.127,debit_card,Hanoi,"8.894323,106.85308",19,M,2015-02-18,active,0.64,2,1,0,auto_approved,0.4282,2022
e0b53060-7a1e-41b0-bec0-e5a65d8312e7,U000406,2022-03-12 20:30:47,20:30:47,273071.64,cash_withdrawal,M00369,VND,success,pos,D001174,232.198.167.182,mobile_wallet,Ho Chi Minh City,"20.318366,104.928642",70,M,2015-12-10,active,0.85,0,0,0,auto_approved,0.2866,2022
933c13fb-c698-45d1-b996-844cddab1a28,U001170,2022-03-13 00:52:43,00:52:43,76326.8,bill_payment,M00052,USD,failed,atm,D000481,156.15.126.178,mobile_wallet,Kuala Lumpur,"11.381379,106.378246",22,M,2016-12-13,active,0.66,0,0,0,auto_approved,0.0659,2022
92141930-e6c6-46be-9fdb-acdf70e9fcae,U001152,2022-02-07 13:54:34,13:54:34,454926.31,online_payment,M00044,VND,success,pos,D000542,67.229.71.16,credit_card,Kuala Lumpur,"16.152498,107.175951",37,M,2018-06-17,active,0.51,0,0,0,auto_approved,0.3263,2022
7142f498-e753-4a1c-bca4-9b99747902de,U001725,2022-02-15 15:09:10,15:09:10,144301.36,online_payment,M00322,VND,success,pos,D002221,4.162.165.15,bank_transfer,Singapore,"14.271905,106.237437",60,M,2015-09-16,active,0.73,0,0,0,auto_approved,0.3711,2022
02308a10-f265-4a8c-91b1-26553d194252,U000646,2022-10-19 12:57:29,12:57:29,261523.62,online_payment,M00271,VND,success,pos,D002653,198.168.172.8,debit_card,Ho Chi Minh City,"18.679221,104.114651",45,F,2020-04-08,active,0.69,0,0,0,auto_approved,0.0552,2022
69cd8e85-a248-4aeb-ba15-da835983f90b,U001596,2022-03-20 01:21:41,01:21:41,164186.79,bill_payment,M00412,USD,success,desktop,D002474,151.116.195.169,debit_card,Singapore,"18.584781,102.54492",68,M,2014-11-17,active,0.68,0,0,0,auto_approved,0.1319,2022
3fcd8eb6-e999-41c3-af5a-b7d9c55e7ea9,U000416,2022-11-05 05:21:26,05:21:26,281884.74,online_payment,M00058,VND,success,atm,D000847,192.242.24.128,bank_transfer,Bangkok,"9.629153,108.671249",39,M,2015-05-22,active,0.63,0,0,0,auto_approved,0.318,2022
efe080b9-0c1e-4299-8ec1-2ddb769db23f,U000392,2022-05-03 22:14:43,22:14:43,267255.66,online_payment,M00156,USD,success,pos,D002243,69.216.174.49,credit_card,Hanoi,"9.490094,102.494583",38,F,2017-06-29,active,0.63,0,0,0,auto_approved,0.3987,2022
66249bb1-3fc0-404c-a1c3-bc3209e19be0,U001255,2022-10-31 15:13:22,15:13:22,782906.83,transfer,M00170,USD,success,atm,D001145,28.49.66.173,bank_transfer,Kuala Lumpur,"16.596727,103.218908",35,M,2016-03-26,active,0.48,0,1,0,auto_approved,0.38,2022
aa2a12ad-dcd2-4f55-bc60-e69d106385eb,U001424,2022-09-13 19:00:26,19:00:26,1633817.38,online_payment,M00115,VND,success,atm,D002065,213.87.109.119,debit_card,Singapore,"17.100212,105.018209",70,M,2018-05-05,active,0.52,0,0,0,auto_approved,0.3574,2022
326d9cbe-e64c-41ff-8975-0613fd4e124e,U001012,2022-09-29 21:37:27,21:37:27,1567759.21,transfer,M00166,VND,success,atm,D002654,88.44.251.18,debit_card,Bangkok,"11.582924,105.116083",46,M,2016-12-10,active,0.59,0,1,0,auto_approved,0.6248,2022
b8d4c34e-d913-4005-834e-89203aa177af,U000485,2022-11-26 06:00:50,06:00:50,387593.7,cash_withdrawal,M00319,VND,success,pos,D001941,180.15.142.211,bank_transfer,Ho Chi Minh City,"11.700817,108.802876",21,F,2016-01-14,active,0.67,0,0,0,auto_approved,0.232,2022
005227e2-116e-4733-a0b7-6e603596a741,U000664,2022-08-29 10:37:00,10:37:00,665428.78,bill_payment,M00225,VND,success,desktop,D000121,96.96.44.75,debit_card,Da Nang,"16.796672,104.052046",50,M,2016-05-25,active,0.8,2,1,0,auto_approved,0.2635,2022
04546901-0248-4857-ae10-fc2a2d0039e4,U000624,2022-03-24 15:46:48,15:46:48,1384169.39,transfer,M00102,USD,success,desktop,D000285,91.19.157.21,credit_card,Hanoi,"12.799257,106.197461",55,M,2021-10-15,active,0.82,0,0,0,auto_approved,0.4161,2022
496a9d0d-5b1e-431d-b4e2-91e2c0bf64ef,U001020,2022-11-17 19:56:29,19:56:29,758063.39,cash_withdrawal,M00486,VND,success,mobile,D001808,88.232.39.239,credit_card,Kuala Lumpur,"16.167265,108.211515",49,M,2021-12-21,active,0.59,0,0,0,auto_approved,0.4027,2022
f1cfabac-1b49-47ce-9050-6171b91e9255,U000760,2022-05-28 08:03:21,08:03:21,307460.17,cash_withdrawal,M00233,USD,pending,mobile,D000701,80.185.43.141,credit_card,Ho Chi Minh City,"12.237261,108.189205",64,M,2021-03-06,active,0.81,0,0,0,auto_approved,0.4159,2022
1eea114d-3a0b-49a0-8f83-52f4396aa603,U000269,2022-04-21 20:03:59,20:03:59,553888.09,purchase,M00308,VND,success,desktop,D000528,160.8.166.254,mobile_wallet,Bangkok,"20.058383,102.660353",46,M,2015-02-07,active,0.88,0,0,0,auto_approved,0.0156,2022
511d8a08-16b7-4f8a-a758-56ec75f67082,U001489,2022-09-05 14:13:21,14:13:21,575074.9,cash_withdrawal,M00302,VND,success,atm,D001826,172.103.106.157,credit_card,Da Nang,"20.58294,106.772865",46,M,2019-08-04,active,0.81,0,0,0,auto_approved,0.1565,2022
62fd5b2e-15f3-4c46-bae0-11c36f533455,U001347,2022-09-03 13:58:38,13:58:38,250239.94,online_payment,M00224,USD,success,pos,D002600,4.219.209.36,debit_card,Hanoi,"12.451316,106.971868",48,F,2021-09-06,active,0.72,0,0,0,auto_approved,0.2026,2022
9b973177-cc84-4f76-9998-22213ac23322,U001085,2022-12-13 15:17:24,15:17:24,42206.59,bill_payment,M00030,VND,success,mobile,D002634,90.150.138.75,credit_card,Bangkok,"21.80361,108.435138",65,M,2015-01-27,active,0.77,0,0,0,auto_approved,0.0924,2022
519e2ca4-217e-46f5-98c7-6085e0b7e521,U001808,2022-09-15 05:04:52,05:04:52,405686.37,bill_payment,M00417,USD,success,desktop,D001941,238.36.161.85,mobile_wallet,Kuala Lumpur,"19.812098,105.66365",30,F,2017-07-24,active,0.82,3,1,0,auto_approved,0.3437,2022
76225a3d-91be-49f3-a971-c688cca45aa5,U001898,2022-04-13 04:13:00,04:13:00,1531377.4,bill_payment,M00134,USD,success,mobile,D000009,129.72.158.216,debit_card,Singapore,"13.820102,106.848478",68,M,2021-07-23,under_review,0.47,0,0,0,auto_approved,0.1277,2022
c03a4461-ddf2-4743-a8da-dfcc21bdc570,U001594,2022-03-22 12:31:39,12:31:39,306148.73,cash_withdrawal,M00019,VND,success,pos,D001099,78.53.124.49,mobile_wallet,Kuala Lumpur,"21.314864,107.209372",59,F,2014-02-12,active,0.86,0,0,0,auto_approved,0.1752,2022
b6432f4f-d1c5-4a5f-9aed-aa1e67850bb6,U000163,2022-08-18 19:00:09,19:00:09,1518539.64,cash_withdrawal,M00458,USD,success,desktop,D001466,210.247.90.149,credit_card,Da Nang,"10.513481,103.481309",27,M,2020-04-25,active,0.75,0,0,0,auto_approved,0.0146,2022
586e2ee9-177e-4aaf-9baf-e9ed94f93be8,U001998,2022-03-03 06:12:23,06:12:23,751447.47,cash_withdrawal,M00408,VND,success,atm,D001648,4.57.203.63,mobile_wallet,Da Nang,"9.857497,104.521032",40,M,2015-05-15,active,0.51,0,0,0,auto_approved,0.3851,2022
2e7b2c66-abd1-42f8-b457-db32642e80b9,U001306,2022-06-12 06:03:00,06:03:00,884455.02,bill_payment,M00466,VND,success,atm,D002255,168.150.199.186,credit_card,Singapore,"20.32827,107.112118",32,F,2020-10-28,active,0.86,1,0,0,auto_approved,0.3212,2022
14ba0456-fc56-4d87-a591-929d83ed22dd,U001779,2022-01-22 23:15:08,23:15:08,284551.5,online_payment,M00402,USD,success,pos,D001891,80.51.151.138,credit_card,Singapore,"19.12366,104.796032",28,F,2020-06-17,active,0.49,0,0,0,auto_approved,0.0312,2022
45b07774-efe2-47e6-97eb-65b74c442b84,U000236,2022-08-21 18:19:00,18:19:00,909.44,purchase,M00408,VND,success,mobile,D000341,40.2.55.94,bank_transfer,Kuala Lumpur,"16.761663,103.645295",33,M,2020-04-27,active,0.76,0,0,0,auto_approved,0.334,2022
4a08952d-e5d8-435f-8b2d-d8e01c84f9cf,U000206,2022-04-25 12:44:12,12:44:12,206322.27,online_payment,M00141,USD,success,atm,D001796,138.48.60.249,bank_transfer,Hanoi,"20.371681,104.515538",70,F,2018-08-10,blocked,0.72,0,0,0,auto_approved,0.1903,2022
ffeb8496-b3d1-4bd3-816b-3438870d7eeb,U000565,2022-05-31 18:25:33,18:25:33,1084164.29,online_payment,M00319,VND,pending,atm,D000091,58.150.61.112,credit_card,Kuala Lumpur,"14.390661,105.394738",63,M,2017-10-24,active,0.83,0,0,0,auto_approved,0.162,2022
41e0ae45-3647-4bde-8b33-b6d4342ecdb3,U000056,2022-11-08 02:30:23,02:30:23,122951.65,bill_payment,M00196,VND,success,desktop,D002881,73.228.57.127,debit_card,Singapore,"21.898578,108.809327",24,M,2015-10-04,active,0.85,0,0,0,auto_approved,0.3093,2022
2558da5d-d14a-4b9c-b9d4-5c9bfd8002cc,U000678,2022-03-13 11:38:10,11:38:10,1286172.62,purchase,M00480,VND,success,desktop,D002714,5.224.6.224,bank_transfer,Bangkok,"19.471028,108.459125",32,M,2019-09-26,active,0.54,0,1,0,auto_approved,0.5914,2022
739b64b2-6e4f-4eeb-9210-e3e483ec53f0,U000720,2022-07-25 20:43:14,20:43:14,272934.19,online_payment,M00295,VND,success,mobile,D002719,60.205.190.114,mobile_wallet,Hanoi,"9.722547,102.544264",35,M,2017-05-14,active,0.55,0,0,0,auto_approved,0.2132,2022
55c7b398-fb43-4a3b-b9fe-f29744e584de,U000302,2022-09-16 09:40:43,09:40:43,586985.68,bill_payment,M00092,VND,success,atm,D002667,71.168.132.249,bank_transfer,Kuala Lumpur,"11.462289,103.017337",66,M,2016-06-03,active,0.86,0,0,0,auto_approved,0.4335,2022
91501c4f-514a-4350-acca-9bfa395e5fae,U000846,2022-10-10 19:08:36,19:08:36,1106799.57,transfer,M00354,USD,success,mobile,D000032,171.222.250.50,debit_card,Hanoi,"13.358188,107.328902",65,F,2019-08-29,active,0.9,0,0,0,auto_approved,0.3925,2022
e7d77659-ed2a-49d3-8092-951bee909236,U000555,2022-09-03 11:12:21,11:12:21,2708652.3,transfer,M00440,VND,success,pos,D001350,116.164.109.7,mobile_wallet,Bangkok,"9.289836,107.620116",54,M,2015-04-27,active,0.81,0,0,0,auto_approved,0.3765,2022
a7813868-d812-4daa-b892-865bf304f98f,U000928,2022-07-07 20:05:04,20:05:04,107681.43,transfer,M00374,USD,success,mobile,D001156,103.156.163.62,bank_transfer,Kuala Lumpur,"17.907209,107.386204",68,F,2016-09-17,active,0.55,0,1,0,auto_approved,0.453,2022
c4afc2db-b937-473c-bfb8-a982ff68af67,U001553,2022-01-08 23:16:26,23:16:26,561073.14,online_payment,M00361,USD,success,atm,D001385,163.193.43.210,mobile_wallet,Hanoi,"14.92296,107.865586",62,F,2016-04-10,active,0.51,0,0,0,auto_approved,0.1839,2022
05b79201-29dc-489e-8fc8-c65e17bf9008,U000874,2022-02-07 22:03:36,22:03:36,1601412.75,purchase,M00358,USD,success,desktop,D001023,3.169.203.33,mobile_wallet,Kuala Lumpur,"19.077404,107.845361",43,M,2021-05-22,active,0.62,0,0,0,auto_approved,0.385,2022
db30d827-41b4-4b9b-ae77-7f5ed10a3d1d,U000970,2022-02-23 15:37:24,15:37:24,689190.5,purchase,M00199,VND,failed,atm,D000338,107.227.39.79,bank_transfer,Singapore,"17.5792,104.51296",41,M,2016-05-27,active,0.89,0,0,0,auto_approved,0.0382,2022
9ecdb6b3-01f4-4569-8739-3422a9f51c39,U000551,2022-04-07 09:53:56,09:53:56,8983.56,bill_payment,M00098,USD,success,mobile,D001231,231.220.215.44,mobile_wallet,Da Nang,"21.427575,106.356949",63,M,2020-07-20,under_review,0.85,0,1,1,pending_review,0.5669,2022
912cbd5c-4525-4772-9408-427810ad9896,U000439,2022-09-30 10:36:36,10:36:36,326054.13,online_payment,M00192,VND,success,mobile,D001897,219.81.98.108,mobile_wallet,Singapore,"13.641953,102.116464",33,M,2020-03-28,active,0.55,0,0,0,auto_approved,0.3088,2022
b09a25ef-3897-4fb7-ad7e-c0ab6a19d1ae,U000731,2022-09-20 05:15:47,05:15:47,530612.19,bill_payment,M00198,USD,success,pos,D000455,175.184.0.109,debit_card,Hanoi,"11.578142,104.87308",22,M,2020-10-15,active,0.89,0,0,0,auto_approved,0.1532,2022
b2aaaa65-9d16-4ad9-9696-b37dcc802b81,U000527,2022-04-20 12:06:38,12:06:38,615977.97,transfer,M00410,VND,success,desktop,D000258,113.231.245.164,debit_card,Singapore,"21.049461,102.604438",39,M,2015-10-28,active,0.62,0,0,0,auto_approved,0.0437,2022
26ae609e-24d8-413b-a6a7-1fce3a82361b,U001705,2022-07-30 01:20:55,01:20:55,671229.28,bill_payment,M00317,USD,success,mobile,D001968,145.19.164.15,bank_transfer,Singapore,"9.855768,102.775364",26,F,2016-09-16,active,0.75,0,0,0,auto_approved,0.2583,2022
7b5caeca-192c-4f6c-b21a-c5cb6fd61965,U001633,2022-05-24 20:34:49,20:34:49,175321.7,bill_payment,M00228,VND,success,pos,D000150,231.232.118.224,credit_card,Bangkok,"9.404526,103.458497",41,F,2017-11-06,active,0.92,0,0,0,auto_approved,0.2341,2022
dc72fc09-2fb0-47a1-95e8-7bd9c79cb0be,U000613,2022-12-14 21:36:58,21:36:58,2433064.52,online_payment,M00309,USD,success,desktop,D001045,71.51.93.176,debit_card,Hanoi,"15.064024,103.494098",64,M,2022-08-26,active,0.88,0,0,0,auto_approved,0.1975,2022
7d848afd-1dc9-48a9-8f40-587e5a1a0c50,U001332,2022-06-03 10:39:26,10:39:26,1200318.17,transfer,M00424,VND,success,desktop,D000084,111.227.247.232,credit_card,Hanoi,"14.080499,104.564657",35,F,2017-11-11,active,0.75,2,1,0,auto_approved,0.2346,2022
7d37faea-b3f8-434f-9be2-207b3d6b2cf5,U001690,2022-02-19 09:51:32,09:51:32,597754.96,cash_withdrawal,M00166,USD,success,mobile,D002086,109.193.147.89,mobile_wallet,Da Nang,"10.49927,104.180868",18,M,2018-04-10,active,0.64,0,0,0,auto_approved,0.293,2022
839d7adc-a110-49db-b332-ed72e3225701,U001961,2022-12-15 06:25:17,06:25:17,568166.13,online_payment,M00234,VND,success,desktop,D000903,176.168.21.8,debit_card,Hanoi,"20.029484,102.395754",52,M,2015-02-01,active,0.55,0,0,0,auto_approved,0.3566,2022
f11d51d2-0d04-4088-8d58-6612abcd0b78,U000604,2022-06-19 00:48:19,00:48:19,199924.26,online_payment,M00275,USD,success,atm,D002664,98.116.169.10,mobile_wallet,Singapore,"9.419071,107.638318",24,M,2017-11-04,active,0.74,0,0,0,auto_approved,0.4249,2022
f9856d9b-d000-404e-a211-975f63cab120,U001972,2022-05-24 08:43:18,08:43:18,292525.12,cash_withdrawal,M00370,VND,success,mobile,D001178,150.182.225.1,mobile_wallet,Bangkok,"10.289779,102.047833",37,M,2020-02-24,active,0.93,0,0,0,auto_approved,0.1389,2022
f1da9569-5fed-45e5-a600-d38533d776d7,U000854,2022-01-26 21:04:33,21:04:33,1999191.26,cash_withdrawal,M00038,USD,success,desktop,D002548,29.8.21.17,bank_transfer,Bangkok,"21.840079,102.788955",22,F,2015-03-01,active,0.76,0,0,0,auto_approved,0.2847,2022
48fd617b-1e93-4780-b24d-5f1330197f11,U001273,2022-01-02 02:25:16,02:25:16,322507.73,bill_payment,M00076,USD,success,mobile,D000395,198.167.249.191,credit_card,Hanoi,"10.281997,104.265948",20,F,2016-11-08,active,0.67,0,0,0,auto_approved,0.2111,2022
c37ffad9-dc19-4935-b1bf-d7e4bb5a6f42,U000388,2022-06-22 05:29:39,05:29:39,513090.49,online_payment,M00114,USD,success,atm,D000098,238.170.239.205,bank_transfer,Ho Chi Minh City,"17.550629,103.03751",32,M,2020-06-02,active,0.93,0,0,0,auto_approved,0.1534,2022
550fc392-cf67-481c-b607-23ea420e3a28,U000429,2022-04-08 00:26:53,00:26:53,1050763.72,purchase,M00414,VND,success,desktop,D001182,53.27.11.122,bank_transfer,Singapore,"8.892494,104.396381",18,F,2014-08-12,active,0.45,0,0,0,auto_approved,0.2154,2022
1b78d209-828b-4581-bd0e-9867fc8ef490,U001774,2022-06-18 23:31:46,23:31:46,1806263.52,transfer,M00075,USD,success,mobile,D001384,46.135.176.68,debit_card,Singapore,"18.410639,108.631602",53,F,2018-05-08,under_review,0.97,0,0,0,auto_approved,0.1629,2022
e983f615-82b2-42c7-90bc-eeab66280892,U000212,2022-06-20 07:44:18,07:44:18,865594.05,purchase,M00476,USD,success,desktop,D001185,184.195.75.228,mobile_wallet,Singapore,"18.482458,102.368139",47,M,2014-04-03,active,0.52,0,0,0,auto_approved,0.1401,2022
0d53a2ea-4f33-47a4-be23-9a028aa9f365,U000548,2022-05-13 05:44:52,05:44:52,398770.17,purchase,M00012,VND,success,atm,D000263,255.244.84.139,bank_transfer,Singapore,"18.329105,104.979967",43,M,2019-05-30,active,0.69,0,0,0,auto_approved,0.1787,2022
520d59dc-d220-475c-ae26-77474775b535,U000989,2022-02-17 23:52:20,23:52:20,136921.86,bill_payment,M00278,VND,success,mobile,D000762,72.215.182.243,credit_card,Singapore,"15.659802,108.564663",25,F,2018-11-12,active,0.98,0,1,0,auto_approved,0.2134,2022
43c782fc-85d4-4a2a-b57a-72da04fedd85,U001250,2022-02-14 10:05:16,10:05:16,514090.24,purchase,M00498,USD,success,mobile,D001805,116.208.198.147,mobile_wallet,Singapore,"21.242954,107.257873",41,F,2020-06-18,active,0.48,1,0,0,auto_approved,0.4938,2022
cb6e6957-4c18-47ab-ae74-fdd9b5c0d31c,U000691,2022-01-03 08:51:57,08:51:57,652223.82,online_payment,M00495,VND,success,atm,D001949,183.224.40.188,debit_card,Da Nang,"10.900385,104.450319",48,F,2018-06-22,active,0.55,0,0,0,auto_approved,0.0108,2022
8ae6b73f-87c5-4d7f-8b3f-2428d6b31624,U001692,2022-10-14 22:52:11,22:52:11,2382354.91,cash_withdrawal,M00026,VND,failed,mobile,D001426,194.149.14.254,bank_transfer,Da Nang,"10.797202,106.890655",34,F,2019-10-06,active,0.81,0,0,0,auto_approved,0.1281,2022
3df5d05d-fa28-441c-8bff-bd3da15c88d5,U001169,2022-07-31 18:18:51,18:18:51,1267762.75,bill_payment,M00258,USD,success,desktop,D002340,103.63.244.246,mobile_wallet,Kuala Lumpur,"14.103845,106.004466",44,F,2021-11-27,active,0.82,0,0,0,auto_approved,0.3625,2022
eec8d3cc-7931-49eb-a51e-4cb56b7e5679,U001982,2022-08-20 21:14:59,21:14:59,139617.2,transfer,M00448,VND,success,pos,D002701,194.200.170.202,bank_transfer,Bangkok,"20.150398,105.609991",43,F,2018-06-19,active,0.83,0,0,0,auto_approved,0.3153,2022
8280b2d0-d351-414b-9c82-bd855b333be4,U000001,2022-08-02 16:07:52,16:07:52,402183.64,transfer,M00330,USD,success,pos,D000417,66.250.142.39,mobile_wallet,Da Nang,"21.328373,102.054126",66,F,2020-09-02,active,0.67,1,0,0,auto_approved,0.4801,2022
eecfebdd-2da1-44f0-8692-3f88ff1a879a,U001441,2022-07-28 14:08:53,14:08:53,13461.34,purchase,M00082,USD,success,mobile,D000488,130.12.11.132,bank_transfer,Ho Chi Minh City,"16.618032,102.894824",62,F,2021-12-03,active,0.95,1,0,0,auto_approved,0.2117,2022
d81586f2-0ca7-4499-8bf3-8d2348ab6803,U000731,2022-06-09 05:46:31,05:46:31,326293.92,purchase,M00288,USD,success,atm,D002849,100.6.166.89,mobile_wallet,Bangkok,"10.933076,106.165661",69,M,2019-05-24,active,0.67,0,0,0,auto_approved,0.4241,2022
a1ab412c-87ed-41b3-9f2d-bf39e979bdc1,U001099,2022-10-17 08:30:51,08:30:51,585765.34,online_payment,M00142,USD,success,pos,D000191,14.142.9.142,mobile_wallet,Singapore,"14.715458,107.200529",67,F,2016-02-23,active,0.59,0,0,0,auto_approved,0.055,2022
84ab9513-d71f-440b-ac8d-28320efcde94,U000688,2022-01-26 11:24:17,11:24:17,867549.99,transfer,M00137,USD,success,atm,D002146,150.81.244.67,mobile_wallet,Kuala Lumpur,"17.83436,104.214941",27,M,2016-06-03,active,0.99,0,0,0,auto_approved,0.199,2022
c7aed03c-ad8a-493d-977e-eafd03b8d94a,U001690,2022-08-01 18:23:13,18:23:13,982475.05,bill_payment,M00349,VND,success,mobile,D000597,77.158.51.85,bank_transfer,Kuala Lumpur,"16.348396,106.133755",28,F,2020-05-01,under_review,0.51,0,0,0,auto_approved,0.0519,2022
f2ce6659-d627-46db-b28b-61088c85e476,U001606,2022-07-08 09:40:15,09:40:15,434138.23,cash_withdrawal,M00028,USD,pending,mobile,D001315,32.172.9.96,mobile_wallet,Ho Chi Minh City,"11.127026,105.675588",31,F,2016-02-25,active,0.83,0,0,0,auto_approved,0.0623,2022
d1f02ad3-7c12-4eae-95eb-b2c8e87d4878,U000609,2022-03-28 05:19:01,05:19:01,207061.45,cash_withdrawal,M00211,VND,success,desktop,D002883,44.50.10.11,credit_card,Bangkok,"9.941911,106.662331",53,F,2017-09-26,active,0.45,0,0,0,auto_approved,0.1979,2022
3a002724-506d-4a05-ba19-0a955ee84177,U001553,2022-11-23 08:30:34,08:30:34,969299.47,cash_withdrawal,M00352,VND,success,pos,D001463,225.212.118.150,credit_card,Singapore,"11.442526,108.669643",45,M,2019-02-23,active,0.94,0,0,0,auto_approved,0.3513,2022
51dfcf8d-01b8-4234-b864-92e031712cce,U000689,2022-06-28 07:32:40,07:32:40,278441.16,purchase,M00168,VND,success,atm,D002054,242.48.64.86,mobile_wallet,Kuala Lumpur,"13.484383,105.96635",46,M,2016-10-09,active,0.54,0,0,0,auto_approved,0.0969,2022
a7c4efb6-78b1-46af-9afb-93fc516c28d1,U000571,2022-02-17 23:30:46,23:30:46,294038.57,online_payment,M00076,USD,success,desktop,D000223,138.17.196.8,debit_card,Da Nang,"21.855568,104.095134",31,M,2019-05-10,active,0.85,0,0,0,auto_approved,0.345,2022
72e431ac-51b4-46b4-8013-ca93b0b59c0d,U001300,2022-10-30 04:23:10,04:23:10,2212922.99,cash_withdrawal,M00268,USD,success,pos,D002659,105.99.52.12,bank_transfer,Singapore,"17.911807,102.322495",36,F,2016-03-25,active,0.63,0,0,0,auto_approved,0.3895,2022
5f2dae1f-b55e-4871-a26d-77f01142fbf7,U000644,2022-10-29 18:04:21,18:04:21,274945.59,transfer,M00376,VND,success,atm,D000604,62.193.61.140,bank_transfer,Singapore,"11.544851,106.705178",58,F,2016-02-11,active,0.98,0,0,0,auto_approved,0.3263,2022
cec8df88-92cb-4c89-a54e-0485ffe3d23c,U000201,2022-10-12 05:40:36,05:40:36,354656.16,bill_payment,M00280,USD,success,pos,D001246,248.14.254.16,credit_card,Da Nang,"18.285037,108.255015",66,F,2020-08-21,active,0.85,1,0,0,auto_approved,0.1777,2022
b22c9a04-3b49-4f17-83ee-a37af5ebc921,U001216,2022-07-12 08:12:55,08:12:55,332429.52,cash_withdrawal,M00365,USD,success,pos,D002271,59.103.162.206,credit_card,Ho Chi Minh City,"14.886853,107.47173",61,M,2017-05-15,active,0.86,0,0,0,auto_approved,0.2854,2022
8ac2218c-87fd-4d33-89d3-0730fbaea361,U001267,2022-03-29 10:11:49,10:11:49,1459297.18,online_payment,M00462,VND,pending,pos,D002862,219.200.83.227,credit_card,Da Nang,"9.106716,104.633032",61,M,2014-07-30,active,0.52,0,0,0,auto_approved,0.3116,2022
bf109503-a1cd-4141-9b54-9f3858fd36ca,U000098,2022-12-14 10:24:28,10:24:28,297536.75,purchase,M00290,VND,success,atm,D002570,96.66.42.155,debit_card,Hanoi,"16.844008,102.602834",51,F,2022-01-25,active,0.56,0,0,0,auto_approved,0.4117,2022
e84c8f75-27f7-4d7f-9587-5377aac18114,U001259,2022-01-17 20:13:33,20:13:33,1548547.97,bill_payment,M00332,VND,success,desktop,D001491,12.78.45.190,debit_card,Bangkok,"21.612505,105.526056",38,F,2016-06-27,active,0.49,1,0,0,auto_approved,0.5532,2022
387984f0-ed49-4136-9053-44ed13aac6fd,U000262,2022-04-10 06:59:34,06:59:34,327351.74,cash_withdrawal,M00339,USD,success,pos,D002316,138.144.203.132,credit_card,Ho Chi Minh City,"16.151004,108.687558",54,F,2019-03-20,under_review,0.86,0,0,0,auto_approved,0.1124,2022
e284eaf2-2a08-4f3e-96d0-4c19e6e8bcd6,U001172,2022-05-19 18:17:26,18:17:26,1020899.14,online_payment,M00182,VND,success,mobile,D001416,241.126.23.123,bank_transfer,Kuala Lumpur,"9.211269,108.474401",63,F,2018-10-29,active,0.56,0,0,0,auto_approved,0.3731,2022
bd424b54-ac8d-4dff-954e-95b5fded6f70,U001163,2022-01-16 10:29:51,10:29:51,26491.59,cash_withdrawal,M00468,VND,success,pos,D000773,60.49.197.91,bank_transfer,Hanoi,"15.325574,107.58294",20,M,2015-08-30,active,0.81,0,0,0,auto_approved,0.2556,2022
fad8e874-212b-410b-9b6a-934790180c3e,U000590,2022-07-04 22:20:54,22:20:54,1618352.98,cash_withdrawal,M00086,VND,pending,atm,D000850,147.24.154.139,debit_card,Bangkok,"17.67526,107.840739",54,F,2020-12-02,active,0.71,0,0,0,auto_approved,0.2444,2022
c26de4fd-d333-4c4b-aa0b-3c971e544246,U001844,2022-03-02 22:09:41,22:09:41,1919815.54,cash_withdrawal,M00300,VND,success,pos,D000862,132.23.160.244,mobile_wallet,Hanoi,"16.264745,102.337776",62,M,2014-09-24,active,0.59,0,1,0,auto_approved,0.287,2022
d22aa2e8-af88-4ba8-b6fd-a2ae611beeaf,U000263,2022-12-16 04:24:17,04:24:17,22678.12,purchase,M00180,USD,success,desktop,D002993,113.146.30.84,debit_card,Da Nang,"11.738746,106.392611",32,F,2019-02-02,active,0.8,0,0,0,auto_approved,0.0794,2022
57ba7245-f2ae-4307-930b-824e5e48eee4,U000056,2022-06-20 04:14:27,04:14:27,1075520.97,cash_withdrawal,M00130,USD,success,atm,D002934,91.103.123.151,debit_card,Singapore,"15.128411,106.074362",35,F,2016-04-20,active,0.72,0,0,0,auto_approved,0.152,2022
eb4603ea-5e80-484c-9d6d-ec23be8f1866,U001315,2022-11-11 19:39:08,19:39:08,178000.63,bill_payment,M00192,USD,success,mobile,D000853,56.181.95.219,debit_card,Kuala Lumpur,"17.538328,107.135742",20,F,2016-07-17,active,0.53,0,0,0,auto_approved,0.0104,2022
d8ef9fc5-3f06-4996-8c54-f6eb1079159c,U001589,2022-10-07 09:06:55,09:06:55,30305.05,transfer,M00369,VND,success,atm,D002803,19.234.198.15,bank_transfer,Bangkok,"13.166412,107.173583",53,F,2022-08-10,active,0.5,0,0,0,auto_approved,0.3426,2022
8ae45494-827e-4104-99e9-64f72dc5cb6f,U000118,2022-09-04 03:30:56,03:30:56,1636357.09,bill_payment,M00205,VND,success,atm,D001032,16.86.196.84,debit_card,Ho Chi Minh City,"15.797605,102.103794",35,M,2016-12-04,active,0.72,0,1,1,pending_review,0.5343,2022
c6ffa785-cfe9-4046-8927-5c75e1e127b9,U001958,2022-10-09 03:01:30,03:01:30,475595.35,transfer,M00397,USD,success,pos,D001222,67.96.192.22,mobile_wallet,Kuala Lumpur,"13.05351,103.861978",55,M,2019-03-09,active,0.86,0,0,0,auto_approved,0.4344,2022
9987178d-153e-4853-8473-41b1f77556ca,U001182,2022-06-16 17:51:12,17:51:12,2280249.57,cash_withdrawal,M00280,USD,success,desktop,D001380,234.208.118.103,debit_card,Da Nang,"10.454518,102.735912",46,M,2014-10-18,active,0.94,0,0,0,auto_approved,0.2807,2022
92e5626a-dcbb-4845-b2e9-37e3b64d3d59,U001635,2022-11-05 11:46:25,11:46:25,84107.61,purchase,M00463,USD,success,mobile,D002347,240.14.172.249,credit_card,Da Nang,"18.967925,103.971691",61,F,2015-11-27,active,0.5,0,0,0,auto_approved,0.3092,2022
a5d88789-1a68-4603-a8ae-573a82766ef2,U001722,2022-02-20 13:50:33,13:50:33,427198.63,online_payment,M00144,VND,success,atm,D000582,12.42.126.170,credit_card,Bangkok,"20.820704,107.423283",60,F,2016-06-25,active,0.84,0,0,0,auto_approved,0.2366,2022
4b475d14-0800-4151-a9db-bcccf59d9429,U001907,2022-08-20 05:35:19,05:35:19,139305.23,bill_payment,M00461,VND,success,atm,D001719,233.41.30.167,mobile_wallet,Da Nang,"21.640542,104.428245",24,M,2016-12-26,active,0.56,0,0,0,auto_approved,0.0657,2022
530c042e-afac-47d4-9273-2f93f989b8d0,U001835,2022-10-08 00:12:33,00:12:33,1306254.07,bill_payment,M00145,USD,success,desktop,D001155,58.39.48.14,debit_card,Hanoi,"17.399735,105.019941",60,F,2021-05-17,active,0.48,0,0,0,auto_approved,0.065,2022
6c6b5a47-ac31-4237-87a7-79dcd27db4c0,U001596,2022-05-31 16:31:44,16:31:44,213156.5,purchase,M00359,USD,success,mobile,D001299,73.163.98.200,mobile_wallet,Ho Chi Minh City,"16.182984,103.297837",59,F,2018-04-05,active,0.92,0,0,0,auto_approved,0.2897,2022
2bb50082-bb2e-4f9b-87cc-c3cce52e3654,U000933,2022-04-27 16:31:11,16:31:11,125768.37,purchase,M00400,USD,success,atm,D000107,54.28.68.238,credit_card,Hanoi,"14.803149,104.661196",69,M,2016-08-18,active,0.99,0,0,0,auto_approved,0.4416,2022
f1c3985f-3dd8-4bba-ab14-83abc9f823af,U001766,2022-02-01 07:21:49,07:21:49,1041785.78,bill_payment,M00218,VND,success,atm,D000478,227.182.191.92,debit_card,Bangkok,"20.329175,106.424217",48,M,2016-02-29,active,0.68,0,0,0,auto_approved,0.0897,2022
9c3e1b4e-338c-4574-be1b-4de53ffbe5b8,U001556,2022-11-01 11:11:37,11:11:37,386124.09,transfer,M00024,USD,success,mobile,D001001,91.16.142.66,mobile_wallet,Bangkok,"12.474211,105.183484",63,F,2016-04-27,active,0.64,1,0,0,auto_approved,0.2615,2022
6e5685c0-4bf4-4bc3-a4e3-9df3b3fd7aca,U000718,2022-04-07 18:02:03,18:02:03,550780.06,online_payment,M00095,USD,success,pos,D002802,163.6.51.19,debit_card,Singapore,"18.298989,106.259769",55,F,2022-02-02,active,0.6,0,0,0,auto_approved,0.3446,2022
24bc852a-d21d-4e05-9926-24e9a768a15d,U001907,2022-01-03 08:03:37,08:03:37,2283959.47,online_payment,M00153,VND,failed,atm,D001090,201.71.162.61,debit_card,Hanoi,"10.860633,103.560091",39,F,2015-02-05,active,0.8,0,0,0,auto_approved,0.2102,2022
36b3a57a-5bb7-46a4-94cb-044eca3a51a6,U000770,2022-10-28 10:37:55,10:37:55,676335.18,bill_payment,M00464,USD,success,pos,D002490,208.251.93.50,mobile_wallet,Bangkok,"17.176554,105.500897",42,M,2021-08-26,active,0.68,0,0,0,auto_approved,0.0167,2022
6e3e116c-940d-41ea-a636-0cfa2c1a9729,U000967,2022-12-17 20:44:50,20:44:50,79524.72,cash_withdrawal,M00311,VND,success,pos,D001696,150.76.105.34,bank_transfer,Ho Chi Minh City,"16.816198,106.008212",28,M,2015-05-31,active,0.85,0,0,0,auto_approved,0.2519,2022
924ecccd-94b1-4b59-9055-818ac062e1ac,U001273,2022-08-20 04:30:07,04:30:07,623807.56,transfer,M00210,VND,success,desktop,D001881,31.74.186.71,credit_card,Ho Chi Minh City,"8.665858,108.926107",64,F,2022-03-17,active,0.88,0,0,0,auto_approved,0.1953,2022
a0a2999e-4437-447f-abf2-455f70f33e5e,U000772,2022-12-24 16:33:05,16:33:05,1016269.73,transfer,M00047,USD,success,mobile,D002392,121.125.82.161,bank_transfer,Hanoi,"20.543462,106.002829",55,M,2015-09-03,active,0.45,0,0,0,auto_approved,0.1088,2022
1f132eff-37de-4417-9459-0b4ca9489a0d,U000064,2022-06-26 22:21:40,22:21:40,1056666.74,transfer,M00090,VND,success,pos,D001489,162.8.6.159,bank_transfer,Kuala Lumpur,"16.437323,107.062688",66,F,2014-08-23,active,0.88,0,0,0,auto_approved,0.0971,2022
1f395c88-ceb1-4230-bddb-7b5fcb62a973,U000850,2022-01-24 07:53:36,07:53:36,110353.58,transfer,M00005,VND,success,pos,D002694,53.166.47.6,debit_card,Kuala Lumpur,"17.761252,104.847787",51,F,2018-06-13,active,0.79,0,0,0,auto_approved,0.3537,2022
8ba26316-b31c-4ef1-834a-e6925b24d670,U000069,2022-06-16 09:48:46,09:48:46,1445316.96,purchase,M00463,USD,success,atm,D001192,229.170.70.197,debit_card,Bangkok,"14.180658,103.56942",39,M,2017-08-07,active,0.99,0,0,0,auto_approved,0.1003,2022
121bae76-fe2a-4728-a467-bef7af288250,U001463,2022-08-30 02:04:20,02:04:20,184673.97,cash_withdrawal,M00379,USD,success,mobile,D000221,49.113.135.168,credit_card,Singapore,"15.294712,107.299759",32,M,2021-06-05,active,0.61,0,0,0,auto_approved,0.3345,2022
159bbb82-0af2-42ff-8eb6-1301e31fdb83,U000228,2022-10-17 22:19:47,22:19:47,56141.25,cash_withdrawal,M00152,USD,pending,pos,D000573,170.54.239.128,bank_transfer,Kuala Lumpur,"16.461089,104.695569",46,F,2014-09-12,active,0.76,0,0,0,auto_approved,0.1305,2022
8eaf85e4-6614-49e0-959e-398c75ae4ce9,U000961,2022-01-28 20:20:15,20:20:15,422503.74,bill_payment,M00468,VND,success,atm,D000422,200.217.162.33,bank_transfer,Da Nang,"12.571958,103.095267",21,M,2017-06-15,active,0.73,0,0,0,auto_approved,0.4068,2022
6c512bed-3eba-44a9-89d3-95faffaad075,U000225,2022-12-22 21:07:53,21:07:53,182077.65,cash_withdrawal,M00044,USD,success,atm,D001860,191.238.37.34,mobile_wallet,Hanoi,"8.927438,103.206572",19,F,2022-09-20,active,0.58,0,0,0,auto_approved,0.1262,2022
d7ef6ed1-22ba-4d98-83eb-f9231b8b5c45,U001629,2022-09-04 02:22:30,02:22:30,284757.76,purchase,M00161,USD,success,desktop,D000694,126.97.226.52,mobile_wallet,Singapore,"8.257841,104.354506",60,F,2014-10-29,active,0.71,1,0,0,auto_approved,0.474,2022
d9d72cf4-c61d-4ccb-9667-d6fee374b1ac,U000007,2022-06-22 17:07:14,17:07:14,158405.51,purchase,M00273,VND,success,desktop,D001058,130.59.1.171,mobile_wallet,Bangkok,"20.842322,107.638976",58,F,2017-09-23,active,0.72,0,0,0,auto_approved,0.2537,2022
b346ad82-fdf4-46ac-9678-c6ec8627c3cb,U001885,2022-07-17 16:09:01,16:09:01,340741.25,transfer,M00377,VND,failed,mobile,D000978,140.227.96.112,mobile_wallet,Singapore,"15.446082,104.686117",28,M,2021-04-04,active,0.96,0,0,0,auto_approved,0.4226,2022
4b3ca5b8-6c36-4dc0-9e53-2a33e009de19,U000293,2022-09-20 23:17:25,23:17:25,1649375.03,transfer,M00043,VND,success,pos,D000002,213.235.167.77,credit_card,Bangkok,"12.658199,103.285461",70,M,2019-06-28,active,0.82,0,0,0,auto_approved,0.2821,2022
af3f0d8a-f7a9-4cb1-941f-c83051d24363,U001266,2022-09-29 16:38:00,16:38:00,259181.49,transfer,M00116,VND,success,mobile,D002021,192.161.3.24,bank_transfer,Bangkok,"19.676018,102.426698",23,M,2020-07-06,active,0.9,0,0,0,auto_approved,0.1269,2022
293b4430-acc5-4a8d-b4b5-7ece38e8f917,U000821,2022-01-13 14:59:43,14:59:43,1151236.14,online_payment,M00312,VND,success,mobile,D000693,168.135.238.186,debit_card,Ho Chi Minh City,"18.034369,108.995334",28,M,2021-06-11,active,0.57,0,0,0,auto_approved,0.0969,2022
0ac8185e-4c80-453e-afea-f252015d6653,U001942,2022-09-07 02:14:45,02:14:45,314514.78,purchase,M00115,USD,success,desktop,D002661,150.148.58.33,debit_card,Hanoi,"10.07776,103.282824",60,M,2017-06-09,active,0.9,0,0,0,auto_approved,0.2457,2022
f0ee73f6-4d7a-49e3-a51f-06a40859e46b,U000590,2022-05-22 05:49:49,05:49:49,209915.76,cash_withdrawal,M00103,VND,success,atm,D001969,52.121.127.167,credit_card,Kuala Lumpur,"17.919824,105.565119",46,F,2019-02-10,active,0.52,2,1,0,auto_approved,0.3877,2022
59d8ae92-3ca4-47e9-8ed0-bfdb18908c8d,U000895,2022-02-12 19:30:06,19:30:06,178320.38,cash_withdrawal,M00037,USD,success,mobile,D000204,173.230.120.52,bank_transfer,Kuala Lumpur,"17.742973,103.826894",23,F,2014-09-01,active,0.87,0,0,0,auto_approved,0.0513,2022
3f0d146c-2141-4713-9e64-b101d234330c,U000067,2022-08-19 02:24:18,02:24:18,1949898.32,online_payment,M00353,VND,success,atm,D000750,30.249.73.28,bank_transfer,Bangkok,"14.225265,106.61572",47,M,2019-02-06,active,0.65,0,0,0,auto_approved,0.1192,2022
7074d8ce-8b5e-4963-bcb7-b7229338a86f,U001374,2022-01-10 02:06:37,02:06:37,1238204.19,transfer,M00479,VND,success,desktop,D000941,89.172.238.67,mobile_wallet,Da Nang,"9.255139,104.490245",21,F,2021-07-01,active,0.89,0,0,0,auto_approved,0.0976,2022
b3fc33f7-e43c-4c14-bf68-feb18c6973f8,U000213,2022-01-14 05:05:36,05:05:36,1341407.48,purchase,M00406,VND,success,mobile,D001011,135.200.45.39,mobile_wallet,Kuala Lumpur,"19.633088,105.67588",38,F,2017-11-13,active,0.99,0,0,0,auto_approved,0.1478,2022
76abb34e-9401-4f79-b5c3-7c46dc3b54a4,U000687,2022-11-04 16:16:08,16:16:08,64027.96,bill_payment,M00347,VND,success,desktop,D001771,201.121.66.80,bank_transfer,Kuala Lumpur,"12.587043,105.142075",48,F,2020-12-30,active,0.6,0,0,0,auto_approved,0.2995,2022
8889beed-ca5e-4bc1-baa5-76f7b99d5f04,U001632,2022-07-17 22:04:05,22:04:05,553309.23,transfer,M00069,VND,success,desktop,D001716,247.167.153.151,debit_card,Singapore,"11.6957,102.865877",50,M,2015-09-30,active,0.72,0,0,0,auto_approved,0.3079,2022
b9b24b9f-b196-4fcb-b64b-d2133af9e48d,U001681,2022-10-11 02:32:45,02:32:45,471347.94,transfer,M00429,USD,success,pos,D002495,199.108.180.21,credit_card,Da Nang,"21.918721,102.972093",32,F,2015-09-24,blocked,0.92,0,0,0,auto_approved,0.3309,2022
24b928a0-20b7-411a-bcde-b9e88519f6d5,U000041,2022-07-07 08:41:13,08:41:13,170363.24,cash_withdrawal,M00305,VND,success,pos,D000445,111.121.89.195,mobile_wallet,Da Nang,"8.5152,103.441245",50,M,2021-05-03,active,0.69,0,0,0,auto_approved,0.0763,2022
38ca85c7-a38a-4957-bcb4-908d107393b0,U001444,2022-12-28 12:15:15,12:15:15,578442.2,transfer,M00458,USD,success,desktop,D001053,249.4.207.86,mobile_wallet,Bangkok,"12.035861,104.705294",64,F,2020-06-09,active,0.87,0,0,0,auto_approved,0.2833,2022
037c3b52-32c7-4e2b-bea7-f1ecab96d874,U001014,2022-03-18 05:18:35,05:18:35,2656244.63,bill_payment,M00354,VND,success,mobile,D001819,37.254.47.172,credit_card,Singapore,"19.874863,104.015127",69,M,2018-02-17,active,0.47,0,0,0,auto_approved,0.2057,2022
3a589cb6-6510-4d48-822f-c1abacaa10be,U001545,2022-01-24 06:54:25,06:54:25,1695752.85,online_payment,M00151,VND,success,atm,D002610,39.104.235.193,bank_transfer,Singapore,"16.222339,106.109625",62,M,2015-05-23,active,0.62,0,0,0,auto_approved,0.4363,2022
adf01b2d-c384-42b0-8fee-da2d62d0a0ea,U000432,2022-06-07 08:33:26,08:33:26,434019.33,online_payment,M00353,VND,success,mobile,D000699,128.30.110.207,mobile_wallet,Singapore,"10.223988,104.506536",69,F,2020-02-14,active,0.63,0,0,0,auto_approved,0.1521,2022
646acda4-b5db-467a-958d-340fd6f4f391,U000617,2022-11-13 23:31:10,23:31:10,234392.27,transfer,M00242,USD,success,mobile,D001075,186.114.16.163,bank_transfer,Bangkok,"10.489962,107.132338",64,F,2015-03-08,active,0.47,0,0,0,auto_approved,0.4295,2022
d6f09628-775b-42d5-b22f-37080fcb035b,U001981,2022-11-04 14:17:08,14:17:08,754345.84,purchase,M00077,VND,success,pos,D000617,239.191.156.203,bank_transfer,Da Nang,"21.39605,107.843272",43,F,2021-05-09,active,0.52,0,0,0,auto_approved,0.2893,2022
0ba24c30-0367-4e0f-a0d0-fcc7b06f4450,U001105,2022-06-19 00:44:14,00:44:14,300828.97,online_payment,M00357,VND,success,mobile,D002504,221.147.116.56,credit_card,Bangkok,"19.507207,105.710811",25,M,2018-11-17,active,0.49,0,0,0,auto_approved,0.372,2022
596db9c5-b465-4fdf-a73f-e603982a1555,U001992,2022-12-17 17:37:04,17:37:04,1630126.94,cash_withdrawal,M00411,USD,success,mobile,D002514,251.204.166.254,bank_transfer,Bangkok,"10.935679,108.460282",39,M,2022-06-24,active,0.69,1,0,0,auto_approved,0.3636,2022
10b3c885-0bb3-40e4-9523-4864c760ae86,U000509,2022-02-11 20:54:01,20:54:01,1195195.57,cash_withdrawal,M00104,USD,success,pos,D002622,114.160.80.122,credit_card,Ho Chi Minh City,"15.188794,107.75039",37,M,2019-05-09,blocked,0.5,0,0,0,auto_approved,0.1336,2022
08c6f77b-4c0f-44c5-8e2c-184985587a7b,U000486,2022-06-18 15:35:02,15:35:02,128208.28,bill_payment,M00346,VND,success,desktop,D001814,247.115.154.72,credit_card,Hanoi,"12.828058,108.430412",27,M,2018-01-16,active,0.68,0,0,0,auto_approved,0.2993,2022
f6f8fed9-66cb-4680-9ebb-a6b851b408ba,U001382,2022-07-04 17:24:39,17:24:39,111539.48,online_payment,M00120,VND,success,desktop,D002541,242.160.184.181,mobile_wallet,Hanoi,"18.666509,107.192477",32,M,2021-01-09,active,0.86,0,0,0,auto_approved,0.0722,2022
2f661322-cd25-4914-941a-c301787de968,U001990,2022-01-05 13:03:29,13:03:29,1038975.9,transfer,M00194,USD,failed,desktop,D001392,33.252.75.133,bank_transfer,Da Nang,"8.251492,103.127677",54,M,2016-01-09,active,0.58,0,0,0,auto_approved,0.2473,2022
726cb827-4d20-4635-8baf-4d735c32d787,U000023,2022-06-04 14:25:03,14:25:03,1143915.64,online_payment,M00425,USD,success,desktop,D000146,210.6.8.111,debit_card,Kuala Lumpur,"11.84019,102.27124",22,M,2015-07-27,active,0.97,0,0,0,auto_approved,0.2454,2022
bc84647a-1ab9-434c-bd98-509db758cbfe,U000936,2022-11-27 00:12:20,00:12:20,1069493.33,bill_payment,M00423,VND,success,mobile,D001073,5.14.23.200,credit_card,Da Nang,"9.788275,108.231282",64,F,2015-12-23,active,0.46,0,0,0,auto_approved,0.2375,2022
d83057a1-fc6f-418d-9cea-5bdfbcce6984,U001878,2022-07-30 21:28:55,21:28:55,379222.87,transfer,M00032,VND,success,mobile,D001517,135.146.185.73,mobile_wallet,Bangkok,"19.481258,108.937172",65,F,2021-06-29,active,0.56,0,0,0,auto_approved,0.0566,2022
487d3da6-3179-45b8-9b29-6f97de4b5da8,U000659,2022-08-28 05:40:54,05:40:54,572131.4,cash_withdrawal,M00237,VND,success,pos,D002902,78.19.255.68,debit_card,Da Nang,"13.429283,104.937236",40,F,2017-05-12,active,0.55,1,0,0,auto_approved,0.3536,2022
8532235d-500c-46e1-a03d-468f55d98fe3,U001335,2022-11-11 14:11:01,14:11:01,26127.66,bill_payment,M00125,USD,success,mobile,D002484,84.194.164.234,credit_card,Kuala Lumpur,"11.246543,107.601346",40,F,2021-04-01,active,0.57,0,0,0,auto_approved,0.2008,2022
c98cccf1-b77e-4c24-be49-16c69becba6f,U000302,2022-12-24 16:36:38,16:36:38,231740.44,online_payment,M00150,USD,success,desktop,D000433,44.199.52.216,credit_card,Da Nang,"14.725596,104.701609",66,M,2015-02-17,active,0.73,0,0,0,auto_approved,0.3812,2022
3d885211-7e96-4689-bfe0-789c2ca711ff,U001782,2022-06-06 12:14:50,12:14:50,1229.85,bill_payment,M00317,USD,success,atm,D002893,90.219.206.244,debit_card,Kuala Lumpur,"21.821093,104.908949",56,M,2020-03-12,active,0.53,0,0,0,auto_approved,0.1396,2022
15c71f23-a402-4ece-bd22-97e917dad6dd,U001637,2022-11-22 20:06:24,20:06:24,757639.85,bill_payment,M00197,USD,success,pos,D002595,70.74.89.82,bank_transfer,Singapore,"10.320861,108.755822",34,M,2020-02-09,active,0.99,0,0,0,auto_approved,0.2682,2022
79cc6b0e-0322-4613-82da-93dac2e5b881,U000501,2022-12-02 04:30:10,04:30:10,169754.13,cash_withdrawal,M00085,VND,success,mobile,D000496,69.31.39.239,credit_card,Da Nang,"21.960914,105.418775",35,F,2019-04-11,active,0.49,0,0,0,auto_approved,0.1827,2022
6a1fd4b5-99f0-40eb-80aa-add38fcb1689,U001702,2022-05-28 17:57:22,17:57:22,1555021.16,cash_withdrawal,M00060,VND,success,desktop,D002710,209.196.46.224,mobile_wallet,Da Nang,"11.954235,108.926981",34,M,2020-07-01,active,0.5,0,0,0,auto_approved,0.2161,2022
c2a13365-4429-4627-842d-ab279bbba202,U001159,2022-02-24 00:17:41,00:17:41,1359262.77,purchase,M00253,USD,success,desktop,D000291,188.35.207.255,bank_transfer,Ho Chi Minh City,"10.585098,105.715876",24,F,2020-03-27,active,0.8,2,1,1,pending_review,0.3914,2022
0c9ce89f-d56b-4183-8aa0-f002db972bff,U000037,2022-10-01 10:43:58,10:43:58,344745.27,bill_payment,M00492,VND,success,pos,D001617,87.125.217.64,credit_card,Singapore,"10.630196,104.772427",27,F,2017-01-03,blocked,0.79,0,0,0,auto_approved,0.351,2022
7b0a8e16-f17f-456a-80c1-b03d49b3f2b2,U001138,2022-01-09 18:13:33,18:13:33,241150.39,purchase,M00434,USD,success,desktop,D002919,189.64.42.110,credit_card,Da Nang,"18.053512,108.569422",49,M,2021-11-22,active,0.74,0,0,0,auto_approved,0.3046,2022
c8a6baeb-4d66-43f1-89ab-efaaf6a913b9,U001183,2022-01-26 21:56:06,21:56:06,1396158.02,transfer,M00239,VND,success,desktop,D001595,58.221.221.206,debit_card,Kuala Lumpur,"16.099874,103.62413",47,M,2016-12-29,active,0.57,0,0,0,auto_approved,0.0139,2022
dec59f1e-60e8-49bf-aa13-75c941f45f1d,U000012,2022-05-15 23:53:08,23:53:08,1182453.6,cash_withdrawal,M00313,VND,success,desktop,D001324,216.87.113.180,mobile_wallet,Da Nang,"17.879331,106.829896",59,M,2020-10-02,active,0.66,0,1,0,auto_approved,0.343,2022
3800e3db-0317-4448-abc5-799abf91f40a,U001395,2022-03-15 10:55:59,10:55:59,289014.31,purchase,M00244,VND,success,atm,D002623,55.254.137.26,credit_card,Hanoi,"12.427762,106.185721",59,M,2021-11-25,active,0.78,0,1,1,pending_review,0.4727,2022
9a8b4d7a-fbf4-46ea-9f56-ef0a885d4872,U000314,2022-05-30 13:43:02,13:43:02,33775.39,cash_withdrawal,M00290,USD,failed,atm,D001590,99.189.19.189,bank_transfer,Da Nang,"21.003695,103.597755",42,F,2016-04-06,active,0.55,0,0,0,auto_approved,0.2485,2022
f0391761-9599-4902-aac9-37f9de72bfbe,U000608,2022-09-15 23:27:36,23:27:36,164599.64,bill_payment,M00100,USD,success,atm,D000061,24.131.181.191,mobile_wallet,Hanoi,"14.693496,102.901946",47,F,2021-12-29,active,0.77,0,0,0,auto_approved,0.2147,2022
a4dddc76-0645-4485-8cd7-508133032085,U001598,2022-04-01 18:45:53,18:45:53,1389880.9,online_payment,M00041,USD,success,mobile,D000533,93.93.164.116,credit_card,Bangkok,"20.40385,102.061567",23,M,2017-08-21,active,0.9,0,0,0,auto_approved,0.2556,2022
7b26b706-ea5f-4c75-96e4-963aa02cc763,U001561,2022-05-24 13:55:25,13:55:25,841419.58,purchase,M00149,USD,success,atm,D000228,92.154.100.166,bank_transfer,Da Nang,"19.610473,102.377582",64,F,2020-05-28,active,0.8,0,0,0,auto_approved,0.2384,2022
cec706df-fb5e-4dea-9610-f1d67ea43cc9,U001275,2022-07-25 21:42:03,21:42:03,624796.94,online_payment,M00055,USD,success,atm,D000396,68.170.136.55,credit_card,Kuala Lumpur,"16.696334,104.334285",52,M,2018-01-23,active,0.47,0,0,0,auto_approved,0.2304,2022
da0f6b43-c247-43e0-96d4-6f12459bd3fd,U000386,2022-09-23 11:30:23,11:30:23,803575.03,transfer,M00042,USD,success,pos,D002944,246.81.12.159,credit_card,Ho Chi Minh City,"19.239423,104.494794",31,F,2018-11-30,active,0.47,0,1,1,pending_review,0.5157,2022
6ad3990f-88f5-479c-9b73-cb3546704fde,U001011,2022-10-30 21:30:53,21:30:53,1052290.79,cash_withdrawal,M00353,VND,success,mobile,D000867,124.15.110.163,credit_card,Singapore,"18.971374,102.550914",39,F,2018-08-14,active,0.98,0,0,0,auto_approved,0.2351,2022
ed018126-b4e0-4d96-90a4-069112ef160a,U000878,2022-10-12 05:44:09,05:44:09,789062.71,bill_payment,M00363,VND,success,mobile,D001932,141.26.10.211,debit_card,Bangkok,"20.28798,106.989373",26,F,2022-02-09,active,0.52,0,0,0,auto_approved,0.1661,2022
40a4007c-536c-40b8-a095-673ea88828c8,U001742,2022-03-12 17:11:34,17:11:34,2137338.6,cash_withdrawal,M00045,VND,success,pos,D000654,187.167.172.237,credit_card,Kuala Lumpur,"14.417526,107.568037",22,M,2016-03-13,active,0.81,0,0,0,auto_approved,0.2586,2022
6a10ad3d-13b5-4c1d-b8fb-8d5868e489e6,U000822,2022-08-14 10:44:19,10:44:19,507425.32,online_payment,M00354,USD,success,pos,D002777,6.205.107.231,mobile_wallet,Da Nang,"9.588037,103.29711",22,F,2018-09-12,active,0.91,0,0,0,auto_approved,0.2292,2022
099cd99f-c906-4f1d-b1b8-ed669d57d930,U001372,2022-11-30 14:58:18,14:58:18,50913.27,purchase,M00152,USD,success,pos,D000299,220.72.9.211,bank_transfer,Bangkok,"12.254207,102.474071",46,M,2015-07-08,active,0.73,0,0,0,auto_approved,0.0782,2022
9ed13ade-d04e-47a0-b67e-ee3431aec8fb,U001349,2022-04-14 12:06:01,12:06:01,962109.5,bill_payment,M00164,VND,success,atm,D002381,21.212.11.76,bank_transfer,Hanoi,"12.654047,107.328437",51,F,2014-06-14,active,0.45,1,0,0,auto_approved,0.301,2022
e8f64112-5af2-4c5e-846c-26f3040383fb,U001595,2022-02-04 21:31:27,21:31:27,21302.54,bill_payment,M00107,VND,success,atm,D002267,42.244.111.137,mobile_wallet,Ho Chi Minh City,"9.901776,107.755206",18,F,2020-04-23,active,0.94,0,0,0,auto_approved,0.3123,2022
735cdf5d-8816-4a84-8796-eabcb4b66996,U001076,2022-03-25 00:22:57,00:22:57,38810.95,bill_payment,M00154,USD,success,desktop,D001240,76.33.150.53,credit_card,Bangkok,"8.950085,107.657439",66,M,2015-11-05,active,0.73,0,0,0,auto_approved,0.1009,2022
b8d7cc79-3d68-4106-a20b-671f6eb46ba9,U001405,2022-08-19 15:45:38,15:45:38,217818.13,purchase,M00209,VND,success,desktop,D001906,36.24.0.252,mobile_wallet,Hanoi,"8.520721,102.391253",18,F,2016-02-27,active,0.9,0,1,0,auto_approved,0.6705,2022
8c634336-2a79-4e54-836b-bf4b962b72b9,U001183,2022-09-22 01:56:20,01:56:20,71103.27,transfer,M00336,USD,success,pos,D001459,73.228.104.98,mobile_wallet,Kuala Lumpur,"10.841934,105.000775",35,M,2018-01-23,active,0.91,0,0,0,auto_approved,0.3603,2022
f0572544-a21f-48cc-9796-d71fd1446b05,U001851,2022-01-20 21:09:29,21:09:29,1449759.5,bill_payment,M00171,VND,success,desktop,D001671,168.148.141.172,debit_card,Ho Chi Minh City,"13.241403,102.241783",60,M,2018-03-28,active,0.9,0,0,0,auto_approved,0.1013,2022
16ae53d5-1380-443e-adbb-2f70f0d404eb,U001267,2022-08-26 10:36:13,10:36:13,178187.28,purchase,M00409,VND,success,desktop,D001675,252.2.97.206,debit_card,Ho Chi Minh City,"17.649155,105.869777",58,F,2017-07-24,active,0.89,0,0,0,auto_approved,0.1852,2022
4db975fc-b3ad-4a83-b70e-9e017e93de0c,U001893,2022-07-21 21:40:59,21:40:59,2475136.81,bill_payment,M00108,USD,success,atm,D000265,25.158.200.251,credit_card,Kuala Lumpur,"10.582124,105.334459",47,M,2019-03-13,under_review,0.87,0,0,0,auto_approved,0.3831,2022
250359ef-4474-4731-be7e-97ce4a4a9163,U000976,2022-05-27 03:39:00,03:39:00,2454092.55,purchase,M00250,USD,success,desktop,D000769,220.57.79.58,credit_card,Kuala Lumpur,"18.944223,107.8161",30,M,2018-06-29,active,0.64,0,0,0,auto_approved,0.2249,2022
797c6a06-db8a-41f8-988a-8f7af7774e57,U001381,2022-05-17 04:41:22,04:41:22,693203.48,bill_payment,M00428,USD,success,mobile,D001042,63.113.128.51,credit_card,Singapore,"18.989805,105.785461",29,F,2019-01-21,active,0.73,0,0,0,auto_approved,0.4137,2022
5e161570-687c-4e31-b533-e08e4c8f058f,U001207,2022-06-21 01:49:07,01:49:07,205556.17,online_payment,M00047,VND,success,atm,D002517,90.85.49.165,mobile_wallet,Singapore,"13.338849,105.247395",44,M,2015-12-25,active,0.75,0,0,0,auto_approved,0.1813,2022
55362898-eef8-45b6-8b50-f887c704523f,U000683,2022-06-12 17:55:39,17:55:39,1378145.99,online_payment,M00412,USD,success,pos,D000251,191.64.166.156,credit_card,Singapore,"13.003598,102.118501",38,M,2017-09-23,active,0.65,1,0,0,auto_approved,0.3437,2022
2aff5e47-dd5c-49d0-9f6a-32c92c5695ce,U000514,2022-11-05 17:44:13,17:44:13,145433.23,online_payment,M00081,USD,success,pos,D001951,130.13.35.76,bank_transfer,Hanoi,"18.476703,103.603811",26,M,2021-01-16,active,0.75,0,1,0,auto_approved,0.3932,2022
fb7717db-b976-4824-9de1-1cc80d068db5,U000747,2022-03-31 18:05:05,18:05:05,1162714.18,purchase,M00176,VND,success,mobile,D002147,112.82.3.158,credit_card,Ho Chi Minh City,"19.201836,107.543835",49,F,2017-05-10,active,0.97,0,0,0,auto_approved,0.1664,2022
f85c14e8-539e-469f-b3f2-d0c545aeafa5,U000967,2022-04-05 05:30:40,05:30:40,704712.67,cash_withdrawal,M00204,USD,success,atm,D002477,137.32.103.119,mobile_wallet,Da Nang,"13.148475,106.068911",51,M,2022-01-16,active,0.52,0,1,0,auto_approved,0.261,2022
2718a15c-cf29-424c-98d4-04eab65cea35,U000350,2022-04-11 19:51:54,19:51:54,361410.0,transfer,M00343,VND,success,mobile,D002254,205.45.91.2,bank_transfer,Ho Chi Minh City,"14.143706,107.134609",54,M,2017-04-11,active,0.6,0,0,0,auto_approved,0.4476,2022
20e00a39-1f18-409b-928a-0dcfeb4ca3ba,U001762,2022-06-20 02:00:31,02:00:31,506723.32,purchase,M00074,USD,success,atm,D002257,245.210.170.214,credit_card,Singapore,"13.827702,107.908476",40,F,2017-09-23,active,0.55,0,0,0,auto_approved,0.2993,2022
0c1a8bc9-ffb2-401f-93b7-cccf2307d217,U000224,2022-04-18 06:49:11,06:49:11,1458962.6,bill_payment,M00260,VND,success,desktop,D002286,31.90.34.199,bank_transfer,Singapore,"20.767341,106.499132",52,F,2018-11-27,active,0.52,1,0,0,auto_approved,0.4884,2022
72dd4889-d831-42f4-b8c6-ecfdaa24231a,U000189,2022-11-13 06:38:37,06:38:37,453490.44,transfer,M00072,VND,success,atm,D002477,39.227.43.172,bank_transfer,Kuala Lumpur,"19.042586,106.712466",64,M,2015-10-12,under_review,0.51,0,0,0,auto_approved,0.326,2022
0aca6d51-59f6-47f2-b25d-5749461c08e1,U001405,2022-12-06 14:36:25,14:36:25,695325.65,transfer,M00200,VND,success,mobile,D002714,129.188.37.214,credit_card,Da Nang,"15.869916,102.245418",66,F,2017-06-29,active,0.93,0,0,0,auto_approved,0.1097,2022
f4ea9607-1abc-4967-b4cc-fb684b2efe96,U000221,2022-11-28 18:39:58,18:39:58,2597683.09,transfer,M00060,VND,success,pos,D001993,7.224.237.49,debit_card,Kuala Lumpur,"9.36989,104.84034",51,F,2019-03-30,active,0.7,0,0,0,auto_approved,0.4316,2022
f85ceed2-e53f-4325-a18c-53c57bf7cde0,U000350,2022-05-25 14:03:44,14:03:44,688017.56,bill_payment,M00119,USD,success,atm,D000644,91.30.36.34,bank_transfer,Kuala Lumpur,"9.049822,108.220867",24,F,2015-06-09,active,0.69,0,0,0,auto_approved,0.4124,2022
0eda6077-dc8d-4d71-9467-890ea52e6855,U001260,2022-11-19 12:11:22,12:11:22,277486.74,transfer,M00016,USD,success,atm,D002670,189.62.103.129,mobile_wallet,Ho Chi Minh City,"19.852141,106.52072",45,F,2019-05-10,under_review,0.75,0,0,0,auto_approved,0.1541,2022
1cc7b6f3-c73c-4d1f-9e7e-c118b6e5a349,U000490,2022-12-10 13:23:23,13:23:23,1104922.45,transfer,M00006,VND,success,pos,D002417,24.12.60.95,bank_transfer,Kuala Lumpur,"16.04017,108.640341",25,F,2022-05-01,active,0.71,2,1,1,pending_review,0.5091,2022
7a0a8daf-5877-4ea7-b464-5002be83f3be,U000621,2022-06-30 09:24:43,09:24:43,42192.38,cash_withdrawal,M00440,USD,success,mobile,D001977,13.134.144.253,debit_card,Kuala Lumpur,"11.97232,105.393815",41,M,2015-06-01,active,0.61,0,0,0,auto_approved,0.4097,2022
644a8e76-9aab-48cd-b688-399056b18625,U001252,2022-09-02 19:13:41,19:13:41,3310259.34,transfer,M00255,VND,pending,pos,D002806,170.54.118.245,mobile_wallet,Da Nang,"18.683004,103.006878",63,F,2019-10-21,active,0.65,0,1,0,auto_approved,0.5876,2022
efebbbcf-bf33-48d2-a87b-49b02206f1b2,U001196,2022-07-22 01:16:41,01:16:41,599442.21,transfer,M00378,VND,success,atm,D002899,158.55.137.121,debit_card,Ho Chi Minh City,"10.42125,106.561037",23,M,2021-05-24,active,0.72,0,0,0,auto_approved,0.1198,2022
2ba753aa-6b97-464a-9f70-1650a01ae4b7,U000909,2022-04-10 19:26:24,19:26:24,184573.49,bill_payment,M00100,USD,success,pos,D001411,177.55.13.199,debit_card,Bangkok,"16.972053,106.683392",58,M,2021-12-08,active,0.55,0,0,0,auto_approved,0.2257,2022
65feb847-cead-4f83-92de-ae25b0f2256e,U000853,2022-01-03 18:54:52,18:54:52,311098.35,purchase,M00371,USD,pending,atm,D001907,167.31.234.184,mobile_wallet,Ho Chi Minh City,"12.146532,103.622702",21,M,2021-11-09,active,0.58,0,0,0,auto_approved,0.136,2022
73406b1b-52d4-4f51-b79a-37e45f28f3b2,U001047,2022-10-01 22:04:48,22:04:48,524401.76,transfer,M00256,VND,success,desktop,D002662,191.197.147.240,bank_transfer,Bangkok,"16.945593,103.579479",68,M,2020-08-14,active,0.59,0,0,0,auto_approved,0.4076,2022
99bb44ec-9bc4-4a9a-9c5a-d666dc721406,U001672,2022-12-29 11:45:46,11:45:46,799872.78,purchase,M00077,VND,success,pos,D000538,245.74.133.9,credit_card,Da Nang,"14.837264,104.869021",27,M,2017-02-04,active,0.46,0,0,0,auto_approved,0.1527,2022
52e6ee84-013a-46c8-a5e3-0dc9c3bbee84,U001897,2022-05-10 23:35:07,23:35:07,321168.83,online_payment,M00323,USD,success,pos,D000096,31.47.242.188,credit_card,Hanoi,"14.64034,105.060965",47,F,2014-06-06,blocked,0.64,0,0,0,auto_approved,0.2401,2022
5e5fc938-de40-4700-a3eb-7731a7e920d1,U000014,2022-08-15 10:16:32,10:16:32,1018011.09,transfer,M00223,USD,success,mobile,D000401,159.115.149.72,credit_card,Kuala Lumpur,"12.970285,105.328722",28,F,2016-05-01,active,0.79,0,0,0,auto_approved,0.0185,2022
f6f05f06-630e-44d3-a0dc-0b893d49b363,U000556,2022-10-23 13:40:11,13:40:11,1031719.66,transfer,M00222,USD,success,atm,D000135,96.250.10.155,mobile_wallet,Singapore,"8.490117,106.503551",32,F,2022-03-05,active,0.79,0,0,0,auto_approved,0.1633,2022
92ff7ec8-370a-4f3a-b6f0-0f68b8db325b,U001824,2022-03-01 08:46:15,08:46:15,517273.74,purchase,M00292,VND,failed,mobile,D002375,173.127.20.76,mobile_wallet,Ho Chi Minh City,"20.72982,103.624771",49,M,2020-01-27,active,0.87,0,0,0,auto_approved,0.254,2022
8738f012-7c0d-4f54-8f98-c05de60ba928,U000285,2022-04-28 16:09:01,16:09:01,2083761.74,cash_withdrawal,M00327,VND,success,mobile,D002871,138.157.215.184,mobile_wallet,Da Nang,"14.432018,106.177508",20,M,2016-05-02,active,0.69,0,0,0,auto_approved,0.3788,2022
3d702b4a-1e64-4d46-9284-e5613096ef49,U000243,2022-11-19 21:15:36,21:15:36,1094984.41,bill_payment,M00487,VND,success,pos,D002271,28.132.181.69,bank_transfer,Bangkok,"8.561113,104.107848",64,F,2018-10-22,active,0.91,0,0,0,auto_approved,0.1488,2022
d7dfeb6a-b8b0-4e5a-bb44-ec06edd31c5b,U001488,2022-08-21 17:04:25,17:04:25,1385753.51,bill_payment,M00113,USD,success,mobile,D000990,166.118.164.93,mobile_wallet,Da Nang,"10.73878,107.378797",51,F,2022-07-04,active,0.73,0,0,0,auto_approved,0.2283,2022
33ffe04f-698c-4278-9825-e215c8c82115,U001762,2022-11-04 01:26:49,01:26:49,856307.23,cash_withdrawal,M00375,USD,success,atm,D000307,34.166.182.151,bank_transfer,Hanoi,"13.774829,105.93233",29,M,2019-05-06,active,0.81,0,1,1,pending_review,0.493,2022
acea9c26-7eb6-48ab-aa7e-01f0c9ed8a53,U001299,2022-03-13 11:36:15,11:36:15,67319.94,cash_withdrawal,M00319,VND,success,desktop,D001389,33.199.24.231,mobile_wallet,Ho Chi Minh City,"16.241352,103.504397",45,F,2015-10-10,active,0.74,0,0,0,auto_approved,0.1768,2022
b257ccfe-6ee2-436e-99e8-951586933eb9,U001959,2022-03-05 18:20:05,18:20:05,1283615.87,purchase,M00311,USD,success,desktop,D001696,142.119.6.175,mobile_wallet,Kuala Lumpur,"11.955218,103.468409",28,M,2021-04-30,active,0.69,1,1,0,auto_approved,0.5037,2022
41899e32-301b-4c32-b1c0-70234ff42bb8,U000626,2022-04-12 21:53:37,21:53:37,3532593.27,transfer,M00105,USD,success,mobile,D002925,44.248.203.117,mobile_wallet,Singapore,"19.654471,102.885773",33,F,2018-03-01,active,0.49,0,1,0,auto_approved,0.6802,2022
696574cc-6ffd-4cde-99a3-d4ebd35a215a,U000656,2022-05-09 20:54:03,20:54:03,543865.42,purchase,M00158,VND,success,mobile,D001324,168.22.156.246,debit_card,Bangkok,"15.315877,103.242112",51,M,2017-04-24,active,0.63,0,0,0,auto_approved,0.0494,2022
4135f868-ef33-435b-bb6b-62e722354b1d,U001704,2022-03-21 21:20:28,21:20:28,78320.42,purchase,M00463,VND,success,pos,D002560,120.115.7.124,credit_card,Ho Chi Minh City,"14.678398,107.017825",26,M,2019-10-28,active,0.96,0,0,0,auto_approved,0.1034,2022
2f9c8382-cb0e-486b-8802-b24d5f873477,U000077,2022-07-21 05:47:30,05:47:30,100248.17,bill_payment,M00169,USD,success,desktop,D001631,138.162.49.155,debit_card,Kuala Lumpur,"17.90481,103.923137",65,F,2018-11-02,active,0.9,0,1,0,auto_approved,0.5241,2022
98f398b1-14eb-48ff-aca2-81e36e8027d5,U001636,2022-03-12 05:35:58,05:35:58,13541.59,cash_withdrawal,M00121,USD,success,atm,D002635,113.26.165.167,bank_transfer,Hanoi,"13.334427,108.581246",66,F,2018-10-27,active,0.5,0,1,0,auto_approved,0.6693,2022
ecac22aa-1dcf-4474-b384-6fb50f31901c,U001868,2022-01-24 04:59:33,04:59:33,955824.18,transfer,M00206,USD,success,atm,D000820,140.122.29.34,debit_card,Bangkok,"11.383717,103.332167",41,M,2019-09-13,active,0.88,0,1,0,auto_approved,0.5177,2022
c8d33c9a-2181-41dd-ba56-847adf1ad417,U001684,2022-03-26 07:09:49,07:09:49,1473017.25,online_payment,M00209,USD,success,mobile,D001251,74.29.181.184,credit_card,Hanoi,"8.959139,107.753662",47,M,2018-07-28,active,0.45,0,0,0,auto_approved,0.1372,2022
c221c74e-38a8-4244-b3b1-379ec58f827c,U001552,2022-05-10 08:11:53,08:11:53,148012.22,online_payment,M00402,USD,success,atm,D001336,59.200.164.19,bank_transfer,Bangkok,"15.407205,107.035133",34,F,2017-03-02,active,0.74,0,0,0,auto_approved,0.418,2022
4701fe9a-f3b1-466b-8384-cab0bc5d858f,U001871,2022-09-12 17:30:48,17:30:48,725980.11,bill_payment,M00199,USD,success,atm,D001596,204.96.122.82,debit_card,Ho Chi Minh City,"11.710047,103.042749",68,M,2014-07-19,active,0.54,0,0,0,auto_approved,0.3391,2022
247c9a40-2ebe-4533-95b5-03f6c2437edd,U000215,2022-01-12 15:18:32,15:18:32,1518731.99,cash_withdrawal,M00237,VND,failed,pos,D001025,168.31.27.161,mobile_wallet,Kuala Lumpur,"17.442641,106.809573",29,F,2015-02-23,active,0.91,0,0,0,auto_approved,0.103,2022
403f3dd8-e3f6-45d0-860a-cf43e0ee14f3,U001270,2022-12-25 15:31:47,15:31:47,1078842.84,bill_payment,M00263,USD,success,desktop,D001283,74.157.250.204,credit_card,Kuala Lumpur,"9.057723,106.524647",43,F,2020-03-01,active,0.96,0,0,0,auto_approved,0.3961,2022
176125a9-07b3-45b3-93e0-42f21a390134,U001299,2022-02-03 11:00:24,11:00:24,1403085.66,cash_withdrawal,M00202,VND,success,mobile,D001095,206.196.63.172,bank_transfer,Hanoi,"11.77979,105.937988",48,M,2015-04-04,active,0.79,0,0,0,auto_approved,0.3248,2022
02bdd3ad-8dd4-4290-951d-9d9a179f8a3b,U001368,2022-03-10 16:35:59,16:35:59,2056289.58,cash_withdrawal,M00079,USD,success,pos,D001419,174.39.80.240,credit_card,Singapore,"14.593659,105.151265",62,F,2014-07-22,active,0.66,0,0,0,auto_approved,0.0847,2022
e433c68c-b753-47f6-9bce-6c824d38d0e5,U001342,2022-09-21 06:35:52,06:35:52,1411538.8,purchase,M00434,USD,success,mobile,D002064,117.100.6.145,bank_transfer,Da Nang,"19.184449,108.41488",21,M,2016-12-18,active,0.77,0,1,0,auto_approved,0.3985,2022
3f6131d8-84ce-4d80-903a-5b1fd3b1ce3e,U000942,2022-11-13 00:02:05,00:02:05,210902.31,cash_withdrawal,M00195,USD,success,desktop,D002715,26.53.245.15,debit_card,Bangkok,"14.451987,108.997657",28,M,2019-12-09,active,0.5,0,0,0,auto_approved,0.0806,2022
f0ba0af4-449b-4809-9f49-1f46276aba2e,U000697,2022-08-27 11:23:37,11:23:37,57814.14,cash_withdrawal,M00045,VND,success,mobile,D000063,79.222.11.208,credit_card,Singapore,"12.015016,103.96362",53,F,2016-06-18,active,0.52,0,0,0,auto_approved,0.2793,2022
25e2adf9-51aa-4eaa-ae44-48f58e8a8779,U001069,2022-04-21 18:05:49,18:05:49,105504.54,bill_payment,M00192,VND,success,desktop,D000645,139.157.33.23,bank_transfer,Singapore,"15.278065,105.869162",63,F,2020-05-22,active,0.6,0,0,0,auto_approved,0.0998,2022
3a4bdedb-08ba-4745-9ef6-a1f1c17c9d2a,U001152,2022-02-02 07:13:25,07:13:25,1472848.58,purchase,M00286,VND,success,mobile,D002574,201.222.154.14,mobile_wallet,Singapore,"9.420052,105.341142",24,F,2014-11-03,active,0.8,0,0,0,auto_approved,0.1802,2022
efd8964d-d35f-4776-85eb-8178c601f007,U000165,2022-10-21 03:28:05,03:28:05,833583.41,purchase,M00485,VND,success,desktop,D000385,207.60.132.22,mobile_wallet,Kuala Lumpur,"21.935,106.466827",36,M,2015-07-09,active,0.58,0,0,0,auto_approved,0.3745,2022
af75adef-7c07-4673-976e-f50f73199dc7,U001333,2022-08-30 00:32:51,00:32:51,1381547.45,cash_withdrawal,M00186,USD,success,pos,D000538,121.109.155.251,debit_card,Hanoi,"9.088158,105.992958",39,M,2020-07-16,active,0.71,0,0,0,auto_approved,0.1561,2022
80300bcf-40ad-4a15-91b8-17e8a2e4bab4,U001309,2022-11-02 01:03:13,01:03:13,1096776.06,purchase,M00393,USD,success,atm,D001147,188.153.58.239,debit_card,Singapore,"16.121769,106.121677",20,M,2019-11-30,active,0.5,0,0,0,auto_approved,0.2027,2022
3ba56a7d-c8c9-4be3-81fd-7cf1eedffcf2,U001292,2022-10-09 10:46:54,10:46:54,536957.22,bill_payment,M00329,VND,success,pos,D001934,150.36.69.167,credit_card,Kuala Lumpur,"17.552621,106.162881",20,F,2018-05-25,active,0.81,0,0,0,auto_approved,0.2827,2022
b987bbe8-48b2-446f-a209-b0e664f6bb3f,U000458,2022-07-12 15:56:03,15:56:03,366680.84,transfer,M00385,USD,success,atm,D001326,218.50.32.181,credit_card,Ho Chi Minh City,"15.237413,105.581501",47,M,2019-02-09,active,0.54,1,0,0,auto_approved,0.5313,2022
25e56a37-6546-4395-9026-4839477e8b51,U000131,2022-10-17 17:04:26,17:04:26,126513.95,bill_payment,M00489,VND,success,desktop,D000021,175.38.130.61,debit_card,Kuala Lumpur,"14.124778,103.33569",67,M,2018-10-28,active,0.68,0,0,0,auto_approved,0.4012,2022
fe44bb8f-72c2-41cc-b25e-a5eade4f918f,U000372,2022-11-16 09:11:56,09:11:56,2422765.07,online_payment,M00471,VND,success,mobile,D001524,96.53.221.140,mobile_wallet,Bangkok,"19.126343,104.70359",56,M,2015-05-20,active,0.48,0,0,0,auto_approved,0.2382,2022
fb56c71c-e63d-4965-9f96-13df0e2cb10a,U001987,2022-12-01 12:18:21,12:18:21,1226466.77,transfer,M00079,USD,success,mobile,D002211,248.117.231.9,debit_card,Ho Chi Minh City,"12.094319,103.960594",25,M,2018-01-22,active,0.87,0,0,0,auto_approved,0.1283,2022
a397b107-54cb-47e7-b477-a123151cebcb,U000369,2022-05-10 09:07:05,09:07:05,216239.1,transfer,M00490,USD,success,atm,D001304,180.112.85.218,bank_transfer,Singapore,"13.999819,106.421731",28,F,2014-05-03,active,0.96,0,0,0,auto_approved,0.1022,2022
77750a97-721d-4b62-9083-116d414161ac,U000446,2022-12-02 00:34:12,00:34:12,1443376.3,purchase,M00086,USD,success,pos,D001387,57.15.190.107,credit_card,Bangkok,"12.900198,103.965476",59,F,2021-09-21,active,0.59,0,0,0,auto_approved,0.0899,2022
7113b5e7-6c27-4377-8e31-583731e603f7,U000098,2022-05-21 21:09:11,21:09:11,278067.51,transfer,M00393,USD,success,mobile,D000125,250.181.33.143,credit_card,Hanoi,"20.647942,103.106528",27,F,2014-12-05,active,0.83,0,0,0,auto_approved,0.3806,2022
ad991b11-8aef-43af-82c7-e602009d3224,U001258,2022-08-23 23:53:26,23:53:26,627742.15,transfer,M00342,VND,success,mobile,D000601,208.25.104.20,credit_card,Kuala Lumpur,"13.528725,105.574301",62,M,2014-07-20,under_review,0.51,2,1,0,auto_approved,0.2028,2022
9d2d481e-1959-4980-bc2c-9215f6971fe1,U000775,2022-03-25 17:14:27,17:14:27,1844532.88,cash_withdrawal,M00334,USD,success,atm,D001196,201.121.217.20,credit_card,Hanoi,"13.87821,103.612228",24,M,2014-04-24,active,0.79,0,0,0,auto_approved,0.2616,2022
0d40e305-0e5b-4481-b4a2-5f99f7b2293c,U001541,2022-01-21 05:46:53,05:46:53,743973.04,online_payment,M00337,USD,success,mobile,D000171,86.115.25.174,mobile_wallet,Hanoi,"19.806252,103.700611",57,M,2015-04-27,active,0.57,1,0,0,auto_approved,0.3385,2022
e9890e82-7ab4-4bee-b4f3-3cc22f1b82a5,U001523,2022-06-27 03:24:53,03:24:53,427032.66,transfer,M00389,VND,success,pos,D000603,91.84.43.48,debit_card,Singapore,"9.821329,102.577122",54,F,2016-07-09,active,0.61,0,0,0,auto_approved,0.1779,2022
46de60bb-b583-4d90-abc0-ed3248ffb92b,U001094,2022-04-11 13:07:17,13:07:17,1721290.34,online_payment,M00381,USD,success,atm,D000090,148.174.106.63,mobile_wallet,Kuala Lumpur,"16.898132,103.55935",39,F,2020-03-21,active,0.62,0,0,0,auto_approved,0.1736,2022
1a712684-a7f5-4e35-9036-df17aaaff5e2,U001583,2022-05-31 04:00:25,04:00:25,77880.52,cash_withdrawal,M00066,USD,success,mobile,D000246,121.125.10.90,credit_card,Singapore,"12.480042,107.262083",21,M,2016-12-31,active,0.87,0,0,0,auto_approved,0.28,2022
fb1ce5cc-1259-4f39-b316-4783f31249b8,U001606,2022-05-11 20:48:16,20:48:16,210245.0,bill_payment,M00389,VND,success,desktop,D001470,161.73.16.117,debit_card,Singapore,"13.129159,108.592368",28,F,2015-12-11,active,0.99,0,0,0,auto_approved,0.0903,2022
e8ee6518-f59a-453f-8f46-3d9c9a6a3cb0,U001406,2022-05-27 16:33:10,16:33:10,293877.47,purchase,M00151,VND,success,pos,D001856,109.145.131.230,mobile_wallet,Hanoi,"18.431305,102.342989",39,F,2015-09-21,active,0.5,0,0,0,auto_approved,0.3658,2022
6601e7cb-67e2-4ada-8938-71230baf78c8,U000796,2022-09-16 10:58:07,10:58:07,340499.27,transfer,M00166,USD,pending,atm,D001314,236.120.15.185,bank_transfer,Da Nang,"12.441979,103.858882",24,M,2021-04-24,active,0.9,0,0,0,auto_approved,0.4342,2022
e45c6ee7-ac08-4f70-995e-582c94bc6bab,U001505,2022-12-24 11:36:36,11:36:36,71410.75,transfer,M00417,VND,success,desktop,D001347,106.231.225.188,bank_transfer,Bangkok,"8.522718,105.487347",35,F,2014-10-22,active,0.68,0,0,0,auto_approved,0.2083,2022
03c79e16-9ac5-4d4d-aeee-8fcd226c506f,U000423,2022-02-22 20:14:20,20:14:20,748500.82,cash_withdrawal,M00210,VND,success,atm,D000696,196.210.230.29,mobile_wallet,Kuala Lumpur,"13.56547,104.938833",25,M,2019-04-08,active,0.98,0,0,0,auto_approved,0.332,2022
35e4ea43-827e-4d9e-877f-974865772974,U001426,2022-07-07 21:51:50,21:51:50,12891.89,purchase,M00380,VND,success,mobile,D002036,87.58.249.107,credit_card,Kuala Lumpur,"12.285104,107.174841",22,M,2017-02-23,active,0.87,0,0,0,auto_approved,0.4008,2022
d0171fcb-82bf-47ab-80df-416c960dc730,U000526,2022-06-29 20:05:57,20:05:57,1679014.45,online_payment,M00198,USD,success,mobile,D000883,110.214.122.126,credit_card,Ho Chi Minh City,"9.572735,103.471296",46,M,2017-07-15,blocked,0.64,0,0,0,auto_approved,0.1606,2022
458ad900-ddae-48e7-8d21-2c769e87e0bd,U001962,2022-04-12 11:36:36,11:36:36,468811.59,cash_withdrawal,M00284,USD,success,atm,D000314,135.11.200.205,mobile_wallet,Kuala Lumpur,"12.979976,103.063791",63,F,2020-10-05,active,0.69,0,0,0,auto_approved,0.4478,2022
3271f635-79c6-46f9-bf2e-987297b2bc93,U001165,2022-11-05 09:31:59,09:31:59,541961.3,cash_withdrawal,M00266,USD,success,mobile,D002929,53.205.138.167,bank_transfer,Kuala Lumpur,"21.363108,103.832804",41,M,2021-01-21,active,0.54,0,0,0,auto_approved,0.4003,2022
7d48575f-b14f-4f77-9d1e-2f24c06cae94,U001745,2022-04-18 05:52:40,05:52:40,380243.04,online_payment,M00309,VND,success,mobile,D000522,177.43.233.108,mobile_wallet,Singapore,"12.715721,102.203972",52,M,2019-01-01,active,0.56,0,1,0,auto_approved,0.4063,2022
876c9cc3-7250-4799-9567-94db0b353237,U001241,2022-03-11 04:51:07,04:51:07,556623.87,cash_withdrawal,M00430,USD,success,desktop,D000190,123.32.49.151,credit_card,Kuala Lumpur,"15.96447,103.685634",42,F,2015-07-18,active,0.46,0,0,0,auto_approved,0.2725,2022
a8cd6617-3aef-445a-a09a-d160f0f26d4b,U001643,2022-01-20 09:56:34,09:56:34,163854.19,transfer,M00423,VND,success,mobile,D002928,211.47.139.102,credit_card,Kuala Lumpur,"13.354366,105.602667",52,F,2018-04-26,active,0.8,1,0,0,auto_approved,0.461,2022
d833715e-b81d-42be-82c9-a506b60a0e6d,U000311,2022-12-11 05:28:23,05:28:23,1107478.8,cash_withdrawal,M00353,VND,success,desktop,D001177,121.70.89.7,bank_transfer,Hanoi,"12.533318,105.007357",26,F,2016-06-10,active,0.68,0,0,0,auto_approved,0.2675,2022
ab066d12-853c-4a6f-9689-1d48284c48ef,U000193,2022-12-14 05:42:02,05:42:02,588610.13,bill_payment,M00190,VND,success,mobile,D002347,212.251.57.66,mobile_wallet,Kuala Lumpur,"11.975743,106.24995",37,M,2015-12-10,active,0.96,0,0,0,auto_approved,0.3344,2022
b179cfdc-9708-41c2-8712-f76f94e49819,U001698,2022-11-25 11:33:52,11:33:52,3917887.57,online_payment,M00459,VND,success,pos,D002817,51.105.206.142,credit_card,Kuala Lumpur,"17.04005,105.986553",19,M,2020-11-15,active,0.77,0,1,0,auto_approved,0.3579,2022
dc82bc90-068a-4af5-99fd-0996fbb36617,U000196,2022-10-15 10:40:31,10:40:31,702429.48,cash_withdrawal,M00244,USD,failed,mobile,D001073,2.74.215.55,mobile_wallet,Bangkok,"10.753596,108.844277",60,M,2016-04-28,active,0.49,0,0,0,auto_approved,0.2942,2022
8fbfd9e8-7045-4ee4-a694-6d05d108c52b,U001805,2022-11-28 10:38:01,10:38:01,1174969.69,online_payment,M00186,VND,success,mobile,D000545,254.219.66.239,bank_transfer,Hanoi,"12.007454,102.85708",64,M,2016-03-04,active,0.67,0,0,0,auto_approved,0.4499,2022
9997d96a-edca-4a7b-bf8c-e72c66cbb433,U000598,2022-04-04 10:21:34,10:21:34,624457.71,bill_payment,M00301,USD,success,atm,D001257,40.83.248.38,mobile_wallet,Hanoi,"12.218205,105.704402",23,F,2021-06-01,active,0.59,0,0,0,auto_approved,0.0661,2022
df142635-54d3-4986-af7a-209e43ff0bed,U000358,2022-07-25 21:11:37,21:11:37,668023.75,transfer,M00365,VND,success,mobile,D002998,87.231.87.125,debit_card,Hanoi,"21.984835,107.308445",34,M,2014-09-24,active,0.84,0,0,0,auto_approved,0.2691,2022
7a358fd1-84a4-4d7d-9a9b-6802a2bc5814,U001750,2022-02-15 14:36:16,14:36:16,657986.32,online_payment,M00401,USD,pending,atm,D000058,196.105.176.25,debit_card,Hanoi,"19.811027,103.194482",44,F,2020-09-02,active,0.8,0,0,0,auto_approved,0.2315,2022
715106bc-c6e6-489e-b98f-fb1063c94ff9,U001944,2022-11-21 10:01:44,10:01:44,1406219.91,bill_payment,M00134,USD,success,pos,D002736,67.68.132.189,credit_card,Hanoi,"15.4717,107.661127",53,F,2018-07-05,under_review,0.51,0,1,0,auto_approved,0.5435,2022
81d01147-48ce-4a11-868e-10959fdfb065,U001143,2022-01-28 01:44:42,01:44:42,380194.27,bill_payment,M00034,USD,success,atm,D001163,136.153.175.110,debit_card,Bangkok,"18.677743,103.203502",34,F,2021-10-14,active,0.66,0,0,0,auto_approved,0.3681,2022
617cb508-1557-4568-bbc0-8106a41134a1,U001239,2022-11-23 19:19:16,19:19:16,804489.97,transfer,M00208,USD,success,mobile,D000688,202.220.246.247,bank_transfer,Bangkok,"15.434285,102.219757",46,F,2015-12-05,active,0.49,0,0,0,auto_approved,0.0261,2022
94e18c19-e5e3-482b-877c-baa0729812f7,U001104,2022-11-10 14:46:42,14:46:42,713284.35,bill_payment,M00362,USD,success,desktop,D001307,205.132.45.255,credit_card,Singapore,"10.161054,107.413692",54,F,2019-11-01,active,0.51,0,0,0,auto_approved,0.1214,2022
7a06f822-7203-4e4e-afae-933f5d572a8b,U001202,2022-08-31 10:58:02,10:58:02,366877.24,purchase,M00476,VND,success,desktop,D000892,183.22.186.109,credit_card,Kuala Lumpur,"21.967201,108.679751",61,F,2019-04-24,active,0.74,0,0,0,auto_approved,0.0685,2022
ff413405-1556-4230-aaee-af993006a65a,U001196,2022-11-06 21:18:32,21:18:32,59561.41,online_payment,M00439,USD,success,mobile,D001672,160.179.190.177,debit_card,Bangkok,"21.251346,104.471262",48,M,2019-10-04,active,0.9,0,0,0,auto_approved,0.126,2022
786ff6ac-8ee7-4f5c-9177-035843229ec2,U000838,2022-10-04 11:10:23,11:10:23,454347.74,online_payment,M00378,VND,success,mobile,D000734,53.78.162.200,bank_transfer,Kuala Lumpur,"18.052675,107.377",22,F,2019-05-28,blocked,0.97,0,1,0,auto_approved,0.4814,2022
26b74a6e-47f0-42a6-8d3d-5c0eef40c1a2,U001890,2022-06-06 22:11:15,22:11:15,104785.99,cash_withdrawal,M00081,USD,success,pos,D000291,211.227.54.136,debit_card,Da Nang,"17.924319,102.546121",48,M,2021-03-29,active,0.78,0,0,0,auto_approved,0.4205,2022
0a380fcf-1259-47b7-824e-a0a622a04006,U001778,2022-10-13 00:20:00,00:20:00,803535.56,purchase,M00233,VND,success,pos,D002974,43.223.170.4,mobile_wallet,Bangkok,"9.529113,106.32111",47,M,2018-10-05,active,0.7,1,0,0,auto_approved,0.3895,2022
6f81d732-02ca-468c-90ac-04e74c00ed49,U001123,2022-10-01 22:24:01,22:24:01,212196.5,online_payment,M00334,USD,success,atm,D001568,191.134.123.85,mobile_wallet,Hanoi,"14.994691,103.329518",64,F,2015-07-14,active,0.76,0,0,0,auto_approved,0.1496,2022
26190a3f-9dae-4743-b9c6-bd7c57452849,U000518,2022-09-29 04:09:43,04:09:43,669640.59,transfer,M00078,USD,success,mobile,D000893,89.121.76.91,mobile_wallet,Hanoi,"17.162209,102.577561",68,F,2017-05-16,active,0.49,1,0,0,auto_approved,0.423,2022
504f5a38-f597-410c-989a-94945219599e,U000229,2022-06-04 02:18:37,02:18:37,1265532.86,transfer,M00400,VND,success,mobile,D001923,78.13.15.148,bank_transfer,Kuala Lumpur,"11.443407,102.541878",69,F,2018-09-23,active,0.77,0,1,1,pending_review,0.4827,2022
0470de9c-a1a0-4819-ae1b-83c39ef99760,U001660,2022-01-07 13:14:08,13:14:08,376158.45,purchase,M00035,USD,success,pos,D000811,52.126.95.117,debit_card,Hanoi,"19.511232,105.257387",41,M,2020-03-11,active,0.9,0,0,0,auto_approved,0.4349,2022
73835bc8-81df-461e-b38f-eedee4f02450,U000574,2022-07-06 16:06:17,16:06:17,351086.98,bill_payment,M00046,USD,success,pos,D002956,44.147.153.217,credit_card,Singapore,"10.400419,106.130091",24,F,2017-12-08,active,0.9,0,0,0,auto_approved,0.3932,2022
164e2e4e-b306-4e26-bac7-a90dbc50aae0,U000822,2022-07-22 05:05:22,05:05:22,104059.69,transfer,M00426,VND,success,atm,D001062,242.182.117.223,debit_card,Kuala Lumpur,"18.748693,108.594049",20,M,2017-06-12,active,0.57,0,0,0,auto_approved,0.1768,2022
d7296aca-6c89-4851-9772-8674565ee46b,U001404,2022-07-08 15:56:58,15:56:58,78730.04,bill_payment,M00075,VND,success,atm,D001548,174.41.216.61,credit_card,Hanoi,"16.764602,106.514887",30,F,2014-09-09,active,0.95,0,0,0,auto_approved,0.2129,2022
79a9dbe9-21d0-43e9-9268-2cb99103eb99,U000204,2022-05-01 07:47:27,07:47:27,121990.87,bill_payment,M00066,USD,success,mobile,D002716,68.247.27.166,bank_transfer,Da Nang,"13.378014,106.056237",65,M,2019-04-23,active,0.73,0,0,0,auto_approved,0.3828,2022
5f75a17e-93af-4fdc-bacd-8e6236729c5a,U001349,2022-12-29 10:55:30,10:55:30,414754.42,transfer,M00469,VND,success,mobile,D000082,171.22.70.216,debit_card,Singapore,"15.757645,106.15298",49,M,2021-05-28,active,0.89,0,0,0,auto_approved,0.0939,2022
ceb1d165-94b7-417d-90e3-5989b4507320,U001427,2022-09-03 11:24:20,11:24:20,1028955.76,online_payment,M00201,VND,success,desktop,D001294,1.221.83.100,credit_card,Hanoi,"8.072991,102.109802",31,F,2017-10-08,active,0.49,0,0,0,auto_approved,0.3519,2022
c4fbeb89-b3ca-4a06-b950-c07ec849b2eb,U000138,2022-07-10 11:10:18,11:10:18,1301740.85,purchase,M00228,USD,success,mobile,D000252,255.98.208.139,mobile_wallet,Da Nang,"11.459787,106.523064",61,F,2015-03-25,active,0.92,0,0,0,auto_approved,0.1411,2022
59472ee0-fca4-4e66-81f0-b38b76f77155,U000854,2022-05-05 15:32:15,15:32:15,415081.61,transfer,M00298,USD,success,mobile,D001464,146.198.133.148,debit_card,Kuala Lumpur,"14.029673,102.608413",42,F,2020-10-19,under_review,0.65,0,0,0,auto_approved,0.3227,2022
02c5773c-9d29-4f6a-978c-d7672e97e91a,U000280,2022-12-11 11:26:43,11:26:43,508110.29,purchase,M00370,USD,success,pos,D000877,92.193.248.144,mobile_wallet,Ho Chi Minh City,"8.640157,105.157558",41,F,2016-02-25,active,0.89,0,1,0,auto_approved,0.3412,2022
ec4d1f03-9d04-4481-a823-714b4a4715f6,U001990,2022-07-10 18:39:40,18:39:40,492730.12,transfer,M00024,USD,success,desktop,D001990,50.74.211.218,mobile_wallet,Bangkok,"19.736225,108.025636",22,M,2022-01-01,active,0.84,0,0,0,auto_approved,0.2661,2022
53a96796-d26a-4569-a14e-7327e5174892,U001090,2022-07-18 19:33:55,19:33:55,772407.87,bill_payment,M00280,USD,success,atm,D000823,75.13.226.88,credit_card,Bangkok,"8.188354,108.297756",48,F,2015-12-01,active,0.93,0,0,0,auto_approved,0.141,2022
a10d1641-01f8-4c4f-a241-32f30d678880,U000394,2022-06-04 17:17:27,17:17:27,1054322.9,online_payment,M00108,USD,success,pos,D000411,209.81.6.41,debit_card,Ho Chi Minh City,"15.835139,104.309586",68,M,2021-08-14,active,0.63,1,1,0,auto_approved,0.4085,2022
a28e408d-5531-44ad-93e1-d0bc2362d837,U000320,2022-06-14 11:04:04,11:04:04,17591.69,bill_payment,M00369,USD,success,atm,D001619,60.212.108.161,mobile_wallet,Bangkok,"18.510986,104.058919",37,M,2018-09-08,active,0.54,0,0,0,auto_approved,0.1082,2022
990f1c93-ae37-4aa5-983a-9e9d2b88d110,U001583,2022-12-15 19:40:05,19:40:05,469516.76,purchase,M00396,USD,success,pos,D000816,96.244.112.139,bank_transfer,Bangkok,"8.893908,102.841281",37,F,2019-09-02,active,0.74,1,0,0,auto_approved,0.1315,2022
152d27ac-c296-4a0b-9f14-e43175328270,U001245,2022-07-02 12:51:38,12:51:38,27474.36,purchase,M00032,VND,success,pos,D002938,10.209.94.235,debit_card,Bangkok,"18.570632,106.979252",32,F,2016-11-06,active,0.82,0,1,0,auto_approved,0.4527,2022
da5f5c5e-d91e-4615-b7b2-9aad5a81c35d,U000631,2022-09-20 11:19:36,11:19:36,444277.83,bill_payment,M00402,USD,success,pos,D002876,249.171.214.87,debit_card,Kuala Lumpur,"16.513579,107.141541",22,F,2015-11-30,under_review,0.82,0,0,0,auto_approved,0.1091,2022
4b27c1de-83b1-4ee5-88ba-1685018bc1b0,U000621,2022-01-16 18:36:27,18:36:27,4580.19,purchase,M00457,USD,failed,pos,D002115,117.17.123.4,credit_card,Singapore,"11.328536,108.279649",52,F,2020-05-09,active,0.49,0,1,0,auto_approved,0.5423,2022
1e9e5312-ca2c-41e8-8490-c65ebfe8e89d,U001885,2022-02-01 03:37:06,03:37:06,114469.31,online_payment,M00217,VND,success,pos,D000455,118.32.165.112,mobile_wallet,Kuala Lumpur,"11.252777,102.059028",26,M,2021-12-20,active,0.87,0,0,0,auto_approved,0.3135,2022
0e04166f-b09a-4e8b-b82d-9444a41b1461,U000961,2022-07-03 00:31:07,00:31:07,186612.59,bill_payment,M00326,USD,success,atm,D000883,191.12.157.96,debit_card,Singapore,"14.074155,107.665051",68,M,2015-06-05,active,0.54,0,0,0,auto_approved,0.3055,2022
db4d3c37-457b-4f34-b1a3-1b9d0c74bc3a,U000890,2022-05-10 08:03:57,08:03:57,72793.57,bill_payment,M00362,VND,success,mobile,D000802,49.249.81.15,mobile_wallet,Singapore,"14.430541,104.804688",37,F,2021-11-20,active,0.97,0,0,0,auto_approved,0.2222,2022
2f2fd6ea-9633-46e9-8c80-958f94ab5be8,U000198,2022-11-25 15:38:56,15:38:56,399955.4,cash_withdrawal,M00103,VND,success,mobile,D002860,163.251.20.143,mobile_wallet,Bangkok,"21.333353,103.792891",31,M,2016-04-02,active,0.57,1,0,0,auto_approved,0.18,2022
a60328e0-cffa-41d0-972f-8b85aa850b1e,U000292,2022-07-27 20:17:41,20:17:41,278014.99,bill_payment,M00463,VND,success,desktop,D001066,139.122.207.112,bank_transfer,Singapore,"9.076284,108.496082",69,M,2017-10-21,active,0.87,0,0,0,auto_approved,0.1346,2022
1bc6514c-e903-4fa6-8432-047983a4d766,U001680,2022-01-08 08:17:55,08:17:55,1204661.8,bill_payment,M00127,VND,success,mobile,D000715,51.236.244.55,debit_card,Kuala Lumpur,"18.155904,102.980645",65,F,2017-09-29,active,0.84,0,0,0,auto_approved,0.0945,2022
9d998ef6-5f55-4d0b-92f6-065eb0d7936d,U001013,2022-02-05 06:19:46,06:19:46,293908.58,transfer,M00401,USD,success,mobile,D000873,202.249.254.9,credit_card,Da Nang,"20.343674,102.684185",58,F,2020-10-20,under_review,0.88,0,0,0,auto_approved,0.2751,2022
db85beac-b016-48a0-a397-d21553198de5,U000716,2022-09-28 05:59:26,05:59:26,2487858.08,purchase,M00457,VND,success,atm,D000897,67.0.90.48,mobile_wallet,Hanoi,"9.524786,103.495371",64,F,2015-10-31,under_review,0.64,0,1,1,pending_review,0.2588,2022
0bcffbf0-b4fb-4109-90b3-619d722769cd,U001302,2022-04-08 19:10:17,19:10:17,299930.32,online_payment,M00492,VND,success,desktop,D002496,7.119.228.198,bank_transfer,Hanoi,"9.853457,102.107515",60,M,2014-05-24,active,0.85,0,0,0,auto_approved,0.134,2022
03a9eb06-b23d-41a7-b41d-4ae4e424b62e,U001538,2022-07-29 01:39:11,01:39:11,167777.63,transfer,M00364,USD,success,mobile,D000290,102.162.30.89,debit_card,Singapore,"20.635169,105.885284",32,F,2015-05-31,active,0.53,0,0,0,auto_approved,0.1514,2022
2268b8da-712d-4b2a-b5a0-1c76a73293f2,U001383,2022-11-28 09:03:37,09:03:37,340338.21,bill_payment,M00247,USD,success,atm,D000749,225.203.143.206,credit_card,Hanoi,"20.313566,108.218115",18,M,2018-12-23,active,0.9,0,0,0,auto_approved,0.0266,2022
3a2f8887-b556-489b-8609-e15b0e66c743,U000954,2022-08-05 02:16:12,02:16:12,3721363.73,bill_payment,M00193,VND,pending,desktop,D001309,3.110.221.89,bank_transfer,Singapore,"17.936194,102.061737",22,F,2018-04-08,active,0.46,0,1,0,auto_approved,0.5757,2022
1469037e-b804-423a-858c-4d20a57d484f,U001831,2022-04-18 23:14:49,23:14:49,585361.75,bill_payment,M00105,USD,success,desktop,D001415,156.53.65.56,mobile_wallet,Singapore,"8.876515,103.151389",42,M,2018-02-08,active,0.46,0,0,0,auto_approved,0.3283,2022
1d604fac-0e25-45f2-9b52-f4c5746565b7,U000724,2022-05-11 03:11:07,03:11:07,887659.51,purchase,M00428,VND,success,mobile,D001723,135.143.42.45,credit_card,Kuala Lumpur,"10.255423,104.86766",60,M,2022-01-24,active,0.75,0,0,0,auto_approved,0.3169,2022
2b5b05c8-2673-42c2-9215-93a32cd883cd,U000061,2022-02-01 06:26:27,06:26:27,314916.48,cash_withdrawal,M00289,VND,success,atm,D002856,168.229.187.137,debit_card,Kuala Lumpur,"13.735909,102.122451",60,F,2014-02-07,active,0.63,0,0,0,auto_approved,0.191,2022
c1a82b10-3a6b-4be8-add3-d18c428695a9,U000041,2022-02-03 08:31:47,08:31:47,770479.53,purchase,M00381,USD,success,atm,D000665,64.157.77.119,bank_transfer,Kuala Lumpur,"17.629467,102.556977",57,M,2018-08-09,active,0.55,0,1,0,auto_approved,0.3393,2022
f998b257-57f7-4071-a481-172f6e33a9e7,U001102,2022-02-10 22:20:09,22:20:09,1253719.22,purchase,M00232,VND,success,pos,D002441,60.122.214.164,mobile_wallet,Singapore,"12.08826,102.684266",26,M,2020-11-10,active,0.97,0,0,0,auto_approved,0.3133,2022
1c69ee8c-42dd-4967-bdd2-d17ed01d2405,U001168,2022-06-15 16:18:27,16:18:27,631976.96,online_payment,M00329,USD,success,desktop,D000187,67.255.215.204,credit_card,Singapore,"15.678943,104.225965",59,F,2014-08-31,active,0.94,3,1,0,auto_approved,0.4639,2022
0c080f4c-80e7-46f6-a7bc-f01818ac5e89,U001443,2022-07-06 10:30:01,10:30:01,952622.47,purchase,M00213,USD,success,pos,D000833,202.171.39.39,credit_card,Kuala Lumpur,"8.468202,108.989866",37,F,2019-12-26,active,0.68,2,1,1,pending_review,0.2995,2022
8968613b-cb75-478d-b604-9d036c3ea3cf,U000780,2022-02-20 20:39:06,20:39:06,131282.07,transfer,M00075,USD,success,atm,D000773,23.1.6.182,mobile_wallet,Hanoi,"9.044125,107.239786",34,M,2021-01-03,active,0.85,0,0,0,auto_approved,0.0906,2022
20f36d9b-a7b9-4326-86ee-318020ae9316,U001617,2022-08-01 04:36:36,04:36:36,121530.92,cash_withdrawal,M00230,VND,success,pos,D002969,22.214.143.128,mobile_wallet,Bangkok,"15.413816,103.183967",31,M,2021-02-24,active,0.52,0,0,0,auto_approved,0.1153,2022
5c4c914b-e527-401a-8f06-04d00ded075e,U001860,2022-09-24 14:59:27,14:59:27,763004.27,cash_withdrawal,M00147,VND,success,mobile,D001070,250.32.62.95,credit_card,Kuala Lumpur,"21.561927,108.834794",22,M,2021-05-12,active,0.82,2,1,0,auto_approved,0.3526,2022
5619110a-2e66-4981-af67-ae382e973b38,U001938,2022-04-03 15:46:18,15:46:18,655644.62,cash_withdrawal,M00153,VND,success,pos,D000856,129.75.47.166,mobile_wallet,Da Nang,"17.668031,105.502422",56,F,2016-04-20,active,0.56,0,0,0,auto_approved,0.1579,2022
a34ff63a-ab34-4317-9523-3b832caba822,U001284,2022-05-20 02:54:25,02:54:25,394892.63,transfer,M00488,USD,success,atm,D001683,223.197.44.19,credit_card,Da Nang,"17.125198,103.170605",34,M,2016-11-13,active,0.75,0,1,0,auto_approved,0.4496,2022
6740b9e8-1790-4238-9916-dc19ffd61226,U001126,2022-01-02 03:22:04,03:22:04,2487869.65,purchase,M00310,VND,success,desktop,D002315,9.172.207.224,bank_transfer,Hanoi,"14.591045,107.241026",52,F,2020-08-01,active,0.57,1,0,0,auto_approved,0.2324,2022
038c9f5d-0d5a-48a6-b347-c65ec780f26f,U000117,2022-11-21 11:55:31,11:55:31,1014580.65,transfer,M00477,USD,success,mobile,D000926,198.78.245.207,debit_card,Kuala Lumpur,"13.428111,105.361008",57,F,2019-09-17,active,0.55,0,0,0,auto_approved,0.1283,2022
a6b1a28b-0f87-4eff-865d-4792eb9ac1d4,U000304,2022-12-18 08:49:21,08:49:21,1104714.41,bill_payment,M00461,USD,success,mobile,D002181,208.109.235.146,debit_card,Hanoi,"18.986778,108.99085",51,M,2020-12-01,active,0.55,0,0,0,auto_approved,0.157,2022
e5102b43-c7fb-4373-834d-00fd6814c195,U000032,2022-12-22 14:43:33,14:43:33,1120428.01,online_payment,M00308,USD,success,pos,D001127,245.98.253.114,credit_card,Bangkok,"13.66768,104.805533",52,M,2018-12-03,active,0.91,0,0,0,auto_approved,0.1768,2022
2102f800-e97a-4cd1-a4c2-2dd18b2aa096,U001716,2022-10-29 09:24:26,09:24:26,237757.52,bill_payment,M00403,VND,success,atm,D001599,172.204.128.129,debit_card,Hanoi,"21.166598,105.105101",32,M,2018-12-25,active,0.46,0,0,0,auto_approved,0.3518,2022
7cd617b1-a1ba-45b4-8f4c-21c9f9f3161b,U000151,2022-05-20 01:19:57,01:19:57,118223.43,cash_withdrawal,M00035,USD,success,pos,D001134,51.135.141.156,mobile_wallet,Hanoi,"10.895931,105.530717",35,M,2018-08-07,active,0.99,0,0,0,auto_approved,0.1833,2022
5267481a-970d-43dd-94ec-25d35f80d9be,U000340,2022-04-13 02:54:48,02:54:48,1579553.35,bill_payment,M00208,VND,success,atm,D000639,3.91.201.199,credit_card,Hanoi,"10.591213,104.947788",48,M,2020-12-18,active,0.82,0,0,0,auto_approved,0.4191,2022
bec36fe4-8488-425f-bc40-400cdb736f16,U000341,2022-07-04 13:02:53,13:02:53,1618869.44,purchase,M00461,USD,success,atm,D002198,127.62.123.154,bank_transfer,Hanoi,"12.518411,106.353973",41,F,2020-09-03,active,0.49,0,0,0,auto_approved,0.4044,2022
04f27fad-7bb9-491f-b047-913185969cbd,U000149,2022-07-03 20:23:35,20:23:35,464703.67,bill_payment,M00149,VND,success,pos,D001388,172.176.118.35,bank_transfer,Ho Chi Minh City,"20.914516,105.554121",36,F,2014-08-05,active,0.8,0,0,0,auto_approved,0.1852,2022
989c845a-b0f3-4192-9663-d956421ea0da,U000322,2022-12-03 07:37:56,07:37:56,652249.05,cash_withdrawal,M00167,USD,success,mobile,D001297,198.140.233.80,mobile_wallet,Hanoi,"15.498033,103.058613",38,M,2016-09-30,active,0.96,0,0,0,auto_approved,0.2024,2022
d1fcd264-4d89-4e37-aac6-0ac7d1ee6431,U001402,2022-10-09 12:17:32,12:17:32,1212766.94,purchase,M00006,USD,success,desktop,D000750,23.66.183.107,mobile_wallet,Bangkok,"16.378793,104.314959",36,M,2018-01-10,active,0.59,0,0,0,auto_approved,0.3297,2022
26b06782-83ac-45ac-a6ac-a9f1bf8d4483,U001102,2022-11-19 09:48:16,09:48:16,2118510.1,online_payment,M00413,USD,success,desktop,D001351,29.227.249.128,credit_card,Kuala Lumpur,"15.542336,102.367901",34,M,2014-10-05,active,0.7,0,0,0,auto_approved,0.0267,2022
3fbefbbf-3844-426f-93d2-8c9a7649f029,U001029,2022-11-15 13:54:48,13:54:48,135889.96,transfer,M00086,VND,success,pos,D000741,105.184.202.230,debit_card,Da Nang,"14.639913,103.417846",20,M,2021-02-09,active,0.77,1,0,0,auto_approved,0.3103,2022
9705a9fc-01d0-4452-b00c-ad4571420e05,U000695,2022-10-19 22:27:48,22:27:48,705590.06,cash_withdrawal,M00329,VND,success,desktop,D002457,14.91.67.123,credit_card,Da Nang,"19.987655,106.994396",64,M,2015-04-20,active,0.77,0,0,0,auto_approved,0.0966,2022
de3ecfca-1b81-40c2-a500-024ffcb2f293,U001277,2022-01-29 13:23:09,13:23:09,88126.37,bill_payment,M00481,USD,success,pos,D000009,241.191.137.43,mobile_wallet,Bangkok,"13.544477,107.199742",45,F,2021-10-18,active,0.67,0,0,0,auto_approved,0.3286,2022
daa32916-fa0e-4f0b-8a28-af681b01b22f,U001629,2022-01-16 21:50:39,21:50:39,1324027.93,transfer,M00360,VND,success,mobile,D002771,66.219.170.226,debit_card,Ho Chi Minh City,"9.173661,105.379504",49,F,2015-01-07,active,0.54,0,1,0,auto_approved,0.4308,2022
0d0e2ad4-4605-4ef4-9a51-2d6b9c0dbe6f,U000661,2022-03-09 15:06:24,15:06:24,672424.49,purchase,M00359,VND,success,mobile,D002448,222.82.189.170,bank_transfer,Bangkok,"11.066283,103.871871",56,M,2017-08-08,active,0.62,0,0,0,auto_approved,0.3622,2022
daf7432e-ebae-4523-a835-b9894256e3e3,U001012,2022-10-29 11:28:36,11:28:36,1038259.59,bill_payment,M00067,USD,success,mobile,D000287,100.51.87.215,debit_card,Bangkok,"12.86593,106.339676",18,M,2019-12-19,active,0.73,0,1,0,auto_approved,0.3363,2022
99e65323-082a-465d-8ce7-7ab078e1e0be,U000920,2022-12-21 01:57:30,01:57:30,522321.8,transfer,M00103,VND,success,atm,D000169,66.12.217.44,mobile_wallet,Hanoi,"17.5252,102.038434",41,F,2017-01-16,active,0.7,0,0,0,auto_approved,0.111,2022
ad99e455-1a24-439e-bf49-45958df8dd8c,U001107,2022-11-02 15:45:13,15:45:13,825793.16,online_payment,M00352,USD,success,pos,D001111,128.7.118.38,credit_card,Kuala Lumpur,"18.556217,108.302169",34,F,2019-01-11,active,0.77,0,1,0,auto_approved,0.2823,2022
f21516c8-641f-4057-aa3e-1dec74e4fa34,U001776,2022-03-06 09:01:31,09:01:31,52982.37,online_payment,M00427,VND,success,desktop,D001719,28.143.77.115,mobile_wallet,Da Nang,"19.277996,108.289363",47,F,2019-01-28,active,0.98,0,1,0,auto_approved,0.4379,2022
17962b59-849a-44b7-ad51-184b84d176fd,U000452,2022-03-06 05:34:38,05:34:38,1058520.7,transfer,M00029,VND,success,pos,D001292,45.19.64.94,credit_card,Bangkok,"19.2816,105.577986",67,F,2015-08-26,active,0.74,0,1,0,auto_approved,0.4537,2022
f5c1d8c5-7c34-4f6a-a3ba-26084241594b,U001389,2022-01-28 23:33:26,23:33:26,2976732.09,online_payment,M00273,VND,success,atm,D001595,9.143.40.107,credit_card,Bangkok,"17.282917,108.810653",26,M,2016-02-14,active,0.64,0,0,0,auto_approved,0.3071,2022
39295f47-33ed-434e-8f8b-6cf0fde98108,U000662,2022-05-30 14:47:57,14:47:57,282554.07,purchase,M00043,USD,success,pos,D002619,166.69.228.231,credit_card,Singapore,"21.691637,102.8863",21,F,2014-08-18,active,0.51,0,0,0,auto_approved,0.1699,2022
ee9fde5f-8d75-43b4-9216-4cdce2efbae5,U000445,2022-05-04 00:28:11,00:28:11,742594.63,bill_payment,M00498,VND,success,mobile,D000564,33.146.67.102,debit_card,Ho Chi Minh City,"17.776464,103.850774",56,M,2022-03-04,active,0.53,0,0,0,auto_approved,0.1126,2022
42a7adaa-b9c2-4886-90b2-d8f847fd4c5e,U000206,2022-08-21 03:12:49,03:12:49,273153.31,purchase,M00273,VND,success,desktop,D000353,190.5.167.19,credit_card,Bangkok,"15.315429,108.011782",45,F,2016-03-26,active,0.78,0,1,0,auto_approved,0.2552,2022
50f2e0e1-c1df-450b-b4c3-421a5e44e9ac,U000976,2022-07-13 23:44:03,23:44:03,141707.47,online_payment,M00220,VND,success,pos,D000610,237.19.176.34,bank_transfer,Kuala Lumpur,"16.999125,103.233162",36,M,2021-03-31,active,0.75,0,0,0,auto_approved,0.1257,2022
cacaa3ea-5a8f-4bec-acfa-a5e40ca030e2,U001974,2022-08-04 16:26:44,16:26:44,267998.3,bill_payment,M00149,VND,success,mobile,D002896,81.68.179.252,credit_card,Da Nang,"11.383312,103.338001",22,F,2017-10-26,active,0.58,2,1,0,auto_approved,0.4602,2022
35159cc7-0258-4d9f-aa88-af08771de33b,U000568,2022-05-15 06:47:55,06:47:55,1763437.21,bill_payment,M00294,USD,success,desktop,D000152,159.250.217.74,bank_transfer,Bangkok,"17.017772,103.544884",60,F,2018-04-21,active,0.5,0,0,0,auto_approved,0.0382,2022
501dab97-5d9c-429d-a3ae-b0dfe23ac3ba,U000842,2022-04-27 02:37:42,02:37:42,1876331.51,bill_payment,M00120,USD,success,pos,D002338,103.0.195.222,mobile_wallet,Da Nang,"16.144475,106.210654",30,M,2018-08-29,active,0.71,0,0,0,auto_approved,0.0102,2022
eadeec3a-6e05-4afc-8e08-4d7e36284475,U000646,2022-04-13 04:23:24,04:23:24,21975.92,online_payment,M00092,VND,success,atm,D001390,47.51.148.220,credit_card,Kuala Lumpur,"18.913048,104.834063",45,F,2020-08-28,active,0.99,0,0,0,auto_approved,0.0493,2022
3a33bc5c-1a67-4e73-a75e-f4c1575232a8,U001965,2022-08-23 09:20:57,09:20:57,3470.42,online_payment,M00269,VND,success,atm,D000984,2.239.50.13,credit_card,Singapore,"10.784359,102.020036",68,M,2018-09-20,active,0.98,0,0,0,auto_approved,0.3352,2022
b993fea9-1707-4776-94fc-0cb4b46a49f7,U000290,2022-06-20 15:42:53,15:42:53,191711.93,bill_payment,M00200,USD,success,mobile,D000277,138.128.3.117,credit_card,Kuala Lumpur,"14.012635,107.74317",44,M,2016-05-09,active,0.58,0,0,0,auto_approved,0.3417,2022
13117aa3-3c04-4348-916a-0d290ef68114,U000357,2022-04-14 15:59:42,15:59:42,458366.77,purchase,M00087,VND,success,pos,D000990,240.44.196.211,mobile_wallet,Singapore,"20.882575,107.642551",68,M,2017-09-25,under_review,0.81,0,0,0,auto_approved,0.2428,2022
47cc8696-2b4d-417f-b868-ab5d21154e89,U001418,2022-07-03 23:56:22,23:56:22,262369.91,cash_withdrawal,M00436,VND,success,desktop,D001195,242.52.44.222,mobile_wallet,Kuala Lumpur,"19.988396,104.0076",34,F,2018-01-29,active,0.5,0,0,0,auto_approved,0.3494,2022
65eebe4d-7a5b-437a-806e-b7cb9fbd3608,U000797,2022-11-27 00:10:12,00:10:12,1266026.89,bill_payment,M00447,VND,success,desktop,D001244,53.211.16.86,mobile_wallet,Hanoi,"8.045347,102.587348",25,F,2018-03-28,active,0.72,0,0,0,auto_approved,0.2981,2022
b5840243-0329-4290-93b1-55d4be4c6300,U001441,2022-12-13 12:59:17,12:59:17,558738.5,online_payment,M00129,VND,success,desktop,D002785,245.27.45.153,credit_card,Da Nang,"20.841368,108.239487",66,M,2017-10-15,under_review,0.75,0,0,0,auto_approved,0.279,2022
a9eae226-6ba5-40a7-ac60-c2722d58385f,U000588,2022-02-06 04:37:44,04:37:44,3181569.17,transfer,M00014,USD,success,atm,D002174,128.124.112.243,mobile_wallet,Kuala Lumpur,"19.561127,104.63525",26,F,2021-09-20,active,0.52,0,1,0,auto_approved,0.3476,2022
13698912-c56a-4997-9310-9694ca4c0b21,U000215,2022-03-15 17:13:00,17:13:00,371679.18,cash_withdrawal,M00156,USD,success,atm,D001192,69.55.62.109,credit_card,Hanoi,"15.951793,106.673099",58,F,2014-02-19,active,0.66,0,0,0,auto_approved,0.2607,2022
958679de-c7aa-4a83-8f9d-83c6d4075da5,U001112,2022-06-20 02:38:40,02:38:40,1077743.98,cash_withdrawal,M00385,VND,success,atm,D000687,187.180.253.197,debit_card,Singapore,"21.7588,105.101446",28,F,2016-07-12,active,0.79,0,0,0,auto_approved,0.045,2022
e15e70f8-946b-49dc-be1b-7fec0d814428,U001330,2022-11-24 10:15:15,10:15:15,114209.69,cash_withdrawal,M00176,VND,success,desktop,D002643,80.93.26.176,mobile_wallet,Da Nang,"16.755195,106.16995",60,M,2019-01-25,active,0.8,0,0,0,auto_approved,0.3346,2022
664541aa-ae0c-47fc-8ede-72ada86a5faa,U000033,2022-12-05 06:20:21,06:20:21,1019665.66,transfer,M00352,USD,success,mobile,D002031,24.254.237.246,debit_card,Da Nang,"13.30169,103.790595",55,M,2018-08-13,active,0.99,0,0,0,auto_approved,0.1766,2022
a4b047a0-2777-4653-9585-17f347cf502b,U001564,2022-11-04 10:07:39,10:07:39,1230644.4,transfer,M00216,VND,pending,atm,D001418,243.53.70.56,mobile_wallet,Bangkok,"14.675987,103.107625",65,F,2022-02-02,active,0.59,0,0,0,auto_approved,0.1609,2022
3bd3783c-2726-49a0-9b20-2a5967f64986,U000300,2022-04-13 08:17:59,08:17:59,3455507.17,online_payment,M00237,USD,success,pos,D000353,112.95.197.93,debit_card,Da Nang,"10.566983,107.681217",20,M,2018-09-01,active,0.9,0,1,0,auto_approved,0.6319,2022
4d99c6e3-4d06-4e84-9b0e-4003fc645c4b,U001024,2022-10-22 16:27:07,16:27:07,1491718.33,online_payment,M00006,USD,success,desktop,D002513,23.173.27.211,mobile_wallet,Ho Chi Minh City,"8.066979,106.456604",70,F,2021-03-24,active,0.74,0,0,0,auto_approved,0.276,2022
b7c52e59-9675-48b7-860c-9b8ad03f8bfc,U001227,2022-07-20 14:28:12,14:28:12,409230.38,transfer,M00435,VND,success,mobile,D000077,110.230.168.32,bank_transfer,Bangkok,"20.325761,105.231697",41,F,2020-07-31,active,0.6,0,0,0,auto_approved,0.2699,2022
ac8d2119-76bd-418a-9494-264c4cff8f7a,U000411,2022-10-13 23:19:10,23:19:10,249802.52,bill_payment,M00172,VND,success,atm,D001509,171.46.180.165,debit_card,Hanoi,"21.166324,107.017693",38,M,2016-08-06,active,0.68,2,1,1,pending_review,0.1886,2022
00347ea3-458f-4226-87ff-e8dd39e7d9c7,U001483,2022-05-25 23:05:29,23:05:29,1993618.77,bill_payment,M00194,VND,success,desktop,D002176,32.150.49.128,mobile_wallet,Ho Chi Minh City,"8.278594,104.530031",23,M,2015-10-29,active,0.49,0,0,0,auto_approved,0.2463,2022
fa9b6977-30ba-4a65-a41c-8ceb123882ae,U000694,2022-06-21 03:05:09,03:05:09,349181.58,bill_payment,M00341,VND,pending,atm,D000074,111.174.243.254,credit_card,Ho Chi Minh City,"8.591599,104.723677",35,F,2021-01-31,active,0.98,1,0,0,auto_approved,0.3265,2022
caad5fab-edba-4d93-a016-d4c2dfb8221e,U000428,2022-09-01 07:16:25,07:16:25,1502551.6,online_payment,M00486,USD,success,desktop,D002269,53.157.66.19,credit_card,Kuala Lumpur,"14.30512,106.503128",58,M,2018-08-27,active,0.58,0,0,0,auto_approved,0.021,2022
09ed4a0c-a4a9-4a8d-8fcc-d885495c5d99,U001184,2022-09-29 03:20:45,03:20:45,325821.98,cash_withdrawal,M00187,USD,success,pos,D002720,69.63.94.82,bank_transfer,Singapore,"18.61207,105.488374",27,M,2014-10-11,active,0.55,0,0,0,auto_approved,0.2157,2022
4a8793f5-4a03-4a58-bce2-bbfd4e735386,U001588,2022-10-13 16:56:36,16:56:36,821959.74,bill_payment,M00108,USD,success,mobile,D001338,131.120.221.224,bank_transfer,Hanoi,"17.186421,105.211603",36,M,2015-07-21,active,0.83,0,0,0,auto_approved,0.4486,2022
2c446d86-2605-4199-9c0e-2c5d29abfb19,U001404,2022-05-01 13:25:17,13:25:17,1398757.0,online_payment,M00221,USD,success,atm,D001523,245.43.124.137,mobile_wallet,Singapore,"13.734488,104.38953",24,F,2018-05-02,active,0.66,0,0,0,auto_approved,0.2758,2022
9be1191c-cad1-45fd-8479-8752a961001a,U000286,2022-07-03 11:06:36,11:06:36,181241.8,bill_payment,M00317,USD,pending,atm,D002322,135.148.53.140,mobile_wallet,Bangkok,"15.532606,107.106616",43,F,2014-12-18,active,0.91,0,0,0,auto_approved,0.0956,2022
58386a1f-2c54-4218-82fa-754b1fb020e0,U000089,2022-06-16 23:33:02,23:33:02,248272.87,transfer,M00240,USD,success,atm,D001408,28.42.215.88,mobile_wallet,Ho Chi Minh City,"17.499755,108.499105",56,M,2017-07-02,active,0.7,0,0,0,auto_approved,0.1863,2022
9fba2673-4801-4a1c-867b-94133a944610,U000190,2022-06-07 05:11:35,05:11:35,106859.8,online_payment,M00396,VND,success,atm,D001539,230.193.55.136,mobile_wallet,Ho Chi Minh City,"15.675594,102.046692",44,F,2018-09-15,active,0.78,1,0,0,auto_approved,0.1124,2022
dbe80f6e-b0af-4ed0-8513-4e2e38042554,U001217,2022-05-28 20:02:40,20:02:40,300182.07,cash_withdrawal,M00071,VND,success,mobile,D002684,229.60.48.179,bank_transfer,Ho Chi Minh City,"19.97243,103.582679",58,M,2015-01-28,active,0.83,0,0,0,auto_approved,0.1929,2022
898aaf26-45aa-496b-9449-331fc5a19ece,U001886,2022-11-05 05:32:18,05:32:18,1057492.41,bill_payment,M00456,USD,failed,desktop,D001580,244.64.113.60,debit_card,Hanoi,"18.311292,104.79309",27,M,2020-10-19,active,0.89,0,0,0,auto_approved,0.0819,2022
83343550-d9b1-4ca1-9f49-0166d0460a9f,U000145,2022-12-31 12:04:14,12:04:14,468401.47,transfer,M00489,USD,success,mobile,D000360,12.150.100.16,credit_card,Singapore,"9.206523,106.077825",19,M,2018-12-05,under_review,0.75,0,0,0,auto_approved,0.434,2022
335b0d4c-4403-46a6-8a00-ecf801903c1d,U000832,2022-06-23 13:32:07,13:32:07,1697514.98,online_payment,M00155,USD,failed,desktop,D002639,127.2.72.52,debit_card,Bangkok,"21.723639,103.663794",64,F,2020-02-23,active,0.8,0,0,0,auto_approved,0.2161,2022
a9a280a8-5132-470d-b153-914e7981f3cf,U000127,2022-03-19 06:44:45,06:44:45,617139.13,bill_payment,M00270,USD,success,mobile,D000258,111.181.229.241,debit_card,Ho Chi Minh City,"15.016923,105.530831",60,F,2022-01-04,blocked,0.46,0,0,0,auto_approved,0.4239,2022
d1549888-a7fb-498b-9de2-b31af180b76e,U000676,2022-06-11 09:28:15,09:28:15,769785.68,transfer,M00487,USD,success,pos,D002991,121.183.117.237,mobile_wallet,Kuala Lumpur,"19.966416,108.649866",51,F,2020-09-28,active,0.86,0,0,0,auto_approved,0.2865,2022
2caa5c64-2f5b-4526-a07a-c0b390a38f80,U001448,2022-09-17 22:02:15,22:02:15,1890701.24,transfer,M00009,VND,success,desktop,D001115,79.180.189.42,credit_card,Da Nang,"11.045427,103.284664",19,M,2016-11-23,active,0.53,0,0,0,auto_approved,0.1314,2022
90ecba31-8871-464c-b594-492e9f901566,U001179,2022-01-16 01:08:29,01:08:29,1092138.24,purchase,M00495,VND,success,mobile,D001976,16.121.212.226,bank_transfer,Bangkok,"11.756507,102.741491",45,F,2019-04-16,active,0.64,0,0,0,auto_approved,0.2163,2022
10c28f9f-e343-4dee-9ae1-1d01e93a52e2,U000849,2022-06-13 18:08:15,18:08:15,192544.9,bill_payment,M00334,VND,success,desktop,D002147,192.181.221.251,mobile_wallet,Da Nang,"17.351817,103.94238",26,F,2014-06-01,active,0.64,0,0,0,auto_approved,0.4345,2022
d116fe2d-cdfd-4d37-b6fb-452b1938882e,U000790,2022-08-14 20:32:40,20:32:40,815404.85,bill_payment,M00255,VND,success,mobile,D001286,149.30.109.34,mobile_wallet,Hanoi,"16.666787,108.30538",49,F,2015-08-17,active,0.9,0,0,0,auto_approved,0.3376,2022
07a57cbf-8ecf-4ea2-8b02-0b807d7f3569,U000531,2022-01-08 06:36:11,06:36:11,38061.46,purchase,M00018,VND,success,mobile,D002102,145.130.61.187,mobile_wallet,Hanoi,"20.725572,107.751733",65,F,2016-11-14,active,0.95,0,0,0,auto_approved,0.3565,2022
384df404-77b5-4179-9d21-a8d3d3556301,U000899,2022-11-01 01:38:52,01:38:52,743511.13,transfer,M00277,VND,success,atm,D001031,97.123.157.149,mobile_wallet,Singapore,"20.090518,108.978854",55,M,2018-06-24,active,0.9,0,0,0,auto_approved,0.3032,2022
f4573d86-294c-4780-b044-be0fb420741d,U000582,2022-10-11 12:02:01,12:02:01,665651.19,purchase,M00146,USD,success,pos,D001320,29.68.222.137,mobile_wallet,Singapore,"13.326918,107.488089",53,F,2022-06-05,active,0.89,0,0,0,auto_approved,0.4272,2022
13188ef1-6fbd-4b39-9e15-a460069c3d13,U001312,2022-11-14 21:05:29,21:05:29,706650.77,purchase,M00336,VND,success,atm,D002303,127.27.151.236,debit_card,Da Nang,"17.022755,105.247206",54,F,2014-11-02,active,0.74,1,0,0,auto_approved,0.2612,2022
9afc590b-ed77-4f0e-8ae8-b3dcf99772ca,U000887,2022-01-18 13:09:45,13:09:45,67446.51,online_payment,M00152,VND,success,atm,D002460,101.46.245.78,bank_transfer,Ho Chi Minh City,"14.551765,105.24635",38,M,2021-09-14,active,0.78,0,0,0,auto_approved,0.3683,2022
70b01a29-86f0-463a-b393-a864e8d9ddc6,U001353,2022-12-09 00:46:04,00:46:04,123737.91,purchase,M00068,VND,success,atm,D001802,106.226.175.137,mobile_wallet,Singapore,"18.971457,105.845098",62,F,2016-01-04,active,0.49,0,0,0,auto_approved,0.1865,2022
7ac4238a-45c1-46d2-b285-22ca29be4835,U001259,2022-01-22 00:45:40,00:45:40,634837.37,bill_payment,M00486,USD,success,atm,D001407,112.19.13.253,mobile_wallet,Bangkok,"12.895012,108.388611",23,F,2016-01-25,active,0.59,0,0,0,auto_approved,0.3129,2022
1fb9f1f0-c4cb-4147-8c8c-93591ff3287b,U000359,2022-05-02 23:34:48,23:34:48,182466.79,purchase,M00053,USD,success,mobile,D002194,91.103.199.169,debit_card,Da Nang,"13.468446,107.849191",54,F,2020-03-30,active,0.83,0,0,0,auto_approved,0.0911,2022
47f7454a-9936-404a-880d-1488f3c52a15,U000838,2022-01-20 09:27:23,09:27:23,216864.96,cash_withdrawal,M00356,USD,success,desktop,D000820,148.162.38.180,credit_card,Da Nang,"11.158631,103.381229",63,M,2017-10-26,active,0.61,1,1,1,pending_review,0.3162,2022
ca6a9305-6e3a-4db4-83cb-7668e4dc3aee,U000519,2022-09-18 04:51:25,04:51:25,796917.5,online_payment,M00362,VND,success,mobile,D000877,174.102.246.23,mobile_wallet,Da Nang,"13.274518,106.27467",33,M,2016-04-20,active,0.99,0,0,0,auto_approved,0.3657,2022
b5270e4c-daf7-480d-aa44-53c2bd8e1fae,U001476,2022-09-08 02:29:30,02:29:30,235339.48,online_payment,M00321,USD,success,atm,D001016,173.141.225.88,debit_card,Bangkok,"21.275401,107.499091",31,F,2018-06-09,active,0.47,0,1,1,pending_review,0.4983,2022
64d3c51b-efdb-49bf-b499-6a0a19887cef,U001835,2022-12-24 10:35:00,10:35:00,173873.48,online_payment,M00219,USD,success,desktop,D002650,82.25.87.26,credit_card,Kuala Lumpur,"21.283199,102.096626",34,F,2016-11-02,active,0.83,0,0,0,auto_approved,0.389,2022
1d54cd39-d366-45bb-9e8c-c5cae96c59ed,U001809,2022-07-03 11:03:57,11:03:57,17914.36,online_payment,M00121,VND,success,atm,D000069,24.184.29.31,credit_card,Bangkok,"12.297144,102.76331",46,M,2016-04-25,active,0.82,3,1,0,auto_approved,0.2101,2022
bc1fcc5e-236c-4970-85d4-9f5a3c281cc8,U000721,2022-11-18 07:03:23,07:03:23,528671.66,cash_withdrawal,M00019,USD,success,desktop,D001791,174.66.183.187,debit_card,Hanoi,"17.873563,105.959081",64,M,2019-01-02,active,0.52,0,0,0,auto_approved,0.151,2022
5cb97524-e800-490b-bb1c-1f9a7c8bce39,U001861,2022-08-17 08:21:17,08:21:17,1065473.86,online_payment,M00106,USD,success,desktop,D001418,29.105.251.252,credit_card,Bangkok,"17.414852,108.679645",62,F,2015-06-21,active,0.57,0,0,0,auto_approved,0.3559,2022
868c86c8-d460-482d-a543-e30735ba7c63,U000172,2022-11-26 15:16:57,15:16:57,505033.71,transfer,M00205,VND,success,atm,D001320,55.202.147.92,credit_card,Hanoi,"18.337997,105.698513",25,M,2019-05-22,active,0.8,0,0,0,auto_approved,0.1555,2022
476c4069-dd37-4c2a-967c-f4f69232999f,U001358,2022-01-05 04:23:51,04:23:51,145322.63,purchase,M00175,VND,success,atm,D001012,109.171.108.209,credit_card,Ho Chi Minh City,"9.022375,104.746315",36,F,2021-08-28,active,0.7,0,0,0,auto_approved,0.3008,2022
773c9797-782e-43e3-884f-7d4408b6e418,U000264,2022-02-08 08:48:54,08:48:54,1735067.38,purchase,M00324,VND,success,atm,D002162,201.77.39.77,bank_transfer,Bangkok,"12.052547,107.404102",57,M,2016-03-17,active,0.88,0,1,0,auto_approved,0.4348,2022
8910d25a-5ff3-41fd-8766-dabcb86288ea,U000041,2022-12-16 18:31:55,18:31:55,103174.31,cash_withdrawal,M00022,USD,success,mobile,D000690,21.129.22.176,debit_card,Singapore,"21.222636,108.595148",47,M,2020-08-08,active,0.97,0,0,0,auto_approved,0.1653,2022
2e419f7b-ceb5-49ef-9136-f141ab33b2d8,U000503,2022-12-24 20:56:33,20:56:33,633188.24,bill_payment,M00403,USD,success,pos,D002096,201.86.224.192,mobile_wallet,Ho Chi Minh City,"19.225379,104.421571",39,F,2021-01-21,active,0.76,0,0,0,auto_approved,0.2359,2022
b9f10430-25cf-4a39-8c2e-ff44f33f0a7f,U000103,2022-01-08 12:47:24,12:47:24,2755813.93,cash_withdrawal,M00055,VND,success,mobile,D001816,95.101.244.178,debit_card,Bangkok,"19.964609,106.668771",56,F,2014-12-16,active,0.97,0,0,0,auto_approved,0.1386,2022
d5723630-e95a-4a3f-9edd-a020c5f81549,U001675,2022-10-26 03:13:48,03:13:48,121413.57,bill_payment,M00270,VND,success,pos,D000279,203.109.248.6,bank_transfer,Da Nang,"18.461669,108.218002",43,F,2016-03-09,under_review,0.5,0,0,0,auto_approved,0.3969,2022
0168f484-3d59-473f-8059-9a67457ff3f8,U001398,2022-03-29 03:47:11,03:47:11,96853.7,purchase,M00437,USD,success,pos,D002353,6.249.156.241,credit_card,Bangkok,"8.972803,103.005284",38,F,2021-11-25,active,0.93,0,0,0,auto_approved,0.2678,2022
046fcd6a-023f-4e58-907f-9be3633ae296,U001692,2022-09-06 23:54:32,23:54:32,1285106.49,purchase,M00002,USD,success,pos,D000426,48.157.126.15,debit_card,Da Nang,"8.474734,105.965479",23,M,2019-12-28,active,0.76,0,0,0,auto_approved,0.2745,2022
3b3ce37c-97dc-4e83-a43d-8a551d1d3e3e,U000919,2022-08-04 20:11:52,20:11:52,1280715.04,bill_payment,M00107,VND,success,atm,D001497,179.213.80.24,debit_card,Da Nang,"21.783626,102.753722",50,F,2021-01-21,active,0.88,0,0,0,auto_approved,0.137,2022
84e67567-13b1-4965-aa16-fa31e7a10158,U001459,2022-08-26 23:19:32,23:19:32,65181.49,purchase,M00486,USD,success,pos,D000421,74.230.146.126,mobile_wallet,Da Nang,"17.216353,105.99384",55,F,2017-10-16,active,0.55,0,0,0,auto_approved,0.0562,2022
f136ab18-c415-44ec-8ac7-bf8aaf5f90b3,U001279,2022-10-22 10:54:05,10:54:05,521037.26,transfer,M00264,VND,success,pos,D001627,50.225.191.130,mobile_wallet,Singapore,"15.152479,103.090349",27,F,2022-07-21,active,0.46,0,0,0,auto_approved,0.1843,2022
6faf6c29-e7a6-49c4-828f-686317b95c42,U001523,2022-12-11 18:18:25,18:18:25,381216.45,online_payment,M00029,USD,success,atm,D001482,252.108.7.138,bank_transfer,Kuala Lumpur,"19.47702,106.242982",33,F,2019-09-15,active,0.84,0,0,0,auto_approved,0.3433,2022
73c4a18c-56ed-432d-a781-38814f5656c5,U001866,2022-07-31 07:35:18,07:35:18,1110822.72,bill_payment,M00037,VND,success,desktop,D000468,180.37.5.142,bank_transfer,Da Nang,"13.896394,105.364637",54,F,2014-10-09,active,0.52,2,1,0,auto_approved,0.5129,2022
d6cff8ef-2acd-46c2-bdec-c1dd0869c274,U001511,2022-08-15 23:10:37,23:10:37,381505.65,transfer,M00386,USD,failed,pos,D002748,158.188.137.10,mobile_wallet,Bangkok,"13.831743,108.116222",26,M,2020-09-26,active,0.82,0,0,0,auto_approved,0.2139,2022
fa2fee2b-9348-4600-aeb6-59189c41ca14,U000839,2022-12-04 10:02:54,10:02:54,310941.61,online_payment,M00295,USD,success,mobile,D002456,246.205.117.199,debit_card,Bangkok,"10.251525,106.882728",50,F,2021-06-15,active,0.77,0,0,0,auto_approved,0.3237,2022
1a193d31-e539-476a-a297-90c6cfde9156,U000354,2022-12-28 17:09:56,17:09:56,431388.32,cash_withdrawal,M00259,VND,success,mobile,D001188,81.152.159.195,debit_card,Kuala Lumpur,"10.856062,103.856867",40,F,2015-10-22,active,0.99,0,0,0,auto_approved,0.1064,2022
f6a5b975-8269-4c98-a5cc-e9cda7ac8bc5,U000029,2022-03-01 09:22:03,09:22:03,403484.82,bill_payment,M00020,USD,success,pos,D000383,173.41.251.39,mobile_wallet,Da Nang,"18.387082,102.29968",58,F,2019-02-22,active,0.54,0,0,0,auto_approved,0.4088,2022
e03d1822-9d4e-4c7b-91e5-31e5b8c0d73f,U000262,2022-11-06 13:27:49,13:27:49,619483.17,online_payment,M00183,VND,success,pos,D002238,184.20.216.34,credit_card,Kuala Lumpur,"15.887826,107.14814",29,F,2016-06-11,active,0.47,0,0,0,auto_approved,0.0921,2022
ccbd93b8-f2eb-4cd8-8aec-68df6ad59bc3,U001423,2022-01-25 17:07:51,17:07:51,1388597.82,cash_withdrawal,M00478,VND,success,atm,D000336,74.95.26.84,mobile_wallet,Bangkok,"18.628731,105.544391",45,M,2021-05-23,active,0.86,0,0,0,auto_approved,0.0328,2022
a534dcd6-d772-4b14-a059-0157d043d385,U001999,2022-11-19 01:54:30,01:54:30,1543672.51,purchase,M00373,USD,success,atm,D002771,203.2.177.94,bank_transfer,Kuala Lumpur,"18.925015,108.316347",28,M,2014-10-03,under_review,0.84,0,0,0,auto_approved,0.2869,2022
b649eaec-60ce-4558-9c65-713a2ae37324,U001074,2022-12-13 07:35:46,07:35:46,770244.49,online_payment,M00141,USD,success,atm,D001450,105.110.182.41,credit_card,Singapore,"20.676088,104.609638",38,M,2019-08-13,active,0.72,0,0,0,auto_approved,0.2044,2022
b1ba57ff-0c27-462f-8a8c-c050b212e323,U001222,2022-06-13 22:12:34,22:12:34,667890.39,online_payment,M00016,USD,success,mobile,D000237,188.20.237.86,bank_transfer,Singapore,"14.330297,107.08801",45,F,2019-02-27,active,0.55,3,1,0,auto_approved,0.1831,2022
653f705c-e783-4c7b-92fd-2ac3dc887f44,U001980,2022-07-25 03:21:43,03:21:43,545651.49,online_payment,M00464,USD,success,atm,D000725,91.111.206.255,bank_transfer,Ho Chi Minh City,"18.065069,104.329171",45,M,2018-05-05,active,0.51,0,0,0,auto_approved,0.4178,2022
95bfdb57-120d-46b3-a870-bbf73b5fee7d,U000001,2022-05-30 16:02:23,16:02:23,392530.27,purchase,M00134,USD,success,desktop,D000257,104.146.253.11,debit_card,Kuala Lumpur,"19.236722,108.226061",29,F,2018-11-17,active,0.46,1,0,0,auto_approved,0.286,2022
fc66dbdd-893f-4992-ad81-313e57da7a31,U000576,2022-11-28 10:50:36,10:50:36,305625.48,cash_withdrawal,M00112,VND,success,pos,D000672,159.123.21.96,mobile_wallet,Singapore,"20.334522,103.673974",58,F,2021-09-22,active,0.63,0,0,0,auto_approved,0.2173,2022
5c6121c1-0598-4d3c-9f77-2b0a4df509ed,U001636,2022-04-03 09:07:21,09:07:21,395898.13,online_payment,M00229,VND,success,pos,D001937,40.24.64.96,mobile_wallet,Bangkok,"16.950468,107.942915",65,M,2015-07-08,active,0.65,0,0,0,auto_approved,0.2248,2022
a6e5059e-41a2-4118-865d-7f8992cc0699,U001935,2022-12-03 11:05:04,11:05:04,181485.44,online_payment,M00341,USD,success,pos,D001541,141.67.64.232,mobile_wallet,Kuala Lumpur,"16.293833,105.183596",18,F,2014-12-05,active,0.88,0,0,0,auto_approved,0.2243,2022
d9afd4c6-40f0-47ec-ae72-7b8177da6c9f,U001361,2022-04-21 03:19:29,03:19:29,820777.69,transfer,M00174,USD,success,atm,D001536,236.117.103.147,bank_transfer,Kuala Lumpur,"17.005684,105.259184",36,F,2014-05-30,active,0.81,0,0,0,auto_approved,0.3121,2022
d2f1d77e-9eac-4737-a8ca-907f0ee4da96,U001226,2022-10-27 05:58:04,05:58:04,1471403.09,online_payment,M00035,VND,success,mobile,D001572,77.255.59.42,mobile_wallet,Kuala Lumpur,"12.214808,103.18155",58,M,2021-12-04,active,0.78,2,1,0,auto_approved,0.4228,2022
197f54eb-3d2f-4cb6-a57a-0e10f8b75d8f,U000543,2022-11-11 08:58:27,08:58:27,287850.81,bill_payment,M00137,VND,success,desktop,D001141,2.183.124.165,bank_transfer,Ho Chi Minh City,"18.0966,104.080582",55,M,2014-10-13,active,0.9,0,0,0,auto_approved,0.2799,2022
d3e46b43-6f9e-4195-85b2-79413d63596a,U000169,2022-09-25 05:27:25,05:27:25,826585.4,bill_payment,M00407,USD,failed,atm,D000388,142.29.201.218,bank_transfer,Bangkok,"12.587856,107.82241",27,F,2015-12-05,active,0.88,0,0,0,auto_approved,0.1676,2022
36934e66-4550-447e-9b63-2dbb210706dd,U001155,2022-01-02 05:33:55,05:33:55,62348.66,bill_payment,M00068,VND,success,atm,D001137,83.172.71.247,debit_card,Bangkok,"19.892996,108.932662",23,F,2016-04-09,active,0.64,0,0,0,auto_approved,0.3383,2022
f589b8f9-3d5a-4889-b666-d199f36a1065,U000992,2022-02-04 09:44:13,09:44:13,330422.03,purchase,M00147,USD,success,mobile,D000233,230.68.212.70,credit_card,Kuala Lumpur,"11.650538,103.685662",59,M,2020-02-26,active,0.58,0,1,0,auto_approved,0.6094,2022
cd596c41-40c5-4017-9c62-90aeed7663f8,U000492,2022-06-12 19:54:04,19:54:04,815231.66,purchase,M00121,VND,pending,pos,D002643,81.227.201.157,mobile_wallet,Bangkok,"12.955225,102.604482",29,M,2021-03-25,active,0.79,0,0,0,auto_approved,0.0861,2022
e7b844c2-93f3-4354-9b9b-a5c489686105,U000045,2022-03-15 17:20:06,17:20:06,60811.36,online_payment,M00198,USD,success,desktop,D000842,168.92.47.102,bank_transfer,Da Nang,"11.000726,105.085791",52,M,2014-07-11,active,0.86,0,0,0,auto_approved,0.393,2022
59ce3b2a-29ee-4897-a49e-837a35e4f0e9,U000191,2022-10-12 01:43:00,01:43:00,373864.28,purchase,M00318,USD,success,pos,D002341,245.32.55.20,debit_card,Bangkok,"11.957954,104.116823",22,F,2016-05-26,active,0.53,2,1,1,pending_review,0.3035,2022
28380b62-a514-4385-90e6-d04e9fc615fe,U000009,2022-11-03 08:01:09,08:01:09,187604.5,purchase,M00252,VND,failed,atm,D002969,212.86.247.24,debit_card,Da Nang,"8.922284,106.712094",37,F,2017-10-19,active,0.87,0,0,0,auto_approved,0.2545,2022
0f6d233e-6196-4a4f-9020-829b8791cc14,U000052,2022-09-06 13:16:06,13:16:06,2148468.57,transfer,M00076,USD,success,pos,D002534,147.145.137.146,bank_transfer,Bangkok,"21.678271,106.376119",64,F,2018-01-18,active,0.94,0,0,0,auto_approved,0.2813,2022
8348447b-05db-416c-b704-42fc87c54925,U001258,2022-05-03 19:30:50,19:30:50,789886.1,purchase,M00232,VND,success,pos,D000552,49.255.158.72,mobile_wallet,Hanoi,"21.500557,102.931654",65,M,2021-03-17,active,0.9,2,1,1,pending_review,0.6487,2022
cf93a85a-34d2-4226-a74c-afa2490c28b5,U001238,2022-05-21 07:53:37,07:53:37,640499.38,transfer,M00032,VND,success,desktop,D001790,14.172.20.21,debit_card,Kuala Lumpur,"20.149892,106.612475",50,M,2017-12-05,active,0.61,0,0,0,auto_approved,0.0365,2022
72cc6167-3b52-4ec1-b5ac-93bdfdf7f4dd,U000008,2022-08-23 03:51:20,03:51:20,1267732.53,transfer,M00068,VND,success,atm,D002820,224.4.154.172,credit_card,Kuala Lumpur,"12.027429,102.087683",70,M,2017-10-06,active,0.71,0,1,0,auto_approved,0.4607,2022
67e868a2-201e-4f57-b24a-35cf06080d87,U000208,2022-04-21 23:44:48,23:44:48,1183271.87,transfer,M00436,USD,success,pos,D002154,154.135.69.50,credit_card,Kuala Lumpur,"13.176353,103.506962",70,F,2014-10-14,active,0.71,0,0,0,auto_approved,0.3357,2022
06dde8bc-33f2-44bd-8da9-9e419d7778a6,U001332,2022-11-18 06:31:56,06:31:56,676005.93,online_payment,M00230,VND,success,mobile,D000047,71.208.38.5,mobile_wallet,Da Nang,"14.62651,105.387868",66,M,2016-05-10,active,0.7,0,0,0,auto_approved,0.1114,2022
6c755b21-0bbd-437b-951f-ec7d3256fde6,U000004,2022-12-10 16:55:48,16:55:48,246361.01,online_payment,M00496,USD,success,atm,D000058,216.127.141.225,debit_card,Ho Chi Minh City,"16.2229,103.446332",60,F,2021-09-23,active,0.81,0,0,0,auto_approved,0.4391,2022
cd4d1fc4-39c5-413e-ba30-1ae4340e2aae,U000293,2022-05-17 13:27:16,13:27:16,372663.82,online_payment,M00077,VND,success,mobile,D001286,248.139.165.252,bank_transfer,Bangkok,"11.294807,108.046873",44,M,2018-05-29,active,0.82,1,1,1,pending_review,0.5865,2022
94031149-b36a-4de9-9aba-494d23c5bf3f,U000883,2022-02-16 14:22:24,14:22:24,376452.45,transfer,M00192,VND,success,desktop,D002761,222.49.244.102,bank_transfer,Kuala Lumpur,"19.895603,104.84397",66,F,2018-07-24,active,0.83,0,0,0,auto_approved,0.2385,2022
3d4b3229-0c4b-4396-86ea-bb951cee68f9,U000490,2022-01-23 09:43:55,09:43:55,80545.26,online_payment,M00224,USD,success,atm,D000730,204.164.140.53,bank_transfer,Hanoi,"13.629725,104.852038",56,M,2015-05-14,active,0.96,0,0,0,auto_approved,0.1736,2022
a3596fd9-c83d-4602-a9a7-28914113bd6e,U001371,2022-07-14 09:54:04,09:54:04,843826.4,bill_payment,M00440,USD,success,atm,D002519,84.9.212.20,debit_card,Singapore,"10.407454,108.797909",20,M,2021-04-26,under_review,0.95,2,1,1,pending_review,0.5462,2022
a9e4d3bc-c4c4-4106-9914-31dd0f166b52,U000144,2022-04-13 18:04:07,18:04:07,438812.19,bill_payment,M00269,USD,success,desktop,D000138,58.80.139.68,bank_transfer,Da Nang,"11.83138,108.971234",38,M,2015-02-07,active,0.46,1,1,1,pending_review,0.4791,2022
245abbc1-07ee-4bc5-bc2d-f0e3ca4d26d6,U001831,2022-12-15 17:14:04,17:14:04,393032.97,purchase,M00069,VND,success,atm,D001540,140.65.56.23,bank_transfer,Da Nang,"8.107497,106.323123",61,M,2021-11-06,under_review,0.94,1,0,0,auto_approved,0.1236,2022
5c8ff7fd-401b-42c4-8ff8-58894163cec8,U001193,2022-01-24 21:28:24,21:28:24,355093.85,purchase,M00496,USD,success,pos,D002508,240.135.63.149,bank_transfer,Kuala Lumpur,"15.148531,107.697795",53,F,2013-12-28,active,0.48,0,0,0,auto_approved,0.1104,2022
ca192864-caaf-4f4b-9369-24e72ac950da,U001358,2022-06-07 07:10:43,07:10:43,385893.96,online_payment,M00426,VND,success,pos,D001871,138.216.11.242,mobile_wallet,Kuala Lumpur,"18.81763,106.043675",40,M,2015-04-02,active,0.88,0,0,0,auto_approved,0.3593,2022
1998454f-b037-4ae9-a73c-2d3cc29c400d,U001666,2022-06-18 01:15:43,01:15:43,583115.08,purchase,M00432,VND,success,atm,D002719,37.216.203.124,credit_card,Da Nang,"19.483955,102.306001",55,M,2018-05-16,active,0.63,0,0,0,auto_approved,0.3553,2022
ec768a2a-c732-450d-b7b5-3f0095eca432,U000225,2022-01-14 05:27:22,05:27:22,1496114.58,transfer,M00283,USD,success,pos,D002266,201.81.177.162,mobile_wallet,Ho Chi Minh City,"20.501462,104.58175",57,M,2016-08-20,active,0.72,0,0,0,auto_approved,0.318,2022
18c183ff-3c0b-4675-8b30-e19ad5191a3f,U001150,2022-06-15 07:57:28,07:57:28,946308.55,online_payment,M00215,VND,success,mobile,D000504,167.137.78.82,debit_card,Ho Chi Minh City,"17.086648,107.393876",62,M,2017-01-08,active,0.62,0,0,0,auto_approved,0.181,2022
092b1756-6a0c-4cc4-8221-94e48a2f8b60,U001392,2022-09-11 05:44:16,05:44:16,274877.81,purchase,M00347,USD,success,desktop,D001397,48.50.33.131,credit_card,Kuala Lumpur,"10.45046,103.296837",60,F,2018-06-30,active,0.57,0,0,0,auto_approved,0.1354,2022
49ec282b-9150-473d-8e84-756f8bd6c3e5,U001887,2022-03-29 20:55:34,20:55:34,18053.89,bill_payment,M00023,VND,success,pos,D001252,110.34.139.175,debit_card,Bangkok,"11.303297,104.373026",59,M,2018-05-23,active,0.55,1,1,0,auto_approved,0.3312,2022
420e225d-2526-4cb5-a300-7b0b288dbaa5,U001707,2022-09-25 01:30:51,01:30:51,288948.37,transfer,M00277,VND,success,mobile,D001474,176.124.53.61,credit_card,Singapore,"16.375602,108.85938",64,M,2014-09-27,active,0.69,0,0,0,auto_approved,0.269,2022
8ebed031-e8a2-4b66-9651-be870d498070,U000880,2022-09-30 02:09:18,02:09:18,792394.83,cash_withdrawal,M00336,VND,success,desktop,D000394,68.193.70.9,mobile_wallet,Kuala Lumpur,"20.489634,108.812844",67,M,2022-05-31,active,0.63,0,0,0,auto_approved,0.3971,2022
3b09d800-4685-447f-ad7c-9ede4f2fdb5c,U000027,2022-08-13 17:04:27,17:04:27,58095.33,cash_withdrawal,M00455,VND,success,pos,D001649,181.142.154.168,debit_card,Da Nang,"20.990458,106.859611",19,M,2017-06-24,under_review,0.48,0,0,0,auto_approved,0.4133,2022
a0a47a70-4c17-4298-a9b2-c9f2baabafe7,U000607,2022-07-20 21:57:59,21:57:59,604919.44,bill_payment,M00311,VND,success,desktop,D000023,7.160.245.252,credit_card,Ho Chi Minh City,"8.162418,105.661276",66,F,2015-12-01,active,0.77,0,0,0,auto_approved,0.3793,2022
a32d84de-46dd-4b4e-83e1-bbc73aa308ac,U000033,2022-09-25 17:40:04,17:40:04,1037350.76,transfer,M00243,VND,success,desktop,D000487,36.56.210.245,mobile_wallet,Ho Chi Minh City,"21.141557,102.625523",33,F,2020-03-09,under_review,0.6,1,0,0,auto_approved,0.5178,2022
b0ce6eb5-3cf3-43ef-ba37-9786b5087583,U001995,2022-06-20 02:35:43,02:35:43,743707.03,cash_withdrawal,M00345,VND,success,pos,D001107,31.233.238.114,bank_transfer,Bangkok,"19.538056,105.599521",28,M,2016-06-08,active,0.8,0,0,0,auto_approved,0.3733,2022
967baa88-28e5-4e7c-b75f-efe5c573719e,U001716,2022-03-06 03:02:12,03:02:12,1288868.69,bill_payment,M00183,VND,success,atm,D000182,79.81.204.52,bank_transfer,Singapore,"19.803916,105.561532",37,F,2021-12-25,active,0.7,0,0,0,auto_approved,0.0975,2022
7765278a-0475-4a97-8730-0f4cb4a0cdf5,U000880,2022-03-05 20:37:58,20:37:58,1604018.2,bill_payment,M00110,USD,failed,atm,D002547,162.63.37.168,bank_transfer,Singapore,"15.007657,104.625586",64,M,2014-09-18,active,0.71,0,1,0,auto_approved,0.5862,2022
55b7a3f4-a29d-48be-a6f2-d8eaceef24cf,U001542,2022-11-06 23:41:51,23:41:51,123210.88,online_payment,M00076,USD,success,mobile,D001571,61.116.207.203,debit_card,Bangkok,"10.27406,102.588776",34,M,2020-12-19,active,0.65,1,1,0,auto_approved,0.5312,2022
59f4a74f-bdc3-4c6a-8d7e-d3bdd0593061,U000132,2022-09-02 15:07:30,15:07:30,274923.13,online_payment,M00402,VND,success,pos,D002646,100.215.169.132,credit_card,Ho Chi Minh City,"18.542482,108.542359",25,F,2020-07-13,active,0.8,0,0,0,auto_approved,0.2061,2022
080e1c7d-3f20-4631-ae76-c54bfb3623cc,U001189,2022-09-30 14:24:38,14:24:38,253699.6,cash_withdrawal,M00041,VND,success,pos,D001218,97.158.10.175,debit_card,Bangkok,"14.531854,102.840437",59,M,2020-07-06,active,0.99,0,1,0,auto_approved,0.6554,2022
c92e2e10-ba2a-41ea-878b-dcc8fff8773c,U000061,2022-05-15 15:20:24,15:20:24,46062.98,transfer,M00316,USD,success,atm,D002684,105.70.229.54,mobile_wallet,Hanoi,"21.01796,108.745615",52,M,2017-12-10,active,0.9,0,0,0,auto_approved,0.3305,2022
56a9424a-c891-4e50-8526-7a9a0312d71f,U000313,2022-12-02 02:05:48,02:05:48,397053.05,transfer,M00029,VND,success,atm,D002970,2.221.73.194,debit_card,Ho Chi Minh City,"9.904086,104.239956",36,M,2020-04-26,active,0.5,0,0,0,auto_approved,0.4028,2022
e4668bd3-3cdd-46f9-8e98-ea2ed07d8d8e,U001924,2022-05-10 22:42:10,22:42:10,1304684.34,transfer,M00160,VND,success,desktop,D001385,35.199.120.207,credit_card,Kuala Lumpur,"14.074117,105.2868",38,F,2015-05-03,active,0.8,0,0,0,auto_approved,0.0531,2022
253fedb3-86b9-4e64-a6a2-fd84f0f13b2f,U001593,2022-01-28 01:22:05,01:22:05,371683.41,online_payment,M00339,VND,success,atm,D002616,150.65.198.212,debit_card,Bangkok,"11.13536,106.316298",21,F,2014-07-18,active,0.89,0,0,0,auto_approved,0.2698,2022
8d9c40e9-fe89-4531-bd3e-41f61437f908,U001978,2022-12-25 20:19:18,20:19:18,433558.67,purchase,M00358,USD,success,atm,D000310,57.197.75.8,debit_card,Hanoi,"19.706673,103.273707",50,F,2022-10-12,active,0.71,0,0,0,auto_approved,0.2036,2022
bd7a80ce-bad1-4204-bf34-bfad297c4de8,U001713,2022-06-14 07:31:29,07:31:29,2292839.55,cash_withdrawal,M00318,VND,success,atm,D000330,241.182.210.217,debit_card,Hanoi,"20.097102,104.412248",64,M,2020-07-14,active,0.98,0,0,0,auto_approved,0.3945,2022
2f4e204c-b792-4654-ac95-6c18db99fb6a,U000029,2022-10-07 02:55:46,02:55:46,372182.66,transfer,M00150,VND,success,mobile,D000916,97.128.166.211,credit_card,Hanoi,"20.242725,106.511512",54,F,2019-02-04,under_review,0.7,0,0,0,auto_approved,0.2283,2022
b722ee22-9f75-4c51-8079-3342b13bd01f,U001000,2022-01-08 22:19:50,22:19:50,1418005.82,purchase,M00096,VND,success,pos,D001197,108.102.166.83,bank_transfer,Bangkok,"21.600399,108.668183",38,M,2014-11-01,under_review,0.94,0,0,0,auto_approved,0.2195,2022
d6924235-b679-44ec-a99a-0704170452d9,U000129,2022-01-07 05:48:52,05:48:52,695028.54,transfer,M00432,USD,success,atm,D001052,221.4.9.213,credit_card,Da Nang,"21.273411,107.550051",60,M,2014-05-17,active,0.81,0,0,0,auto_approved,0.1374,2022
97060bd1-3cf5-46d7-b480-8eabfab8ac5c,U001955,2022-12-18 17:56:31,17:56:31,230944.43,online_payment,M00445,USD,failed,pos,D001228,73.67.224.50,bank_transfer,Ho Chi Minh City,"14.710045,102.512338",25,F,2016-01-11,active,0.48,0,0,0,auto_approved,0.1596,2022
834c2ffd-afcb-4f53-b1b9-cd17075a85ec,U001587,2022-04-09 00:53:21,00:53:21,308657.81,online_payment,M00224,VND,success,mobile,D000797,91.190.77.236,bank_transfer,Bangkok,"18.635571,103.193971",23,F,2014-04-21,active,0.59,0,0,0,auto_approved,0.3299,2022
02b36eeb-77eb-4b25-ad6a-60a8daa7a6e8,U000523,2022-06-20 22:31:21,22:31:21,158833.15,purchase,M00476,VND,success,desktop,D002390,235.216.246.228,debit_card,Hanoi,"10.661982,106.621184",50,M,2018-08-16,active,0.62,0,0,0,auto_approved,0.1048,2022
a112cdae-9c68-4288-ab16-609f584b8093,U001936,2022-09-04 11:52:38,11:52:38,429609.87,online_payment,M00089,VND,success,pos,D002853,164.49.131.34,bank_transfer,Ho Chi Minh City,"21.876448,106.233392",58,F,2018-04-15,active,0.9,0,0,0,auto_approved,0.1014,2022
6dc2a95c-75ab-42ac-ae0f-ba5932beff90,U000405,2022-04-13 07:20:21,07:20:21,262716.36,bill_payment,M00457,VND,success,mobile,D001367,160.83.38.16,credit_card,Kuala Lumpur,"21.628578,105.293628",54,F,2014-12-04,active,0.81,0,1,0,auto_approved,0.281,2022
825f36b4-39d4-47d5-8fd9-b583917764a4,U001040,2022-10-01 05:15:48,05:15:48,1364045.68,bill_payment,M00017,USD,success,mobile,D002316,120.14.124.192,debit_card,Hanoi,"21.275897,107.433012",45,F,2021-12-30,active,0.9,0,0,0,auto_approved,0.0839,2022
a204c7c9-516a-48f0-a027-3cd62ec9976a,U001904,2022-12-15 20:40:05,20:40:05,1147010.15,purchase,M00484,VND,success,atm,D001489,175.70.254.67,debit_card,Singapore,"13.005266,102.528696",41,M,2016-07-27,active,0.58,0,0,0,auto_approved,0.3259,2022
3d863827-76c4-4d61-a9d1-c9cc1cd28953,U000071,2022-07-11 12:41:18,12:41:18,1025583.12,purchase,M00448,USD,success,desktop,D001689,75.38.86.8,mobile_wallet,Da Nang,"14.871852,107.212838",70,M,2017-02-20,active,0.69,0,0,0,auto_approved,0.4211,2022
d3df303b-03cf-44c9-bd21-3669b7552916,U000601,2022-02-19 20:15:16,20:15:16,1388418.74,bill_payment,M00197,VND,success,atm,D000291,131.3.111.10,mobile_wallet,Da Nang,"18.887349,108.937516",27,M,2018-04-26,active,0.88,0,0,0,auto_approved,0.2219,2022
00b536ea-644b-4559-bf20-b1bbaa4a37fe,U000755,2022-07-16 02:53:16,02:53:16,342914.65,purchase,M00130,VND,success,mobile,D001113,142.236.243.126,debit_card,Kuala Lumpur,"12.142467,107.758306",70,M,2017-04-28,active,0.81,1,0,0,auto_approved,0.5349,2022
cb8e7987-a880-497a-809c-74dde10117a7,U001468,2022-12-09 22:10:23,22:10:23,514223.34,bill_payment,M00357,USD,success,desktop,D000275,77.180.97.42,credit_card,Kuala Lumpur,"12.548781,107.44453",27,M,2016-12-28,active,0.74,0,1,1,pending_review,0.2474,2022
b660a53d-c277-42fc-9c4a-726b8ee0affb,U000256,2022-09-14 04:52:26,04:52:26,2411660.26,cash_withdrawal,M00010,USD,success,atm,D002105,166.207.194.176,credit_card,Bangkok,"9.909532,102.458886",55,F,2021-02-27,active,0.62,0,0,0,auto_approved,0.3823,2022
7627f403-e738-478c-86c5-20cf242fe63c,U001014,2022-08-14 13:44:54,13:44:54,301940.19,bill_payment,M00070,USD,success,mobile,D001109,125.107.79.119,mobile_wallet,Hanoi,"10.087099,102.147671",37,F,2020-09-16,active,0.98,0,0,0,auto_approved,0.293,2022
436eb642-cfea-4462-a309-dacb53dcbe81,U000976,2022-12-01 16:34:54,16:34:54,525996.2,bill_payment,M00266,USD,success,mobile,D001906,166.121.228.253,credit_card,Singapore,"12.722211,106.125936",62,F,2021-09-30,active,0.84,0,0,0,auto_approved,0.2695,2022
63582b98-7805-4a5c-bb2c-066fb375aaf2,U001799,2022-04-30 20:42:23,20:42:23,627289.07,transfer,M00123,VND,success,atm,D002733,64.77.219.101,bank_transfer,Hanoi,"19.093785,104.673243",48,M,2020-12-17,active,0.93,0,0,0,auto_approved,0.2584,2022
db136b20-08b8-421b-bd96-f1c6c5d93c3a,U001160,2022-06-07 09:00:38,09:00:38,468690.61,bill_payment,M00215,USD,success,pos,D002115,92.99.253.148,bank_transfer,Hanoi,"18.40715,107.397037",23,M,2014-04-16,active,0.88,1,0,0,auto_approved,0.5516,2022
2ffc9ae9-7412-4b0f-bef0-40483766007d,U000076,2022-08-08 09:24:11,09:24:11,399915.02,transfer,M00067,USD,success,desktop,D002545,211.30.79.139,credit_card,Kuala Lumpur,"20.493744,104.00198",50,M,2021-01-26,active,0.99,1,0,0,auto_approved,0.4875,2022
8ba118a1-5383-4adc-a830-55bf38d0d558,U000076,2022-12-30 22:56:08,22:56:08,3763207.51,online_payment,M00137,VND,success,atm,D002290,226.155.237.84,bank_transfer,Bangkok,"13.648507,106.727031",48,M,2017-08-12,blocked,0.97,2,1,1,pending_review,0.4073,2022
ee86e068-6361-4cd6-b0c5-e87cc5deb6c2,U001014,2022-01-23 22:53:16,22:53:16,1120903.9,purchase,M00414,USD,success,pos,D000400,251.148.125.123,credit_card,Kuala Lumpur,"12.969278,103.038448",30,F,2021-12-14,under_review,0.59,0,0,0,auto_approved,0.4373,2022
cc449607-1931-4275-ace9-91c122d86bb3,U000491,2022-05-30 12:06:41,12:06:41,230062.21,purchase,M00469,USD,failed,desktop,D000604,92.158.155.114,debit_card,Hanoi,"17.175003,102.355198",21,F,2017-11-11,active,0.69,0,0,0,auto_approved,0.1076,2022
51051f36-923c-4579-be69-9b9308a088d7,U000627,2022-12-28 18:43:16,18:43:16,2372359.39,transfer,M00305,VND,success,mobile,D001907,126.163.95.129,bank_transfer,Kuala Lumpur,"17.530014,107.14259",40,M,2021-11-24,active,0.73,0,0,0,auto_approved,0.1199,2022
ebf34207-8d6a-432c-a3d9-bcb3060578bb,U001205,2022-10-30 04:13:19,04:13:19,136032.6,transfer,M00449,USD,success,mobile,D000527,205.154.251.1,debit_card,Ho Chi Minh City,"9.011355,102.144078",68,F,2021-07-26,active,0.47,3,1,0,auto_approved,0.3515,2022
a6107c1c-dd4d-49d2-a0b2-a5d841cc1a97,U000769,2022-08-05 10:35:04,10:35:04,962844.84,bill_payment,M00115,USD,success,pos,D000640,51.46.147.84,mobile_wallet,Ho Chi Minh City,"20.745462,102.800244",61,M,2017-03-25,active,0.85,0,0,0,auto_approved,0.4229,2022
b2888322-1f50-4afd-bb7f-1cfcff74d567,U000448,2022-09-05 11:55:33,11:55:33,205141.51,cash_withdrawal,M00027,USD,success,atm,D000846,200.184.22.92,mobile_wallet,Kuala Lumpur,"21.258899,106.625408",26,M,2020-03-23,active,0.85,0,0,0,auto_approved,0.2338,2022
b9f4d34b-0d40-41e6-a311-5b7951a560d4,U001421,2022-03-06 00:05:28,00:05:28,751104.0,purchase,M00031,USD,success,atm,D000971,110.137.134.168,debit_card,Hanoi,"9.264772,104.08789",45,F,2019-04-12,active,0.58,0,0,0,auto_approved,0.1916,2022
b254cb5d-1749-4bd6-8f62-a2e76d363ac5,U000296,2022-01-02 01:47:33,01:47:33,461280.37,bill_payment,M00150,USD,success,desktop,D002741,6.24.61.62,bank_transfer,Singapore,"17.062386,106.104272",43,M,2017-12-13,active,0.72,0,0,0,auto_approved,0.3471,2022
1e18fcf6-8c4c-4fcb-b0a0-e426412012bd,U001293,2022-07-24 03:08:24,03:08:24,168431.86,cash_withdrawal,M00219,VND,success,mobile,D002830,32.212.29.161,bank_transfer,Da Nang,"11.890405,105.49391",20,F,2021-11-11,active,0.53,0,0,0,auto_approved,0.0104,2022
8de42dd5-6b16-41da-a481-0fac3fcff3cb,U000183,2022-03-04 11:54:52,11:54:52,99818.12,purchase,M00176,VND,success,mobile,D002022,18.9.195.11,debit_card,Hanoi,"14.102327,107.875164",37,M,2021-10-03,active,0.7,0,0,0,auto_approved,0.3853,2022
e5f178dc-fb73-4cb7-9e8c-b3345704f544,U001446,2022-03-27 03:38:36,03:38:36,941559.64,online_payment,M00170,USD,success,mobile,D000753,241.48.41.207,debit_card,Hanoi,"18.488277,104.856531",25,M,2020-10-20,active,0.45,0,0,0,auto_approved,0.3436,2022
7561c014-6a46-42bc-afb0-6bd9f30af164,U000732,2022-09-13 18:19:20,18:19:20,62258.22,cash_withdrawal,M00338,VND,success,desktop,D002675,86.200.71.25,mobile_wallet,Singapore,"21.283313,104.252455",55,F,2021-01-24,active,0.93,0,0,0,auto_approved,0.3326,2022
22846a77-ccc6-46bb-92cd-f286f7a6c5b3,U000940,2022-12-17 10:55:39,10:55:39,500646.56,online_payment,M00346,USD,failed,mobile,D002066,147.134.138.175,mobile_wallet,Ho Chi Minh City,"9.524598,106.287999",31,F,2021-07-07,active,0.73,2,1,0,auto_approved,0.4083,2022
97ff2738-d8a4-4bb1-b627-78ff78b7c529,U001992,2022-06-21 06:51:13,06:51:13,491762.85,online_payment,M00179,USD,success,desktop,D001913,136.27.237.145,debit_card,Da Nang,"11.52217,104.998754",50,M,2018-12-15,active,0.74,0,0,0,auto_approved,0.3866,2022
e3ea1d1a-0a1d-42ee-9de1-224ac45df2eb,U001133,2022-09-05 13:40:06,13:40:06,508961.24,purchase,M00408,USD,success,desktop,D001307,145.172.233.178,bank_transfer,Bangkok,"11.345252,103.987982",55,M,2018-12-29,active,0.88,0,0,0,auto_approved,0.2734,2022
5e173f83-9ee7-42fb-a06b-0a9771922690,U000968,2022-10-01 17:58:34,17:58:34,50758.35,transfer,M00229,USD,failed,mobile,D002329,91.238.172.63,bank_transfer,Singapore,"9.002427,106.837516",69,F,2020-11-17,active,0.82,0,0,0,auto_approved,0.411,2022
d580dabd-18cf-4d79-8b97-b3424a6e5c80,U001675,2022-05-16 12:20:21,12:20:21,1193216.73,cash_withdrawal,M00018,USD,success,mobile,D000247,157.31.211.211,credit_card,Hanoi,"21.895826,102.346747",61,M,2021-12-12,active,0.95,0,0,0,auto_approved,0.3468,2022
9119bf0c-ffb5-414d-8376-c1df6f83ab63,U000170,2022-02-01 18:55:52,18:55:52,84864.79,online_payment,M00051,VND,success,pos,D000830,113.45.25.234,credit_card,Ho Chi Minh City,"8.099955,103.167407",67,F,2016-09-07,active,0.86,0,0,0,auto_approved,0.2555,2022
6ebb7b3e-c2ed-46a1-b7f3-a1e2287f7d2c,U000365,2022-01-27 08:27:44,08:27:44,958968.26,transfer,M00108,VND,success,mobile,D000438,155.65.19.184,bank_transfer,Ho Chi Minh City,"14.893059,102.177348",25,M,2017-06-03,blocked,0.72,0,0,0,auto_approved,0.0125,2022
b09a355f-c170-4821-a933-2aea91ecff18,U001716,2022-03-21 14:44:54,14:44:54,1520788.16,cash_withdrawal,M00106,VND,success,atm,D002529,206.35.113.208,mobile_wallet,Singapore,"21.278549,105.982493",60,F,2019-04-21,active,0.93,0,0,0,auto_approved,0.0263,2022
d4b4cee6-b78d-4f74-b48d-ac3fac6c98a5,U001201,2022-08-14 17:02:07,17:02:07,1941521.75,transfer,M00021,VND,failed,desktop,D002692,132.126.184.25,mobile_wallet,Bangkok,"16.66964,103.876212",56,M,2017-12-25,active,0.9,0,0,0,auto_approved,0.3812,2022
4f4d3e29-b397-4a29-ba1b-67e43ea1156c,U001264,2022-07-29 15:16:17,15:16:17,145281.21,transfer,M00333,USD,success,pos,D001191,68.18.76.204,credit_card,Da Nang,"19.6026,106.275199",60,M,2017-04-21,active,0.87,0,0,0,auto_approved,0.2536,2022
e23b60c9-2855-4416-a502-7d4a3eafde7c,U001792,2022-08-05 06:01:15,06:01:15,1385162.39,bill_payment,M00142,VND,success,atm,D000723,142.6.241.245,mobile_wallet,Kuala Lumpur,"12.176232,106.546007",68,F,2016-02-03,active,0.75,0,0,0,auto_approved,0.2333,2022
c2822a95-04c3-4f55-b84d-0d2f57afbf3a,U000405,2022-04-12 21:32:54,21:32:54,550508.84,cash_withdrawal,M00403,USD,success,pos,D000665,68.159.241.95,mobile_wallet,Singapore,"15.364134,106.523549",19,M,2021-02-07,active,0.89,0,0,0,auto_approved,0.3358,2022
dda6a0eb-e448-489f-b64c-8cff6ceec566,U000166,2022-04-03 18:10:07,18:10:07,604508.41,cash_withdrawal,M00062,VND,success,desktop,D002593,94.103.165.193,bank_transfer,Hanoi,"9.187442,104.479855",27,M,2016-03-23,active,0.64,0,0,0,auto_approved,0.4435,2022
22395efa-584f-4281-8e8a-4dd7485fa9e0,U000621,2022-10-23 06:16:46,06:16:46,629689.01,online_payment,M00137,USD,success,desktop,D001139,56.233.200.170,bank_transfer,Singapore,"19.741434,107.900894",59,M,2020-11-20,active,0.62,0,1,1,pending_review,0.2745,2022
21c145ec-9c52-467a-b493-26e492e024f9,U000640,2022-08-16 20:50:33,20:50:33,2017140.81,bill_payment,M00162,USD,success,pos,D002368,77.244.3.129,bank_transfer,Ho Chi Minh City,"9.810068,102.055155",34,M,2020-06-18,active,0.68,0,0,0,auto_approved,0.3901,2022
e08ceb7e-ea78-4ee6-a1ab-7f0e217be877,U001418,2022-03-24 02:46:19,02:46:19,1373600.09,cash_withdrawal,M00463,USD,success,pos,D000086,66.40.59.208,mobile_wallet,Hanoi,"21.803228,108.410751",44,M,2017-06-16,active,0.56,0,0,0,auto_approved,0.0144,2022
c8531979-659c-4d74-90b4-926eb1a8f2a0,U000044,2022-03-05 18:22:22,18:22:22,707850.15,transfer,M00338,USD,success,desktop,D000773,113.214.54.226,mobile_wallet,Bangkok,"15.465066,103.400737",46,F,2021-05-04,active,0.62,0,0,0,auto_approved,0.0555,2022
af3d4950-e2e8-431f-b5c1-56bab3f41ca0,U001787,2022-06-24 08:28:17,08:28:17,424487.95,online_payment,M00043,USD,success,pos,D002244,61.102.75.123,bank_transfer,Kuala Lumpur,"14.053512,104.30508",65,F,2017-08-13,active,0.68,1,0,0,auto_approved,0.1693,2022
31f1a1e4-ef20-4d37-ba62-6a2de090ec91,U000278,2022-05-18 12:26:54,12:26:54,370170.04,online_payment,M00363,USD,success,desktop,D000552,255.181.47.199,mobile_wallet,Singapore,"9.389071,105.731432",54,F,2016-09-14,active,0.75,0,0,0,auto_approved,0.0532,2022
24ff3e81-114b-4d10-b417-42b593cf0d8e,U001111,2022-06-07 03:04:36,03:04:36,344024.15,transfer,M00462,USD,success,atm,D000534,241.146.66.16,credit_card,Singapore,"13.083801,103.846183",27,M,2020-11-29,active,0.85,0,0,0,auto_approved,0.4246,2022
d531b9fd-ef5c-48ed-98b0-d4abbdc8b126,U000956,2022-04-25 18:36:31,18:36:31,135838.21,bill_payment,M00298,USD,success,pos,D001621,30.169.232.181,bank_transfer,Da Nang,"9.18774,107.878233",41,M,2014-04-10,active,0.98,0,0,0,auto_approved,0.1973,2022
b130ea7d-fb03-4152-9078-262156563a05,U001173,2022-04-02 09:34:04,09:34:04,37646.22,bill_payment,M00453,USD,success,atm,D002593,231.111.204.69,credit_card,Kuala Lumpur,"13.407586,108.029863",63,M,2014-04-21,active,0.51,0,0,0,auto_approved,0.0594,2022
bd0a7c45-7120-4bc3-bbe3-48e254048b3c,U001517,2022-05-23 04:51:47,04:51:47,1841610.92,online_payment,M00184,VND,pending,mobile,D002953,229.70.149.103,debit_card,Kuala Lumpur,"19.966933,107.291292",46,F,2020-06-19,active,0.94,0,0,0,auto_approved,0.2562,2022
03f898f1-733c-4dda-b9b4-59d1c5255c80,U000358,2022-08-05 04:10:19,04:10:19,501311.54,cash_withdrawal,M00280,VND,failed,mobile,D002485,242.165.151.238,credit_card,Hanoi,"9.759482,103.651958",30,M,2018-04-19,active,0.94,0,0,0,auto_approved,0.4317,2022
cb54565d-b63a-487c-b6bd-ffbb08d8b7df,U001185,2022-11-08 19:59:10,19:59:10,1119784.71,transfer,M00385,USD,success,pos,D000652,254.85.187.90,bank_transfer,Singapore,"21.882937,102.155666",62,F,2016-12-16,active,0.97,0,0,0,auto_approved,0.3055,2022
0f509ce9-a7aa-4708-b965-5bf5bac8a998,U001904,2022-06-10 10:08:16,10:08:16,1523541.89,cash_withdrawal,M00142,VND,success,atm,D000931,51.38.45.27,bank_transfer,Hanoi,"21.627583,106.116565",69,M,2014-08-02,active,0.52,0,0,0,auto_approved,0.1078,2022
b6e40b69-2c1e-4ee5-b564-c13c94827dec,U001819,2022-02-15 07:03:33,07:03:33,133309.85,purchase,M00378,VND,failed,atm,D001230,46.74.86.87,credit_card,Ho Chi Minh City,"11.460756,106.928152",27,F,2022-01-13,active,0.95,1,0,0,auto_approved,0.2751,2022
5961b41b-5b31-4d35-885a-7b0b6eba3785,U001933,2022-06-29 09:14:18,09:14:18,419439.93,bill_payment,M00132,VND,success,atm,D001889,66.112.192.72,debit_card,Bangkok,"18.030486,105.080162",65,F,2022-03-26,active,0.48,0,1,1,pending_review,0.4471,2022
894f3f0d-7671-471d-8ad9-1ab140c727c2,U000737,2022-03-05 07:50:57,07:50:57,1935581.61,bill_payment,M00327,USD,success,desktop,D000679,151.162.155.75,debit_card,Kuala Lumpur,"15.023257,104.048075",36,F,2021-08-07,active,0.47,0,0,0,auto_approved,0.2865,2022
6341a47d-ee39-4d86-a073-7f181f704d62,U000190,2022-03-21 04:53:09,04:53:09,350604.67,cash_withdrawal,M00001,USD,success,atm,D001902,215.160.206.43,debit_card,Da Nang,"10.752592,103.924367",58,M,2016-04-29,active,0.51,0,0,0,auto_approved,0.4429,2022
96f43967-3f95-4c6e-9b3d-966fbe4a49ba,U001914,2022-04-26 01:19:57,01:19:57,273792.57,purchase,M00300,USD,success,pos,D000910,133.179.185.209,debit_card,Kuala Lumpur,"17.638931,105.708557",24,F,2015-06-04,active,0.53,0,0,0,auto_approved,0.0212,2022
3f4f40a7-165b-49b2-84ba-c13c914f944e,U001896,2022-04-20 11:04:16,11:04:16,2507802.0,bill_payment,M00051,USD,success,desktop,D000257,177.113.97.111,credit_card,Singapore,"15.793318,108.666911",41,M,2016-12-22,active,0.82,1,0,0,auto_approved,0.165,2022
6b77781e-fe6c-4938-bc40-b7852403b86d,U000400,2022-05-25 17:00:23,17:00:23,74511.87,bill_payment,M00414,USD,success,atm,D001587,140.182.120.88,bank_transfer,Bangkok,"21.772878,105.774398",44,M,2017-07-10,active,0.48,0,1,1,pending_review,0.2765,2022
bc0a40c1-e6e7-4df3-a1dd-5a501f26f3e8,U000769,2022-10-06 14:29:29,14:29:29,415244.54,online_payment,M00003,VND,success,desktop,D002061,174.19.139.23,bank_transfer,Da Nang,"15.325676,105.314002",25,M,2016-01-07,active,0.93,1,0,0,auto_approved,0.3374,2022
8d57b67c-bf63-4c60-88b2-7e6e927f32e4,U001457,2022-11-09 16:48:14,16:48:14,1066207.0,bill_payment,M00480,VND,success,mobile,D002028,27.157.123.123,bank_transfer,Singapore,"14.027491,108.24391",36,M,2021-04-24,active,0.79,0,0,0,auto_approved,0.3429,2022
c6a4ca6d-dfb7-48a6-a963-50aa7ea09a8a,U001576,2022-09-15 15:29:09,15:29:09,302975.33,online_payment,M00433,VND,pending,atm,D001842,57.164.180.182,mobile_wallet,Kuala Lumpur,"19.542732,108.715123",29,M,2018-01-02,active,0.75,0,0,0,auto_approved,0.2699,2022
673ff6e6-3049-44dd-98f0-4f95c81d0585,U000540,2022-04-23 22:29:41,22:29:41,696393.72,transfer,M00259,USD,success,desktop,D000338,59.21.167.185,mobile_wallet,Singapore,"11.981682,106.099478",20,F,2017-12-25,active,0.74,0,0,0,auto_approved,0.3678,2022
8a9fd4b3-dded-4fcb-8535-224461beb17c,U000798,2022-06-20 20:25:17,20:25:17,47363.61,bill_payment,M00478,USD,success,pos,D001681,49.237.239.131,credit_card,Bangkok,"14.769533,105.782907",58,F,2018-12-28,active,0.93,0,0,0,auto_approved,0.2126,2022
d74c7536-1356-482b-ba8f-578f978d2a83,U000844,2022-05-02 02:51:37,02:51:37,1406346.19,bill_payment,M00112,USD,success,pos,D000533,178.173.211.145,debit_card,Ho Chi Minh City,"8.603081,103.231943",32,F,2018-02-08,active,0.51,2,1,0,auto_approved,0.4426,2022
9687c02d-15c1-44cd-b870-10c15e0894ce,U000368,2022-03-11 00:16:02,00:16:02,901690.7,cash_withdrawal,M00273,VND,success,desktop,D000547,78.234.207.38,debit_card,Singapore,"19.083829,106.607104",69,M,2021-05-23,active,0.85,0,0,0,auto_approved,0.371,2022
ff8b7318-7e0f-4bb5-9474-efac61c6c359,U001236,2022-08-24 19:54:09,19:54:09,123406.78,transfer,M00441,USD,success,desktop,D001453,204.65.143.141,debit_card,Bangkok,"11.643511,107.905249",26,F,2016-12-30,active,0.62,0,0,0,auto_approved,0.1771,2022
1bb5e296-977f-4dfb-aea8-746011630ace,U001590,2022-01-13 03:01:17,03:01:17,1475852.1,bill_payment,M00026,VND,success,pos,D001868,137.250.112.145,debit_card,Da Nang,"11.032134,107.573869",21,M,2015-10-31,active,0.71,0,0,0,auto_approved,0.3836,2022
fb91f7d6-1f50-4e1b-b2cc-83e583590aab,U001657,2022-11-19 02:31:27,02:31:27,2691497.88,purchase,M00203,USD,success,desktop,D002593,18.247.195.225,debit_card,Bangkok,"16.319131,102.61646",25,F,2016-03-23,active,0.56,0,0,0,auto_approved,0.0693,2022
26a162b8-d4bf-4c2f-8762-765682748dfd,U001559,2022-05-08 13:03:07,13:03:07,62815.5,cash_withdrawal,M00116,USD,success,atm,D002847,176.148.193.56,credit_card,Singapore,"18.322918,103.818825",56,M,2014-10-27,active,0.6,0,0,0,auto_approved,0.1095,2022
7991d10c-6f95-42b1-9536-708f4948e76b,U001539,2022-10-27 09:34:52,09:34:52,308981.98,purchase,M00290,VND,success,desktop,D001298,170.93.243.99,mobile_wallet,Da Nang,"16.210551,105.448581",43,M,2015-07-28,active,0.78,0,0,0,auto_approved,0.2059,2022
468197fe-705a-465b-8112-d2edce671551,U000475,2022-06-24 16:44:42,16:44:42,165943.78,transfer,M00294,USD,success,mobile,D001999,26.144.1.215,debit_card,Da Nang,"11.087671,105.215192",52,F,2019-06-04,active,0.8,0,0,0,auto_approved,0.251,2022
75cc052d-6643-461a-84be-ca732478799d,U001725,2022-09-03 06:06:36,06:06:36,475840.46,transfer,M00091,USD,success,desktop,D000422,71.155.226.37,credit_card,Hanoi,"9.996964,104.116274",32,M,2022-06-23,active,0.75,1,0,0,auto_approved,0.2281,2022
c736c147-5e7d-49c2-b6ae-aef7d9a91991,U000165,2022-10-07 08:32:34,08:32:34,3028668.55,online_payment,M00294,VND,success,desktop,D000005,50.192.2.138,debit_card,Kuala Lumpur,"12.085102,104.581145",67,F,2020-06-12,active,0.59,2,1,0,auto_approved,0.5786,2022
b7521bad-d6fb-4cb0-a792-b25f4b44a13e,U001564,2022-06-18 10:26:28,10:26:28,459917.78,bill_payment,M00307,VND,success,desktop,D002908,51.30.111.226,bank_transfer,Bangkok,"20.897198,105.842458",33,M,2017-09-15,active,0.68,0,0,0,auto_approved,0.2224,2022
4c6884fd-14ce-45b3-9a62-bd2aa4ec0568,U001833,2022-03-30 06:09:50,06:09:50,403832.32,purchase,M00384,VND,success,mobile,D002337,39.1.32.129,mobile_wallet,Ho Chi Minh City,"19.102525,103.205557",53,F,2016-08-05,active,0.95,0,0,0,auto_approved,0.1146,2022
3fdfd444-5498-46ee-89b3-b53863efdfa8,U000152,2022-03-26 12:02:32,12:02:32,193678.92,online_payment,M00450,VND,success,mobile,D002390,170.39.178.253,bank_transfer,Hanoi,"8.97674,104.064187",30,M,2016-03-26,active,0.68,0,0,0,auto_approved,0.1937,2022
cbe49323-ab46-44a5-8d99-e89c41c3a8f0,U000910,2022-04-01 13:55:42,13:55:42,635810.3,bill_payment,M00227,USD,success,atm,D000383,218.155.102.139,debit_card,Ho Chi Minh City,"8.181198,103.461462",51,F,2019-04-10,active,0.75,0,0,0,auto_approved,0.3036,2022
7e49469e-c845-4358-80f4-ae22d171cd83,U001172,2022-08-26 22:57:34,22:57:34,404550.04,transfer,M00497,USD,success,mobile,D002800,238.157.91.203,mobile_wallet,Kuala Lumpur,"18.390661,103.05555",65,M,2016-12-03,active,0.84,0,0,0,auto_approved,0.1738,2022
5f6df256-eb76-4a40-b13b-f9ac9325ad0f,U000229,2022-10-13 13:33:38,13:33:38,474879.29,bill_payment,M00099,VND,success,desktop,D000029,122.68.232.94,mobile_wallet,Bangkok,"13.615717,107.480938",61,F,2018-03-09,active,0.72,0,0,0,auto_approved,0.0899,2022
46bcc882-9505-4c08-a04c-2243ef4a3540,U000901,2022-08-12 04:35:12,04:35:12,911580.08,bill_payment,M00267,USD,success,mobile,D001968,240.221.72.72,bank_transfer,Ho Chi Minh City,"11.129189,106.633303",34,M,2021-07-30,active,0.88,0,0,0,auto_approved,0.1137,2022
a9148486-865d-47d3-a978-ccfcf0bd2d62,U001120,2022-06-24 06:37:54,06:37:54,1262038.39,transfer,M00015,USD,success,desktop,D001059,145.207.200.231,credit_card,Ho Chi Minh City,"19.85374,103.75803",60,F,2018-03-08,active,0.55,0,0,0,auto_approved,0.0195,2022
0c5ae9a1-cc4e-4bad-80b8-d8c9224ab8d4,U000697,2022-11-04 13:01:08,13:01:08,973165.03,bill_payment,M00305,USD,success,pos,D000492,129.55.172.115,mobile_wallet,Singapore,"20.381652,107.524805",38,F,2021-09-17,active,0.57,0,0,0,auto_approved,0.3573,2022
470eac0b-5f02-4885-a709-28332ad2bf48,U001440,2022-02-28 11:28:52,11:28:52,49316.52,transfer,M00186,USD,success,atm,D002834,254.68.77.61,credit_card,Ho Chi Minh City,"12.596275,103.152425",54,M,2019-03-19,active,0.86,0,0,0,auto_approved,0.2095,2022
1ec5ea23-2615-4e9d-9c3b-ef781f994c27,U000997,2022-03-07 09:47:14,09:47:14,625925.61,online_payment,M00009,VND,success,desktop,D002728,151.175.140.228,mobile_wallet,Bangkok,"19.726734,102.714324",24,F,2019-04-19,under_review,0.7,0,0,0,auto_approved,0.2736,2022
76de4c6b-fe9f-4d11-a731-e58912ebd1a3,U000588,2022-01-09 22:18:35,22:18:35,102261.92,bill_payment,M00181,USD,success,desktop,D001608,128.7.54.148,mobile_wallet,Ho Chi Minh City,"11.264313,106.178389",31,M,2014-01-21,active,0.6,1,0,0,auto_approved,0.3282,2022
3af5168a-2005-42bb-a59e-0b09c844c584,U000057,2022-04-25 15:16:04,15:16:04,489793.38,bill_payment,M00377,VND,success,desktop,D001568,150.196.86.104,bank_transfer,Kuala Lumpur,"20.406091,108.5384",51,F,2015-10-22,active,0.61,0,0,0,auto_approved,0.2996,2022
7ecb9965-cd64-4391-9a6d-529964585c7c,U001750,2022-10-27 09:56:05,09:56:05,169806.75,cash_withdrawal,M00197,USD,failed,mobile,D000236,142.244.140.29,mobile_wallet,Kuala Lumpur,"14.904736,108.713434",60,F,2022-09-26,active,0.62,0,0,0,auto_approved,0.184,2022
62e47b7d-b3e0-494a-9d7c-4d541e92580f,U001356,2022-11-09 15:11:49,15:11:49,526834.52,purchase,M00157,VND,success,pos,D000513,156.74.2.144,bank_transfer,Ho Chi Minh City,"16.62799,106.297382",46,F,2017-03-07,active,0.8,0,0,0,auto_approved,0.4135,2022
23cc6ef1-ad8f-4eae-b426-7fb7f378098b,U001393,2022-01-14 11:58:29,11:58:29,235667.48,transfer,M00093,VND,success,desktop,D002715,173.57.76.62,debit_card,Kuala Lumpur,"19.817402,104.121498",24,M,2016-05-08,active,0.55,0,0,0,auto_approved,0.1375,2022
101ada01-5a92-4f5b-9f0d-7e0f76506928,U000701,2022-01-14 12:59:23,12:59:23,126366.76,cash_withdrawal,M00351,VND,success,atm,D001102,124.105.195.170,mobile_wallet,Bangkok,"11.524364,105.474952",69,F,2021-08-14,active,0.54,1,0,0,auto_approved,0.2291,2022
e6f21a83-033a-4295-9d65-e52501b87f15,U000518,2022-11-22 17:05:17,17:05:17,105855.92,transfer,M00462,USD,success,desktop,D001356,30.228.170.57,bank_transfer,Kuala Lumpur,"20.533934,106.879879",52,F,2020-01-11,active,0.73,0,0,0,auto_approved,0.1848,2022
0f60dc33-9c36-470c-bd40-f410798f3a2c,U000110,2022-07-14 23:26:33,23:26:33,752396.03,transfer,M00095,USD,success,atm,D001093,135.244.197.209,mobile_wallet,Kuala Lumpur,"8.698477,107.847367",50,M,2020-02-21,active,0.75,0,0,0,auto_approved,0.2918,2022
3fc3f911-f441-4843-8200-bc52d1f5c56c,U000608,2022-09-30 22:16:34,22:16:34,1990056.03,transfer,M00453,USD,success,pos,D002553,254.117.22.103,bank_transfer,Kuala Lumpur,"20.328196,108.581543",48,M,2016-05-12,active,0.49,0,0,0,auto_approved,0.1517,2022
b84b384a-7e2a-4b04-94d0-4184d5fc42ac,U001395,2022-05-12 03:16:18,03:16:18,611260.86,purchase,M00205,VND,success,mobile,D002590,71.68.135.181,bank_transfer,Hanoi,"15.389198,104.184872",34,M,2018-08-31,blocked,0.6,0,0,0,auto_approved,0.2783,2022
4be5a513-0be0-4042-a28c-efec8c0a1cbf,U000546,2022-06-18 03:14:27,03:14:27,1036715.57,online_payment,M00333,VND,failed,mobile,D000058,228.96.10.106,debit_card,Bangkok,"13.657995,107.796243",70,F,2018-12-30,active,0.7,0,0,0,auto_approved,0.0324,2022
2f88e376-3c90-4af7-b326-cc1d1fdb2787,U000405,2022-06-27 04:46:54,04:46:54,2558168.63,transfer,M00439,VND,success,mobile,D002356,222.11.180.132,bank_transfer,Bangkok,"9.264157,108.774005",52,F,2015-05-18,active,0.74,0,0,0,auto_approved,0.1462,2022
754772c8-00db-4ed3-8c1a-120646765937,U001961,2022-09-02 09:55:56,09:55:56,329318.51,cash_withdrawal,M00090,USD,success,pos,D002573,253.214.251.55,credit_card,Hanoi,"14.819258,104.995278",31,M,2017-04-29,active,0.54,0,0,0,auto_approved,0.1097,2022
c90e3ff7-d65a-4ed1-830b-fa8513894539,U000521,2022-12-30 04:50:58,04:50:58,322008.18,bill_payment,M00369,USD,success,desktop,D002743,98.14.31.182,mobile_wallet,Ho Chi Minh City,"15.244092,105.094826",19,M,2021-11-05,active,0.94,0,0,0,auto_approved,0.4385,2022
dc45107c-eefa-48f5-8c74-af67ef82fc99,U001846,2022-04-20 08:37:07,08:37:07,1707145.33,cash_withdrawal,M00329,VND,success,atm,D002655,15.78.43.220,debit_card,Bangkok,"19.568279,102.144134",56,M,2015-04-07,active,0.81,0,0,0,auto_approved,0.1948,2022
56048168-2178-4e96-8697-45765c5b56bd,U000449,2022-07-18 15:47:54,15:47:54,2395807.12,bill_payment,M00318,USD,success,atm,D000601,131.13.245.138,debit_card,Kuala Lumpur,"12.182257,103.497178",24,M,2017-12-29,active,0.61,0,0,0,auto_approved,0.2075,2022
2f18982f-9260-4339-8802-59b774dbb4ff,U000098,2022-09-18 04:19:25,04:19:25,1315530.81,cash_withdrawal,M00403,USD,success,desktop,D001530,222.223.50.230,bank_transfer,Ho Chi Minh City,"12.922133,108.925039",25,M,2016-05-23,under_review,0.97,0,0,0,auto_approved,0.3317,2022
bfec53b1-a974-4af0-b3f8-bb98b95ddab0,U001494,2022-06-24 05:28:55,05:28:55,605310.69,online_payment,M00175,USD,success,pos,D002097,139.44.173.120,bank_transfer,Da Nang,"14.933428,107.597176",23,F,2018-10-25,active,0.81,0,0,0,auto_approved,0.1352,2022
63029ec0-1613-4cef-9fce-03736923846b,U001337,2022-01-12 00:57:08,00:57:08,352483.41,transfer,M00355,VND,success,pos,D000599,54.82.222.65,bank_transfer,Singapore,"18.200464,103.36896",69,M,2020-04-13,active,0.99,0,0,0,auto_approved,0.3476,2022
f0161b90-d1c4-449f-8c63-c091f0fb3965,U000571,2022-09-08 06:26:10,06:26:10,1356562.33,online_payment,M00477,USD,failed,pos,D002207,248.235.54.180,credit_card,Kuala Lumpur,"20.615741,108.179555",42,F,2019-04-12,active,0.5,0,0,0,auto_approved,0.0907,2022
880310da-703f-40e8-8191-a39273a03334,U001212,2022-10-04 22:11:07,22:11:07,169213.35,purchase,M00174,VND,success,pos,D000946,254.58.11.48,debit_card,Singapore,"21.627737,104.39881",24,M,2015-02-23,active,0.61,0,0,0,auto_approved,0.1571,2022
581e6aad-b3c0-4883-9261-688d713c4f2a,U001696,2022-09-05 20:35:04,20:35:04,1197530.02,transfer,M00019,VND,success,atm,D000489,136.110.0.197,mobile_wallet,Hanoi,"16.911763,102.795342",57,M,2018-05-21,active,0.68,0,0,0,auto_approved,0.1374,2022
15a657a7-124f-4b5f-8240-b212b529e0a8,U001815,2022-07-24 14:17:22,14:17:22,1574612.11,transfer,M00021,USD,success,atm,D000629,105.181.57.23,credit_card,Singapore,"9.613494,102.34295",61,F,2014-08-08,active,0.78,1,0,0,auto_approved,0.5744,2022
dbcd8c7d-b852-4d31-990a-ab1b2262db22,U000750,2022-11-14 20:21:42,20:21:42,473157.29,bill_payment,M00415,VND,success,pos,D002064,106.202.20.35,debit_card,Bangkok,"19.905664,103.060381",33,M,2019-11-21,active,0.8,0,0,0,auto_approved,0.1828,2022
e2d53ec5-3a5b-4f2e-a481-8cbc0f3a63a9,U000431,2022-03-19 11:11:37,11:11:37,199853.58,cash_withdrawal,M00274,VND,success,atm,D000361,155.220.8.211,bank_transfer,Kuala Lumpur,"14.545995,105.035035",39,F,2021-05-12,active,0.77,0,0,0,auto_approved,0.0652,2022
589b0edd-cc29-4604-99cc-b10613c4c274,U000301,2022-12-06 12:16:49,12:16:49,1555111.58,bill_payment,M00424,VND,success,pos,D001314,99.181.139.140,debit_card,Ho Chi Minh City,"14.768197,105.290957",65,M,2020-08-28,active,0.87,0,0,0,auto_approved,0.1686,2022
d1c7c6e4-a462-4f63-a289-d0b003d8e18c,U001093,2022-12-30 14:24:21,14:24:21,2118231.05,purchase,M00341,VND,success,atm,D002394,179.94.171.145,mobile_wallet,Bangkok,"13.909116,104.721568",41,M,2020-04-04,active,0.61,2,1,0,auto_approved,0.1722,2022
5462dfb5-6330-47f4-8afb-e7da4fb4c4a2,U000441,2022-03-07 08:12:47,08:12:47,291916.16,cash_withdrawal,M00464,USD,success,desktop,D002494,92.53.238.233,mobile_wallet,Hanoi,"18.939009,107.525627",67,M,2015-11-02,active,0.54,0,0,0,auto_approved,0.0297,2022
2d0465b2-7bf6-4597-ab91-6df7501f0f57,U000942,2022-06-14 19:52:39,19:52:39,72188.85,transfer,M00064,USD,success,desktop,D002414,228.122.8.205,credit_card,Ho Chi Minh City,"21.570216,104.103614",35,F,2022-02-22,active,0.89,0,0,0,auto_approved,0.2015,2022
fabb2b2b-0f8b-4870-93de-479a8a617025,U000261,2022-03-03 11:14:34,11:14:34,62097.0,online_payment,M00027,VND,success,atm,D002745,235.33.165.158,credit_card,Kuala Lumpur,"21.928499,105.283618",50,M,2015-07-18,active,0.55,0,0,0,auto_approved,0.4022,2022
aae8af23-538e-4dfe-a9d6-60271ed76644,U001556,2022-10-17 05:08:31,05:08:31,1383785.56,cash_withdrawal,M00272,VND,success,desktop,D002188,243.222.173.170,mobile_wallet,Ho Chi Minh City,"21.081578,105.44471",66,M,2015-08-18,active,0.6,0,0,0,auto_approved,0.3101,2022
af0a729c-94ff-47bb-a232-53133f474032,U000680,2022-07-29 22:44:39,22:44:39,1077800.35,bill_payment,M00444,USD,success,atm,D000783,25.210.36.177,mobile_wallet,Da Nang,"12.562116,108.559969",23,F,2022-04-25,active,0.86,0,1,1,pending_review,0.46,2022
22d98551-ba56-42a1-ad3c-935483ce27f6,U001950,2022-05-21 15:33:38,15:33:38,284130.62,bill_payment,M00119,USD,success,pos,D002691,41.29.31.142,bank_transfer,Bangkok,"19.101043,107.784647",57,M,2022-03-31,active,0.8,0,0,0,auto_approved,0.0949,2022
cda5ceb6-a887-4b9b-b214-0983db519d17,U000027,2022-10-04 02:20:27,02:20:27,43665.45,transfer,M00377,VND,success,pos,D002691,137.119.153.91,debit_card,Hanoi,"10.005993,106.402215",37,M,2022-07-07,active,0.81,0,0,0,auto_approved,0.2433,2022
52e394d8-8056-4376-ac7f-401916cccec8,U000906,2022-08-12 16:23:15,16:23:15,760642.98,online_payment,M00266,USD,success,mobile,D001960,215.165.239.174,credit_card,Bangkok,"20.276731,108.350077",23,F,2015-04-05,active,0.84,0,1,0,auto_approved,0.4356,2022
3df69c3f-cae0-44dc-ad40-3fb716c86343,U001510,2022-07-13 17:30:01,17:30:01,87651.01,online_payment,M00494,VND,success,mobile,D002737,157.10.37.174,bank_transfer,Hanoi,"15.548072,104.806937",66,M,2017-10-31,active,0.8,0,1,0,auto_approved,0.4707,2022
e6fd1623-751e-49d7-a44c-442bef238eab,U000683,2022-04-10 08:04:39,08:04:39,1321142.55,cash_withdrawal,M00209,VND,success,atm,D001655,190.52.219.125,mobile_wallet,Hanoi,"9.367299,107.1538",18,M,2018-10-15,active,0.83,0,0,0,auto_approved,0.2942,2022
feeb6e3e-2ce4-484c-b379-280bb0fac50d,U000508,2022-07-18 07:28:24,07:28:24,169509.17,online_payment,M00443,VND,success,mobile,D001892,196.52.8.74,debit_card,Singapore,"9.604701,104.685914",35,M,2018-03-16,active,0.59,0,0,0,auto_approved,0.2592,2022
8ddcbad9-3b76-4856-8fe8-dfd1536fc850,U001275,2022-03-05 09:09:17,09:09:17,1398251.23,purchase,M00394,VND,success,pos,D002588,180.225.189.1,debit_card,Da Nang,"11.550478,106.022311",36,F,2016-04-17,active,0.97,3,1,0,auto_approved,0.2691,2022
97934bf4-9258-49a9-897f-8a2b32301303,U000275,2022-10-06 09:15:33,09:15:33,434104.72,transfer,M00318,VND,success,mobile,D000526,215.251.28.49,mobile_wallet,Kuala Lumpur,"10.273388,108.118514",19,F,2019-10-15,active,0.51,1,0,0,auto_approved,0.4365,2022
6e26dac5-7f56-4fa2-b8f8-2b40fb089045,U000192,2022-02-07 15:14:04,15:14:04,1074120.95,transfer,M00286,USD,success,pos,D000512,207.173.22.187,credit_card,Ho Chi Minh City,"17.458273,108.052826",41,M,2018-04-29,active,0.6,0,0,0,auto_approved,0.0626,2022
d6c517d0-72af-445f-9faf-908f12f88f33,U001228,2022-04-06 03:14:51,03:14:51,415703.33,bill_payment,M00108,VND,success,atm,D001871,232.54.48.67,bank_transfer,Kuala Lumpur,"10.652515,106.174466",63,M,2019-12-08,active,0.92,0,0,0,auto_approved,0.2275,2022
45e3f5bc-0dab-4bfd-ba15-50a84a24170f,U001384,2022-01-06 08:22:58,08:22:58,6220.22,purchase,M00404,VND,success,atm,D000408,165.109.201.242,mobile_wallet,Da Nang,"20.870072,107.63762",26,F,2016-07-11,active,0.8,0,0,0,auto_approved,0.1158,2022
26854aa1-e8b4-4d4d-9531-fa3239a2a8f6,U001428,2022-12-28 18:59:37,18:59:37,349969.0,cash_withdrawal,M00151,VND,success,pos,D001820,92.132.206.88,mobile_wallet,Bangkok,"13.074325,108.083201",59,M,2015-12-28,active,0.9,0,0,0,auto_approved,0.2339,2022
76a3058c-f880-4e09-b419-5f8f3e690a73,U001052,2022-06-07 05:06:18,05:06:18,1231168.3,online_payment,M00118,VND,pending,desktop,D001941,136.91.81.84,credit_card,Ho Chi Minh City,"14.472179,104.967757",53,M,2016-09-03,active,0.5,0,0,0,auto_approved,0.4005,2022
7cbbd451-3c38-417c-935e-b09f00e4c856,U000087,2022-06-23 20:20:48,20:20:48,2108754.2,transfer,M00358,USD,success,desktop,D001804,162.66.67.167,bank_transfer,Da Nang,"14.280872,108.484326",59,M,2017-10-12,active,0.79,1,0,0,auto_approved,0.4159,2022
67010d49-11fb-4318-9198-fa78070805b1,U001255,2022-07-18 04:42:21,04:42:21,56746.19,online_payment,M00360,USD,success,desktop,D002640,253.156.245.40,debit_card,Kuala Lumpur,"19.59578,102.110507",39,F,2016-03-02,active,0.66,0,0,0,auto_approved,0.0218,2022
34885dee-5f05-4895-9841-b1ef9ceb2139,U001509,2022-11-15 22:09:19,22:09:19,391662.79,cash_withdrawal,M00468,VND,success,desktop,D002003,230.42.130.61,mobile_wallet,Singapore,"21.658382,104.946051",50,F,2018-09-05,active,0.59,0,0,0,auto_approved,0.2752,2022
cbcf339a-b944-4cc4-a73d-419ff71cbdf5,U001466,2022-02-03 10:52:21,10:52:21,1138678.79,transfer,M00428,VND,success,pos,D002623,86.10.223.123,mobile_wallet,Da Nang,"17.547225,104.604275",65,F,2017-09-16,active,0.57,0,0,0,auto_approved,0.1371,2022
e7433bb0-74ca-4cf5-925c-83d2a461a8d0,U000133,2022-04-01 07:35:45,07:35:45,2373805.14,purchase,M00450,VND,success,desktop,D001969,179.66.186.217,debit_card,Kuala Lumpur,"12.95285,104.13974",43,F,2016-04-21,active,0.84,0,0,0,auto_approved,0.1357,2022
79a87ddf-9e8b-42a2-98cd-5d09836587d9,U000122,2022-01-18 23:36:11,23:36:11,115934.81,bill_payment,M00113,USD,success,pos,D002341,2.249.8.191,mobile_wallet,Da Nang,"9.512225,107.915043",59,F,2017-03-02,active,0.84,1,0,0,auto_approved,0.3746,2022
6ded60a3-507e-4e02-bc7d-83f29f9dab80,U001935,2022-03-25 02:58:18,02:58:18,202314.52,purchase,M00162,VND,success,mobile,D001640,65.229.129.227,debit_card,Bangkok,"13.431602,102.542819",54,M,2019-05-13,active,0.86,0,0,0,auto_approved,0.2829,2022
741b58bb-f4af-4bb7-b54c-b1a5c690a2dc,U000691,2022-10-29 08:37:02,08:37:02,19476.17,online_payment,M00244,VND,pending,pos,D002292,215.234.69.208,mobile_wallet,Singapore,"12.782687,102.198731",29,M,2020-06-10,active,0.96,0,0,0,auto_approved,0.0203,2022
a253653c-17f8-4540-b6ab-7c6faef19901,U001060,2022-03-22 17:49:50,17:49:50,400852.87,bill_payment,M00191,VND,success,desktop,D002923,53.126.63.185,mobile_wallet,Bangkok,"11.34539,103.308233",18,M,2016-09-05,under_review,0.97,0,0,0,auto_approved,0.2344,2022
747f3939-403f-4f66-8fed-9ed9375c65ce,U000323,2022-01-01 12:12:06,12:12:06,1852277.13,cash_withdrawal,M00212,USD,success,mobile,D002366,148.231.100.69,credit_card,Da Nang,"15.184818,103.868708",63,F,2015-12-01,under_review,0.57,0,0,0,auto_approved,0.2979,2022
d87881aa-1de7-4daa-8da2-f203aeef6c4c,U000680,2022-02-16 02:29:19,02:29:19,1002178.83,cash_withdrawal,M00322,USD,success,pos,D000616,120.41.38.152,mobile_wallet,Hanoi,"18.85221,102.722899",65,M,2019-07-29,active,0.98,0,0,0,auto_approved,0.1347,2022
0f786ace-ce99-481a-b873-7b659f5d5570,U000496,2022-08-18 15:37:49,15:37:49,480743.09,bill_payment,M00428,USD,success,desktop,D002949,115.62.38.94,debit_card,Bangkok,"21.337134,103.190115",40,M,2018-08-11,active,0.75,0,0,0,auto_approved,0.1139,2022
f8fefc45-69ee-4e0b-a562-6a42fd7177a9,U001466,2022-01-12 11:58:45,11:58:45,41379.69,online_payment,M00141,USD,success,pos,D000377,99.80.225.167,mobile_wallet,Kuala Lumpur,"17.457063,106.059358",23,F,2014-10-09,active,0.84,0,1,0,auto_approved,0.6363,2022
fb817b69-b763-4da0-9745-dfe68b63ada5,U001799,2022-11-19 23:30:51,23:30:51,606140.31,bill_payment,M00325,VND,success,desktop,D002695,165.254.158.73,debit_card,Bangkok,"8.910349,105.229109",26,F,2020-04-07,active,0.9,0,0,0,auto_approved,0.1847,2022
b0a614e4-310a-49c2-8310-9f432b309ce5,U001023,2022-10-16 23:50:33,23:50:33,653024.39,cash_withdrawal,M00134,USD,success,pos,D000904,146.185.237.196,credit_card,Kuala Lumpur,"8.82417,108.204075",31,F,2019-08-07,active,0.87,0,0,0,auto_approved,0.3058,2022
1f9667e0-7898-47e0-b7f9-dfd9cdf0d7e0,U001172,2022-04-17 02:51:22,02:51:22,467224.45,online_payment,M00224,VND,success,pos,D002186,4.144.194.143,bank_transfer,Bangkok,"15.508233,105.161671",63,F,2015-07-10,active,0.48,0,0,0,auto_approved,0.0196,2022
9d1f40e1-c764-4ffb-9b7e-218923d6745d,U001583,2022-03-25 13:28:00,13:28:00,353675.42,transfer,M00228,VND,pending,atm,D001386,38.16.21.13,mobile_wallet,Bangkok,"14.250132,103.231991",31,F,2019-12-27,active,0.57,0,0,0,auto_approved,0.3103,2022
99a54572-a280-496c-8c76-033f4138a8dc,U001905,2022-07-18 18:37:42,18:37:42,562631.53,transfer,M00400,USD,success,atm,D002470,191.50.220.132,mobile_wallet,Kuala Lumpur,"16.755725,104.476568",70,F,2015-09-02,active,0.49,0,0,0,auto_approved,0.0175,2022
bbaa17b0-d94e-4ead-8241-4877ec4d4364,U001684,2022-08-16 02:16:31,02:16:31,54405.92,transfer,M00419,USD,success,atm,D000136,217.17.92.48,credit_card,Da Nang,"13.144986,108.646708",70,F,2019-07-21,active,0.48,1,0,0,auto_approved,0.5014,2022
e378d634-9a70-4e5b-8941-428c7311efca,U000147,2022-12-18 01:41:07,01:41:07,1547087.46,bill_payment,M00028,VND,success,mobile,D000326,109.81.137.79,debit_card,Da Nang,"13.515348,102.048411",28,F,2020-11-26,active,0.46,0,0,0,auto_approved,0.2275,2022
64a2f4b5-6e36-40a5-b1ec-41a18048decd,U001049,2022-03-28 03:19:15,03:19:15,569811.72,cash_withdrawal,M00028,USD,success,mobile,D001306,25.70.6.184,bank_transfer,Singapore,"13.572427,108.582565",56,F,2022-02-10,active,0.53,0,0,0,auto_approved,0.1886,2022
8829454e-2ab1-4254-814d-ca373a728adc,U001324,2022-11-21 11:56:45,11:56:45,268394.54,online_payment,M00295,VND,success,mobile,D002614,227.112.77.203,debit_card,Bangkok,"19.740303,106.252806",65,M,2018-02-06,active,0.79,0,0,0,auto_approved,0.406,2022
94d6f854-7c5f-42ae-a832-14cb21b43cb3,U001206,2022-01-02 09:26:36,09:26:36,35845.99,bill_payment,M00012,USD,success,pos,D001914,101.160.19.114,bank_transfer,Da Nang,"12.451215,106.193185",23,M,2019-01-21,active,0.47,0,1,0,auto_approved,0.5099,2022
03063e6e-c6d3-41fd-848d-612252325a66,U001570,2022-06-04 07:04:23,07:04:23,171421.23,transfer,M00412,USD,success,atm,D000285,143.17.92.87,bank_transfer,Ho Chi Minh City,"17.012103,107.894609",56,F,2015-04-05,active,0.98,0,0,0,auto_approved,0.2172,2022
c8e56042-971f-4b0f-a822-1ac9b572d52c,U000588,2022-09-21 15:31:17,15:31:17,191661.26,online_payment,M00108,VND,success,atm,D002809,79.41.198.189,bank_transfer,Ho Chi Minh City,"18.483247,108.497076",54,F,2016-04-12,active,0.46,0,0,0,auto_approved,0.17,2022
43082c08-dedc-438c-b345-737ed245c85e,U000893,2022-02-25 05:50:34,05:50:34,38653.29,cash_withdrawal,M00431,VND,success,mobile,D002402,109.244.183.213,mobile_wallet,Ho Chi Minh City,"15.492646,104.572823",37,F,2014-05-26,active,0.51,0,0,0,auto_approved,0.4441,2022
43c3bcae-10fe-4108-891f-48175c755b02,U001177,2022-07-27 08:27:53,08:27:53,170079.94,online_payment,M00032,USD,success,mobile,D002687,214.47.4.33,mobile_wallet,Ho Chi Minh City,"21.546344,108.376667",27,M,2021-03-13,active,0.84,0,0,0,auto_approved,0.1871,2022
8be081d6-0281-4b69-89c8-29be2744e466,U000129,2022-08-26 11:07:12,11:07:12,1027578.69,bill_payment,M00118,USD,success,atm,D001598,134.216.189.234,mobile_wallet,Kuala Lumpur,"13.417614,107.247789",43,M,2018-11-02,active,0.75,0,0,0,auto_approved,0.0786,2022
576c035b-664b-4e73-bf2c-c048290a0921,U000455,2022-12-30 17:52:30,17:52:30,315003.09,online_payment,M00470,USD,success,atm,D001589,8.229.197.62,bank_transfer,Bangkok,"11.776333,104.525927",47,M,2016-09-30,under_review,0.45,0,1,0,auto_approved,0.2624,2022
b2717a65-c218-458e-8ae1-06f37f1562b0,U001226,2022-02-20 10:07:43,10:07:43,82196.03,cash_withdrawal,M00279,VND,success,pos,D000871,160.63.179.86,bank_transfer,Ho Chi Minh City,"13.649623,107.124128",21,F,2014-11-16,active,0.77,0,0,0,auto_approved,0.1995,2022
a63eaf53-2a89-4ee3-af5a-3a4e541edf35,U001513,2022-02-09 16:01:21,16:01:21,760339.23,purchase,M00491,VND,success,mobile,D000950,208.64.177.121,bank_transfer,Hanoi,"21.224441,107.412126",24,M,2020-02-29,active,0.85,0,0,0,auto_approved,0.1079,2022
944dceae-fac6-40eb-b6f9-28d36d373bd2,U001994,2022-10-24 07:59:13,07:59:13,644388.3,transfer,M00460,USD,success,pos,D002941,110.76.139.191,credit_card,Singapore,"14.186413,104.398066",47,F,2015-03-30,active,0.49,0,0,0,auto_approved,0.2312,2022
02f31b2d-77b6-4431-9e37-f50388d92b2b,U000943,2022-09-13 18:52:14,18:52:14,1108421.94,cash_withdrawal,M00089,USD,success,desktop,D001187,212.235.9.80,credit_card,Kuala Lumpur,"20.999175,102.698649",30,F,2015-03-31,active,0.62,0,0,0,auto_approved,0.2177,2022
af5d6d49-f3ce-45cc-ae74-2c94c02308f4,U001145,2022-08-27 14:20:47,14:20:47,279700.02,transfer,M00493,VND,success,mobile,D001231,165.105.243.81,debit_card,Kuala Lumpur,"11.635876,106.175652",47,M,2018-10-09,active,0.81,0,0,0,auto_approved,0.4484,2022
2e49956e-a0ca-4091-9b34-ec051f063c2a,U000455,2022-11-01 23:40:00,23:40:00,2469198.43,bill_payment,M00256,USD,success,desktop,D000252,54.183.15.59,mobile_wallet,Ho Chi Minh City,"18.645513,102.101864",64,M,2014-12-20,active,0.65,0,0,0,auto_approved,0.1284,2022
e3fc47aa-03cd-446d-97dd-7aead121d646,U000150,2022-10-12 04:00:05,04:00:05,1303495.33,transfer,M00493,VND,pending,pos,D000715,253.55.94.103,debit_card,Ho Chi Minh City,"14.154472,107.996391",47,F,2016-01-05,active,0.59,2,1,0,auto_approved,0.3159,2022
545d7470-496f-44a5-a3f4-3d0ae4217bdf,U000821,2022-06-01 12:19:39,12:19:39,285211.85,purchase,M00008,USD,pending,atm,D001685,183.66.25.131,credit_card,Bangkok,"15.701475,105.138407",43,F,2018-08-14,active,0.58,0,0,0,auto_approved,0.3176,2022
d5ac5a9b-82be-40c0-9036-ca5c3574889a,U000478,2022-07-05 00:36:50,00:36:50,285877.23,purchase,M00120,USD,success,mobile,D001753,21.140.190.31,mobile_wallet,Singapore,"10.994513,105.94776",35,F,2021-03-10,active,0.99,0,0,0,auto_approved,0.191,2022
551c1a9b-fc03-40f9-a4b1-2ce6d285bea1,U000985,2022-12-14 20:09:54,20:09:54,340257.25,online_payment,M00308,VND,success,desktop,D000227,115.119.229.128,bank_transfer,Bangkok,"19.313969,104.839485",27,M,2015-05-15,active,0.97,0,0,0,auto_approved,0.3468,2022
1af14267-5164-441b-9059-46756b642ed3,U001975,2022-06-21 06:03:55,06:03:55,459470.97,online_payment,M00234,USD,success,pos,D000244,53.8.14.45,bank_transfer,Bangkok,"21.251297,105.5233",46,F,2017-12-26,active,0.8,0,0,0,auto_approved,0.2045,2022
6482a1cf-4b07-44b4-a99b-345dcc93fb38,U001369,2022-09-13 11:47:46,11:47:46,377463.18,transfer,M00209,VND,success,mobile,D001363,41.77.238.3,credit_card,Kuala Lumpur,"20.956736,108.923282",70,F,2014-08-21,active,0.73,0,0,0,auto_approved,0.1802,2022
d50f2964-5983-4ca1-8777-762bb8cf5d2e,U001678,2022-07-13 18:15:45,18:15:45,4953318.06,online_payment,M00217,USD,success,mobile,D001696,213.207.196.213,debit_card,Bangkok,"8.563774,107.86481",29,F,2017-07-13,under_review,0.49,0,1,1,pending_review,0.3592,2022
1550f49e-66f3-473b-8f16-c7450cf9a4e0,U000552,2022-09-27 21:03:11,21:03:11,155009.21,transfer,M00083,VND,success,desktop,D002099,210.126.112.240,credit_card,Bangkok,"17.477732,107.411101",49,F,2018-03-22,active,0.93,0,0,0,auto_approved,0.1746,2022
7caf6be8-45bc-456c-b836-9e9bb725167a,U000356,2022-12-12 08:45:22,08:45:22,638468.91,transfer,M00453,VND,success,atm,D002947,52.108.69.81,mobile_wallet,Hanoi,"16.65175,107.105313",18,F,2014-11-11,active,0.99,0,0,0,auto_approved,0.1654,2022
cc75e3a7-f6fd-4eb9-b68e-c334a7675855,U000486,2022-03-21 17:25:13,17:25:13,13591.65,bill_payment,M00208,USD,success,pos,D000967,122.177.94.80,debit_card,Ho Chi Minh City,"14.900078,103.470957",19,F,2017-07-30,active,0.98,0,0,0,auto_approved,0.056,2022
159a4665-e707-44fa-b593-6c9472daacd1,U001123,2022-09-26 14:52:18,14:52:18,249834.43,cash_withdrawal,M00048,USD,success,atm,D000130,116.236.199.35,bank_transfer,Ho Chi Minh City,"14.703504,104.89989",53,M,2021-11-17,active,0.71,0,0,0,auto_approved,0.1352,2022
fbbcaf22-724c-4fff-8c60-236ef51cf1df,U001072,2022-06-11 22:09:24,22:09:24,588015.45,cash_withdrawal,M00076,USD,success,pos,D002776,120.159.168.117,mobile_wallet,Kuala Lumpur,"8.262003,102.290805",33,M,2020-08-24,active,0.5,0,0,0,auto_approved,0.2518,2022
2286c090-daf6-4f7e-ad28-65b88833719a,U000100,2022-12-06 03:43:04,03:43:04,170846.68,purchase,M00402,USD,failed,pos,D002750,186.19.148.255,debit_card,Ho Chi Minh City,"9.786138,107.007224",68,M,2021-03-26,active,0.88,0,0,0,auto_approved,0.0956,2022
3b93d2ff-8601-4cbb-8b1a-7b2aef56f68b,U001692,2022-10-19 02:22:29,02:22:29,504645.57,purchase,M00023,USD,success,mobile,D001402,249.134.86.100,credit_card,Bangkok,"11.390326,104.137678",33,M,2019-08-23,active,0.7,0,0,0,auto_approved,0.3317,2022
d666d0e1-a8af-4d0a-811d-1cf9449f4f15,U001172,2022-12-22 06:47:50,06:47:50,458257.15,cash_withdrawal,M00310,USD,success,atm,D000311,79.190.235.234,bank_transfer,Bangkok,"15.295097,103.727561",60,F,2018-09-15,active,0.81,0,0,0,auto_approved,0.45,2022
671c0058-1bf1-4502-8658-f9fdfca020cf,U000587,2022-04-21 11:20:06,11:20:06,2652050.5,purchase,M00337,VND,success,atm,D002946,164.173.83.244,bank_transfer,Singapore,"14.184549,105.648342",32,M,2017-09-14,active,0.56,2,1,0,auto_approved,0.3241,2022
91c15cc5-6edf-4a93-86da-4b479513bbc5,U000053,2022-11-07 04:48:54,04:48:54,1000522.45,purchase,M00083,VND,success,atm,D000310,144.144.92.122,debit_card,Bangkok,"8.738423,103.983688",27,M,2019-12-03,active,0.88,0,0,0,auto_approved,0.1989,2022
a1a3bc25-446b-425a-a9ce-82d44e2e5d9d,U001184,2022-08-05 02:54:02,02:54:02,1084923.04,online_payment,M00357,USD,success,desktop,D000278,191.132.26.114,bank_transfer,Hanoi,"12.879219,107.792518",44,M,2016-04-08,active,0.56,0,0,0,auto_approved,0.2303,2022
60f12603-44f3-4171-aac2-d83c1d6cae0a,U000526,2022-11-16 20:32:26,20:32:26,639414.44,purchase,M00322,VND,success,pos,D002619,2.196.50.152,bank_transfer,Da Nang,"15.277712,105.623791",53,M,2021-06-21,active,0.82,0,0,0,auto_approved,0.0817,2022
2ad956ae-b28e-491a-adba-7b2404715d59,U001136,2022-05-15 14:24:52,14:24:52,1705370.15,online_payment,M00148,VND,success,mobile,D001097,109.5.210.206,credit_card,Hanoi,"11.331302,102.201523",43,M,2014-09-25,active,0.63,0,0,0,auto_approved,0.1147,2022
506fb17f-657a-4006-a0e2-941646140357,U000712,2022-03-11 00:26:23,00:26:23,346513.09,cash_withdrawal,M00414,VND,success,desktop,D001918,234.156.227.112,credit_card,Da Nang,"14.874069,105.969464",65,M,2014-03-09,active,0.47,0,0,0,auto_approved,0.2362,2022
7d76a3d8-99d8-4851-b9de-2347d31f86e3,U000451,2022-01-31 21:20:45,21:20:45,1533297.55,online_payment,M00418,USD,success,mobile,D000603,201.68.6.201,credit_card,Singapore,"21.621641,103.005955",52,M,2021-07-12,active,0.77,0,0,0,auto_approved,0.2517,2022
83e07d66-2abc-4778-928a-6203cadd499c,U000178,2022-08-18 04:51:46,04:51:46,592715.46,bill_payment,M00237,VND,success,atm,D000016,244.137.21.21,debit_card,Singapore,"14.652813,106.067634",51,F,2018-12-03,under_review,0.77,0,0,0,auto_approved,0.0723,2022
5d0f9929-348b-4242-9bbb-ec3671dd0d59,U001732,2022-06-30 21:35:27,21:35:27,239600.59,bill_payment,M00464,VND,success,pos,D001746,207.11.92.54,mobile_wallet,Singapore,"19.335986,104.695337",62,M,2020-07-21,active,0.46,0,0,0,auto_approved,0.1112,2022
aa21af23-ce08-48be-bd60-52d40e4e5419,U001119,2022-10-19 08:37:04,08:37:04,1871073.94,bill_payment,M00454,VND,success,pos,D000597,241.227.67.38,credit_card,Hanoi,"9.924035,104.412807",66,M,2017-07-13,active,0.7,0,0,0,auto_approved,0.4309,2022
8f633999-b4ee-4632-aa68-6f39f394ac8a,U000123,2022-01-23 20:44:31,20:44:31,741241.12,online_payment,M00221,USD,success,pos,D001994,142.66.79.213,debit_card,Da Nang,"16.71302,103.028882",42,F,2018-06-22,active,0.88,0,0,0,auto_approved,0.308,2022
eae16e38-850c-4f48-9134-8112ba966943,U000203,2022-11-11 18:18:37,18:18:37,623015.08,bill_payment,M00491,USD,success,atm,D002374,110.194.147.157,mobile_wallet,Ho Chi Minh City,"17.059572,106.501793",70,M,2016-04-17,active,0.97,0,0,0,auto_approved,0.0721,2022
4f2e9666-c8dc-4011-ae4b-126475dbbc7c,U000557,2022-04-29 18:58:52,18:58:52,808395.8,online_payment,M00303,USD,success,pos,D000809,230.231.228.67,credit_card,Da Nang,"16.365205,104.703869",20,M,2020-03-07,active,0.84,0,0,0,auto_approved,0.1275,2022
3f042b28-515a-4de9-a99f-de8e84570887,U000470,2022-09-26 08:50:17,08:50:17,13328.22,cash_withdrawal,M00026,USD,success,pos,D000611,218.39.253.187,debit_card,Kuala Lumpur,"15.077072,108.242137",27,F,2015-07-05,active,0.68,0,0,0,auto_approved,0.0803,2022
b04d1932-59cc-4854-8c8e-1be0ff84ccf8,U000581,2022-11-14 16:21:02,16:21:02,29808.99,online_payment,M00332,VND,success,atm,D001040,127.251.141.246,mobile_wallet,Ho Chi Minh City,"9.146372,104.963513",53,F,2018-02-20,blocked,0.83,1,0,0,auto_approved,0.2306,2022
c98fc39b-5371-42b2-bda6-65e947734c32,U001237,2022-07-19 11:06:50,11:06:50,1720143.32,cash_withdrawal,M00389,VND,success,atm,D002197,230.109.186.116,bank_transfer,Bangkok,"15.116703,102.244612",70,M,2020-10-30,active,0.75,0,0,0,auto_approved,0.3426,2022
cc9d0a10-16d6-4313-b7fe-d11881940eaa,U001876,2022-09-12 19:34:49,19:34:49,376738.11,bill_payment,M00357,USD,success,mobile,D000935,158.105.44.82,bank_transfer,Ho Chi Minh City,"10.629576,108.567981",70,F,2022-05-30,active,0.64,0,0,0,auto_approved,0.2711,2022
d3230d14-34fd-4f96-97f7-b3785e51e819,U001313,2022-01-25 16:24:21,16:24:21,704685.56,online_payment,M00183,VND,success,pos,D002854,138.229.120.81,credit_card,Da Nang,"10.588932,104.67383",42,M,2015-02-22,active,0.66,0,0,0,auto_approved,0.3716,2022
fe11aa6a-491f-45a7-b264-e24245269da0,U000120,2022-12-13 02:15:14,02:15:14,3400.19,cash_withdrawal,M00080,USD,success,desktop,D001239,3.193.218.230,mobile_wallet,Da Nang,"14.92428,106.260322",66,M,2019-09-25,under_review,0.88,0,0,0,auto_approved,0.2195,2022
b34eca11-6575-44c9-a747-7052b4b09ded,U000108,2022-02-04 22:30:07,22:30:07,1249859.78,purchase,M00272,USD,success,desktop,D002088,123.67.50.4,debit_card,Ho Chi Minh City,"10.308156,108.364979",50,M,2017-07-19,active,0.55,0,0,0,auto_approved,0.111,2022
daf3d21b-d161-4887-9fa8-dba3b5d67117,U000606,2022-04-18 20:09:42,20:09:42,175062.11,transfer,M00307,VND,success,mobile,D000121,87.169.155.40,credit_card,Ho Chi Minh City,"12.603843,104.410814",42,F,2018-03-15,active,0.52,0,0,0,auto_approved,0.3933,2022
e33b4650-f727-4fa9-a8a9-9c4162ccff2c,U001148,2022-03-25 03:25:38,03:25:38,978957.96,purchase,M00420,USD,success,mobile,D002155,76.26.187.232,mobile_wallet,Bangkok,"19.912437,105.753313",48,F,2019-05-01,active,0.68,0,0,0,auto_approved,0.2873,2022
c4e1b0d3-66f2-4b66-899e-d142d8236545,U001802,2022-01-10 13:26:18,13:26:18,222487.47,bill_payment,M00314,USD,success,mobile,D000705,210.84.116.33,credit_card,Ho Chi Minh City,"16.506972,108.155575",24,F,2017-08-15,active,0.81,0,0,0,auto_approved,0.1434,2022
3c4f008e-5169-4297-ae73-325e8bf1de63,U001858,2022-11-18 08:51:56,08:51:56,119100.39,transfer,M00017,USD,success,mobile,D000862,41.45.29.68,bank_transfer,Bangkok,"12.098403,102.582041",68,M,2019-03-20,active,0.49,0,0,0,auto_approved,0.2407,2022
ccc2cdc0-9858-4aa0-9df4-14d38b5a8c8c,U000941,2022-07-28 12:40:08,12:40:08,153008.87,bill_payment,M00446,USD,success,desktop,D000018,250.119.106.131,mobile_wallet,Hanoi,"14.285522,104.769611",47,M,2015-10-31,active,0.88,0,0,0,auto_approved,0.3989,2022
1e2293d8-f3d3-4dda-a5e3-d6842b7374c5,U000340,2022-10-19 09:04:45,09:04:45,459592.21,online_payment,M00257,VND,success,desktop,D000711,203.72.137.139,mobile_wallet,Hanoi,"8.794885,106.971225",37,F,2017-11-11,active,0.6,0,0,0,auto_approved,0.0786,2022
be1af033-878c-4da5-afa5-64ae8006b6d4,U000284,2022-09-02 03:35:45,03:35:45,909083.26,online_payment,M00118,USD,success,atm,D002115,48.44.219.161,bank_transfer,Kuala Lumpur,"15.978249,106.779885",49,M,2022-03-29,active,0.93,0,0,0,auto_approved,0.4038,2022
53024e1a-a717-4098-a808-b3ac1f339fed,U001359,2022-02-10 21:41:49,21:41:49,470758.76,transfer,M00217,USD,success,mobile,D000104,252.202.23.26,mobile_wallet,Singapore,"18.980032,106.425029",36,M,2014-04-15,active,0.56,0,0,0,auto_approved,0.1715,2022
04ecc046-ec41-48d3-aca4-6e07becce024,U000882,2022-11-15 07:35:56,07:35:56,537666.55,bill_payment,M00495,USD,success,atm,D002934,133.177.214.34,debit_card,Kuala Lumpur,"17.877205,106.7462",61,M,2015-09-14,active,0.74,1,0,0,auto_approved,0.4236,2022
8899a65f-8ebd-4cf3-8a50-3a29d0c1b6b8,U000952,2022-11-24 09:46:32,09:46:32,1170787.56,online_payment,M00215,USD,pending,mobile,D001605,183.120.85.113,debit_card,Da Nang,"13.770411,105.06243",43,F,2017-06-15,active,0.95,0,0,0,auto_approved,0.0172,2022
debb6f25-b8d4-4688-b373-5331bbe1377d,U000455,2022-05-31 06:00:10,06:00:10,203416.34,cash_withdrawal,M00383,VND,success,atm,D001654,137.255.193.172,mobile_wallet,Ho Chi Minh City,"13.879126,103.301804",67,M,2014-06-22,active,0.69,0,0,0,auto_approved,0.0219,2022
2fe3a5b2-3087-4e8f-a0c8-652250d1d8ec,U000850,2022-03-15 16:02:23,16:02:23,326876.47,bill_payment,M00488,USD,failed,pos,D000384,113.111.234.49,debit_card,Singapore,"19.464772,103.721359",50,M,2019-05-31,active,0.57,0,0,0,auto_approved,0.2584,2022
5a1e8652-97b5-4b2f-ab16-9029283432e1,U000571,2022-04-10 12:12:42,12:12:42,305901.64,online_payment,M00479,USD,success,desktop,D000032,95.224.216.161,credit_card,Ho Chi Minh City,"12.005102,108.57583",26,F,2021-08-04,under_review,0.71,0,0,0,auto_approved,0.2438,2022
c45eece2-6232-4982-9e09-50f89453e305,U000538,2022-03-02 10:51:22,10:51:22,708130.61,online_payment,M00062,USD,success,desktop,D001726,63.77.155.145,credit_card,Da Nang,"9.153815,105.807609",39,M,2016-08-12,active,0.65,0,0,0,auto_approved,0.239,2022
225dd587-b59f-437b-8774-f05aec09040e,U000173,2022-10-02 20:53:16,20:53:16,80769.75,bill_payment,M00473,USD,success,desktop,D002180,87.123.198.27,mobile_wallet,Ho Chi Minh City,"13.585208,108.657598",24,M,2016-02-13,active,0.48,0,1,0,auto_approved,0.4012,2022
173ace30-5611-411c-aa24-6b773ebc01a6,U001510,2022-08-04 17:54:24,17:54:24,314095.36,online_payment,M00233,VND,success,pos,D001794,119.185.6.87,bank_transfer,Bangkok,"9.713299,106.830301",56,M,2019-02-01,active,0.61,0,0,0,auto_approved,0.1465,2022
ace3058d-4123-4ea0-a223-efd5726d7d1d,U000064,2022-01-28 21:34:41,21:34:41,2018725.86,bill_payment,M00362,VND,success,desktop,D002651,126.67.113.185,credit_card,Singapore,"11.91547,102.482252",52,F,2020-04-07,blocked,0.92,0,0,0,auto_approved,0.1546,2022
f4800768-8b7b-4f8e-bab1-b3bd8c559e35,U000632,2022-11-25 19:02:08,19:02:08,472528.79,bill_payment,M00484,VND,success,mobile,D002180,245.115.193.163,credit_card,Singapore,"17.149551,107.820862",43,F,2021-07-06,active,0.52,0,0,0,auto_approved,0.0281,2022
1552c281-1d98-41d2-a278-757a3f1bd8d3,U001856,2022-05-18 23:28:16,23:28:16,106385.77,transfer,M00119,USD,success,atm,D000295,60.117.119.163,credit_card,Da Nang,"15.426194,107.410123",70,M,2019-08-12,active,0.69,1,0,0,auto_approved,0.401,2022
0b3bbaf2-e37c-45dc-826a-1eae1212d860,U001187,2022-11-19 01:00:20,01:00:20,59066.36,online_payment,M00293,USD,success,atm,D002912,30.167.239.76,bank_transfer,Hanoi,"18.145246,102.159397",62,M,2015-08-26,active,0.96,1,0,0,auto_approved,0.2284,2022
92fbb6e2-0f9e-4f23-8820-13cc9be1d7a8,U001957,2022-09-10 14:52:38,14:52:38,80365.56,online_payment,M00182,VND,success,pos,D002946,115.145.175.197,credit_card,Kuala Lumpur,"19.87673,103.916132",20,M,2022-07-02,active,0.46,0,0,0,auto_approved,0.4205,2022
cd63e56f-5871-4c8b-8a74-7c443315676a,U001103,2022-06-23 06:43:42,06:43:42,742118.9,online_payment,M00057,VND,success,pos,D002145,139.29.61.212,bank_transfer,Da Nang,"16.842988,103.723046",37,M,2014-05-25,active,0.65,0,0,0,auto_approved,0.4261,2022
8c067459-28b9-446b-b10d-ed10dfe4a671,U001103,2022-04-24 12:23:56,12:23:56,427677.14,purchase,M00319,USD,success,atm,D001900,219.108.89.53,bank_transfer,Kuala Lumpur,"19.557949,102.244358",62,M,2014-04-12,active,0.52,0,0,0,auto_approved,0.0963,2022
c0b6a5de-7627-4439-9c30-59d023369d2d,U000271,2022-02-26 04:22:12,04:22:12,567278.63,online_payment,M00251,USD,success,desktop,D002623,102.50.69.230,debit_card,Kuala Lumpur,"8.943497,106.749475",40,F,2021-04-23,active,0.79,0,0,0,auto_approved,0.1649,2022
769a3d79-990e-44a8-98d7-ad143ae914ae,U000508,2022-09-27 00:01:22,00:01:22,345574.85,purchase,M00039,VND,success,mobile,D000416,139.56.81.194,debit_card,Da Nang,"13.998324,104.268983",45,F,2018-10-22,active,0.57,0,0,0,auto_approved,0.2728,2022
ee475644-ebfe-45f8-a95d-809f5eac610a,U001872,2022-08-15 19:31:57,19:31:57,971093.89,bill_payment,M00344,USD,success,pos,D001331,170.66.24.109,debit_card,Bangkok,"17.312731,102.313355",23,M,2019-05-05,active,0.46,0,0,0,auto_approved,0.2336,2022
aa7ac9cb-1a50-4dc4-a9f2-013ccaf23b79,U001339,2022-12-10 17:55:36,17:55:36,401090.25,bill_payment,M00095,USD,success,desktop,D001281,111.2.255.228,bank_transfer,Da Nang,"21.356271,105.995324",60,M,2018-02-15,active,0.96,0,0,0,auto_approved,0.1804,2022
cf5e4be3-c7a3-407c-8ab1-2552d4f3a0f6,U000334,2022-12-09 02:56:54,02:56:54,560009.04,cash_withdrawal,M00401,USD,success,desktop,D000488,92.18.128.115,debit_card,Singapore,"13.051787,102.349942",24,M,2021-02-12,active,0.84,1,0,0,auto_approved,0.3494,2022
4ad798b1-904d-42d5-bb08-6c321633889b,U001029,2022-06-06 01:14:11,01:14:11,517024.34,cash_withdrawal,M00250,USD,pending,atm,D000846,82.110.183.46,bank_transfer,Ho Chi Minh City,"8.502692,107.765095",56,M,2019-12-10,active,0.69,0,0,0,auto_approved,0.2723,2022
d9016281-8183-44d7-aa33-bd4fbcc9a13a,U001477,2022-11-01 00:43:54,00:43:54,247515.44,transfer,M00025,USD,success,pos,D000655,188.24.32.59,credit_card,Kuala Lumpur,"18.362397,102.89862",43,M,2021-05-13,active,0.75,0,1,0,auto_approved,0.3235,2022
c675559c-44b6-46ad-a8e2-faa94bd66918,U001115,2022-04-06 13:04:02,13:04:02,1469338.73,transfer,M00239,USD,success,pos,D002164,43.79.125.57,bank_transfer,Kuala Lumpur,"21.091356,102.43886",60,F,2021-03-06,active,0.94,1,1,0,auto_approved,0.6362,2022
a5b8b33a-1141-430b-bf45-01d02136e786,U001493,2022-05-06 21:37:04,21:37:04,432729.34,online_payment,M00387,VND,success,atm,D000338,162.67.149.114,bank_transfer,Ho Chi Minh City,"12.354266,102.194468",26,M,2019-06-27,active,0.68,0,1,0,auto_approved,0.3848,2022
ba16ee91-9d89-4502-8409-3c023b68fc82,U000704,2022-01-01 04:45:08,04:45:08,740566.63,purchase,M00045,VND,success,desktop,D002349,197.91.143.31,credit_card,Da Nang,"17.455945,104.752502",39,F,2020-05-23,active,0.54,0,0,0,auto_approved,0.341,2022
9b18317f-5e46-426f-b0fd-7f34729785af,U001292,2022-06-30 08:27:04,08:27:04,1355084.16,bill_payment,M00265,USD,success,desktop,D000382,217.92.171.177,credit_card,Hanoi,"13.583245,103.685963",36,F,2020-02-04,active,0.98,0,0,0,auto_approved,0.0529,2022
533d453c-7d3a-4dd0-8d69-570b4550a70f,U001417,2022-05-09 18:19:09,18:19:09,150236.69,bill_payment,M00384,USD,success,pos,D000327,191.212.173.223,debit_card,Ho Chi Minh City,"14.417505,103.170203",52,F,2021-01-09,active,0.9,0,0,0,auto_approved,0.4451,2022
4716a690-a241-4214-a7f7-e6b5540d3d38,U000867,2022-06-11 11:46:32,11:46:32,2926427.85,transfer,M00141,VND,success,pos,D001858,108.255.102.83,debit_card,Singapore,"9.034062,104.970769",69,F,2021-04-11,active,0.99,0,0,0,auto_approved,0.2891,2022
16c4bc8a-ae80-42fa-b47a-f4c4a860414d,U001524,2022-02-10 07:53:16,07:53:16,76159.12,transfer,M00404,USD,success,pos,D002284,235.114.236.160,bank_transfer,Singapore,"19.283773,108.367271",49,M,2021-02-07,active,0.84,0,0,0,auto_approved,0.2014,2022
2daa89c2-5a82-4984-8262-64eec50eee9f,U000642,2022-09-16 13:00:38,13:00:38,2485926.71,bill_payment,M00017,VND,success,atm,D001615,80.90.0.18,debit_card,Hanoi,"21.174896,103.006616",64,M,2016-05-10,active,0.81,0,0,0,auto_approved,0.346,2022
9ae073fd-39b1-4c7a-a050-de95469e8ba2,U001284,2022-03-01 17:24:29,17:24:29,274521.3,online_payment,M00153,USD,success,pos,D000749,160.255.207.247,credit_card,Singapore,"12.340143,106.446116",63,F,2016-11-10,active,0.84,2,1,0,auto_approved,0.2071,2022
af9cfb2a-272a-46b0-97e6-ce74177bb68f,U001705,2022-01-28 03:55:57,03:55:57,766038.29,bill_payment,M00488,VND,success,mobile,D002997,184.251.194.240,mobile_wallet,Singapore,"9.996613,107.304659",70,F,2019-10-07,active,0.45,0,0,0,auto_approved,0.2524,2022
cf522b11-908a-44eb-87a2-04f55034ed58,U001861,2022-05-11 08:31:22,08:31:22,399262.18,purchase,M00348,USD,pending,atm,D001839,11.156.128.205,bank_transfer,Bangkok,"9.617613,104.016063",23,M,2014-08-16,under_review,0.49,0,0,0,auto_approved,0.1333,2022
fc6ccc05-bd7a-45b2-bd24-cae0f268ee64,U000061,2022-04-16 10:56:59,10:56:59,346905.99,bill_payment,M00157,VND,success,mobile,D000238,120.190.6.92,debit_card,Hanoi,"8.877113,105.003426",58,M,2014-07-19,active,0.53,2,1,0,auto_approved,0.2292,2022
a8b0c645-6ab3-4d8b-b868-bc6d10eb90d1,U000455,2022-01-21 06:37:54,06:37:54,168392.82,transfer,M00451,USD,success,pos,D000086,22.180.80.167,credit_card,Hanoi,"10.468976,105.327064",32,M,2021-04-22,active,0.91,0,1,0,auto_approved,0.3985,2022
00b7b27a-c2df-4a69-97be-c8d48ee8fb55,U000318,2022-06-15 03:10:25,03:10:25,604047.76,cash_withdrawal,M00294,USD,success,pos,D001432,253.242.99.67,debit_card,Ho Chi Minh City,"12.526698,105.220971",46,M,2015-01-15,active,0.63,0,1,0,auto_approved,0.548,2022
10dc22c4-add0-4497-ab1b-3156e8e2c340,U000905,2022-12-30 20:20:17,20:20:17,111704.41,bill_payment,M00048,USD,success,desktop,D000563,239.130.105.234,debit_card,Ho Chi Minh City,"10.246798,105.477607",64,F,2020-05-21,active,0.92,0,0,0,auto_approved,0.0263,2022
17d5c49f-3d9b-41d8-8a4f-a5c59217c35f,U001914,2022-04-08 05:22:30,05:22:30,880879.39,bill_payment,M00059,VND,success,desktop,D002081,110.148.5.1,mobile_wallet,Hanoi,"17.385066,105.447346",26,M,2016-06-09,active,0.64,0,0,0,auto_approved,0.0806,2022
2383aba9-c954-42f2-b6ab-a95041ed5f87,U001790,2022-02-19 01:23:17,01:23:17,508653.54,transfer,M00427,USD,success,desktop,D001696,238.97.197.166,credit_card,Da Nang,"14.451601,105.128589",27,F,2019-02-24,active,0.95,0,0,0,auto_approved,0.1352,2022
13cbe025-3125-4659-856b-3e9d4e736dce,U000923,2022-06-16 05:24:55,05:24:55,733937.66,purchase,M00405,USD,success,pos,D001789,207.229.51.12,bank_transfer,Da Nang,"11.039178,102.308869",54,F,2015-01-06,active,0.85,0,0,0,auto_approved,0.2002,2022
bf5513bc-8da2-4954-85d5-35b5e4908cb1,U000884,2022-07-21 15:06:46,15:06:46,723379.06,cash_withdrawal,M00230,VND,success,atm,D001484,118.189.243.180,credit_card,Kuala Lumpur,"20.828382,107.056808",55,M,2020-08-13,active,0.79,0,0,0,auto_approved,0.2206,2022
c5e267e4-a4ec-4578-ad7d-e6b7760b8f61,U001751,2022-12-23 20:44:16,20:44:16,573602.34,online_payment,M00222,VND,success,atm,D000011,62.12.156.113,credit_card,Singapore,"11.424792,107.513461",41,F,2020-11-09,active,0.48,0,0,0,auto_approved,0.408,2022
8b197ca0-c24c-4046-906b-f21cf8a516c4,U000122,2022-08-01 15:21:05,15:21:05,3225220.92,online_payment,M00006,USD,success,pos,D001154,187.221.253.122,bank_transfer,Bangkok,"11.985233,105.756448",34,M,2019-01-26,active,0.75,0,1,0,auto_approved,0.4646,2022
e15f4b94-67cf-430d-b38d-cb507089c258,U001131,2022-05-18 14:06:28,14:06:28,334236.95,bill_payment,M00011,VND,success,atm,D000302,67.209.32.26,bank_transfer,Bangkok,"14.995664,108.364939",33,F,2017-02-26,active,0.72,0,0,0,auto_approved,0.4065,2022
f11831a1-ae2b-4441-980b-eaaf879e720a,U000680,2022-01-29 21:11:44,21:11:44,981046.73,bill_payment,M00464,VND,success,pos,D000639,72.22.250.49,bank_transfer,Hanoi,"17.670548,103.733892",70,F,2015-12-07,active,0.65,1,0,0,auto_approved,0.5084,2022
b905b8c2-7b21-4085-843e-f104e551e9b5,U000524,2022-11-30 19:23:40,19:23:40,79688.43,transfer,M00495,USD,success,pos,D002590,64.220.42.136,bank_transfer,Da Nang,"10.911573,102.751733",34,M,2021-12-14,active,0.86,1,1,1,pending_review,0.4164,2022
ba54085f-652d-4c98-a738-5709af82a383,U001251,2022-07-05 21:25:23,21:25:23,182434.07,transfer,M00367,USD,success,atm,D002664,90.213.205.6,debit_card,Ho Chi Minh City,"17.917612,103.599764",40,F,2014-06-30,active,0.83,1,0,0,auto_approved,0.4419,2022
de0b961a-30e0-4719-a1b5-e885f9107b51,U001861,2022-01-12 10:43:45,10:43:45,29519.65,cash_withdrawal,M00163,USD,success,mobile,D000559,162.242.72.48,bank_transfer,Ho Chi Minh City,"16.964343,107.375848",38,M,2015-07-02,active,0.63,0,0,0,auto_approved,0.2476,2022
2eff0f14-f552-4144-9736-26254af09b73,U000319,2022-07-08 02:56:40,02:56:40,455988.65,transfer,M00377,VND,success,atm,D000566,138.97.116.161,bank_transfer,Da Nang,"10.029831,106.535001",23,F,2015-07-16,active,0.96,1,0,0,auto_approved,0.3298,2022
dcbb20ff-a372-42b1-af3c-d92e56e30806,U000959,2022-05-04 23:44:43,23:44:43,654465.29,bill_payment,M00273,USD,pending,mobile,D002595,56.42.40.121,mobile_wallet,Da Nang,"20.306974,107.524159",61,M,2021-11-09,active,0.79,1,1,0,auto_approved,0.3919,2022
727e4799-ff26-4dfb-9b64-a4061f1fcaab,U001724,2022-05-15 15:54:37,15:54:37,345395.41,purchase,M00029,VND,success,mobile,D001298,168.23.116.88,bank_transfer,Bangkok,"14.090447,106.891993",25,M,2020-09-04,under_review,0.52,0,0,0,auto_approved,0.1127,2022
10afe8f6-5584-4d29-a6e6-5de08adbcd3f,U001744,2022-03-09 19:10:19,19:10:19,778523.18,online_payment,M00048,USD,success,desktop,D000314,150.130.72.103,credit_card,Da Nang,"10.034973,105.063028",67,M,2014-09-13,active,0.92,0,0,0,auto_approved,0.1967,2022
f60020cb-d9af-45b6-8edb-7265e45dd66a,U001693,2022-01-16 01:19:55,01:19:55,732877.52,online_payment,M00136,USD,success,pos,D000877,83.11.14.114,debit_card,Singapore,"11.71987,106.179355",58,M,2021-11-30,active,0.51,0,0,0,auto_approved,0.0774,2022
a8eebd88-9a99-438f-b746-d7db129b3200,U000038,2022-07-06 20:57:48,20:57:48,1403509.43,online_payment,M00109,VND,success,pos,D000084,253.144.189.186,bank_transfer,Bangkok,"19.540061,102.754919",51,M,2021-12-17,active,0.8,0,0,0,auto_approved,0.2499,2022
792b4a86-c980-47a2-9b35-2a4428256955,U000175,2022-01-21 04:48:45,04:48:45,2003274.38,bill_payment,M00303,VND,success,desktop,D000200,182.247.226.167,mobile_wallet,Bangkok,"13.390643,108.837874",58,M,2017-08-29,active,0.81,0,1,1,pending_review,0.2205,2022
6215f5a2-bcc2-4f99-be1e-99ec9a8a4ce9,U001368,2022-03-07 05:09:35,05:09:35,82859.93,purchase,M00251,USD,success,pos,D002898,21.81.229.211,debit_card,Bangkok,"19.536696,107.374807",49,F,2021-07-10,active,0.45,0,0,0,auto_approved,0.2709,2022
ab8fbe36-df1a-4201-bfc7-d35cad298c2f,U000831,2022-06-11 15:01:38,15:01:38,1283713.4,online_payment,M00096,VND,pending,desktop,D000900,56.23.198.155,debit_card,Singapore,"10.218501,102.698374",59,F,2016-01-27,active,0.81,0,0,0,auto_approved,0.4278,2022
e542abfc-2e67-43dc-9a3e-51f0a4223548,U001724,2022-08-22 19:40:36,19:40:36,86895.45,online_payment,M00238,USD,success,desktop,D001012,148.239.250.104,bank_transfer,Singapore,"15.776144,104.853303",38,M,2019-12-21,active,0.82,0,0,0,auto_approved,0.2039,2022
ee8f97d7-158d-4cc4-9a09-27c203fc3b15,U001983,2022-06-30 16:10:02,16:10:02,43419.02,bill_payment,M00430,VND,success,atm,D001225,101.108.92.199,bank_transfer,Bangkok,"11.822043,103.619948",64,F,2019-05-27,active,0.97,0,0,0,auto_approved,0.3544,2022
0512f4c9-c464-4733-a99e-c4a6d32a23a6,U000274,2022-01-01 18:44:49,18:44:49,268706.69,transfer,M00134,USD,success,pos,D001334,56.66.197.110,bank_transfer,Kuala Lumpur,"14.475383,103.755041",39,M,2015-12-19,active,0.95,2,1,0,auto_approved,0.4765,2022
5b98aebb-9445-4c52-ba68-e85ef2db08cb,U000788,2022-12-21 16:31:28,16:31:28,102047.11,online_payment,M00239,USD,success,mobile,D001956,247.143.11.128,bank_transfer,Singapore,"17.703776,108.892168",38,M,2016-12-08,active,0.83,0,0,0,auto_approved,0.4071,2022
2ed8ec22-505d-42be-be54-ac77625faaf1,U000787,2022-04-07 02:31:40,02:31:40,3027375.45,transfer,M00156,VND,success,desktop,D000663,111.137.216.86,credit_card,Bangkok,"15.780776,102.333032",32,F,2019-09-24,active,0.53,0,1,0,auto_approved,0.4348,2022
9b955892-bdd5-4892-91b6-f9dc9f99e547,U000839,2022-03-18 02:43:40,02:43:40,3854.82,transfer,M00446,VND,success,mobile,D002340,55.26.156.71,bank_transfer,Hanoi,"8.612202,107.253007",67,M,2014-09-22,active,0.5,0,0,0,auto_approved,0.388,2022
848fe0c1-ae69-490a-b2d5-5c78a1c29d8b,U000462,2022-01-30 00:03:45,00:03:45,636924.82,cash_withdrawal,M00080,USD,success,mobile,D001856,20.176.6.43,credit_card,Ho Chi Minh City,"8.523624,107.018387",34,F,2017-11-25,active,0.55,0,0,0,auto_approved,0.144,2022
86af149e-3cbb-4e18-ae9b-49d2a4adff40,U001016,2022-02-15 17:47:11,17:47:11,231702.72,transfer,M00133,VND,success,atm,D000806,120.29.250.191,bank_transfer,Singapore,"8.21198,103.210459",44,F,2015-09-25,active,0.69,0,0,0,auto_approved,0.3403,2022
413a6da9-45b1-49d7-bb76-a88f9dd4a5cd,U001765,2022-10-22 18:22:09,18:22:09,439015.25,online_payment,M00450,USD,success,mobile,D000468,190.69.226.148,mobile_wallet,Bangkok,"14.217397,105.21227",34,M,2019-02-20,under_review,0.7,0,0,0,auto_approved,0.3533,2022
bb899f8c-838e-49f5-adfc-f330f7ba5c7b,U000493,2022-09-04 00:21:57,00:21:57,38708.55,online_payment,M00369,VND,failed,pos,D001270,214.159.137.25,credit_card,Da Nang,"21.753936,104.215829",69,F,2021-07-13,active,0.58,1,0,0,auto_approved,0.5246,2022
4ab1a820-b85d-4d97-be09-c7c7126f85c9,U000313,2022-05-19 23:21:55,23:21:55,23075.99,bill_payment,M00108,VND,success,mobile,D001832,147.244.134.96,credit_card,Singapore,"8.430233,103.806278",26,F,2019-01-12,active,0.59,0,0,0,auto_approved,0.204,2022
a208eeff-fa6b-4c09-9d9b-0b6cb86158e7,U000107,2022-10-21 07:00:42,07:00:42,12885.67,bill_payment,M00457,VND,success,atm,D001832,33.104.74.22,credit_card,Hanoi,"10.918219,108.07129",35,F,2019-03-17,active,0.72,0,0,0,auto_approved,0.3755,2022
dfac84cd-3341-4edd-823d-3811ab737a18,U001856,2022-12-23 17:25:48,17:25:48,321291.86,bill_payment,M00036,USD,success,atm,D001818,51.118.128.206,debit_card,Da Nang,"15.477414,107.107422",38,M,2020-09-21,active,0.98,0,0,0,auto_approved,0.0784,2022
88c169cd-a278-4c26-8c14-60fc116cdba3,U000965,2022-09-27 05:26:04,05:26:04,395435.56,purchase,M00016,VND,success,desktop,D002307,190.167.96.38,mobile_wallet,Ho Chi Minh City,"21.224329,108.591292",50,M,2017-01-29,active,0.97,0,0,0,auto_approved,0.1885,2022
3e7056a5-3f03-43a3-8636-7c0d9594db58,U000193,2022-03-30 06:14:21,06:14:21,26518.16,cash_withdrawal,M00269,USD,success,desktop,D001842,150.217.71.66,bank_transfer,Ho Chi Minh City,"19.360904,103.903987",49,M,2020-11-29,under_review,0.68,0,0,0,auto_approved,0.0209,2022
266bac84-c3b2-4967-a1a0-7d0febbeab74,U001762,2022-06-20 03:27:26,03:27:26,1319935.4,cash_withdrawal,M00374,USD,success,mobile,D001265,89.225.0.150,credit_card,Hanoi,"18.217431,103.769863",34,M,2016-07-09,active,0.69,0,0,0,auto_approved,0.1476,2022
a9c41da6-7538-4a6e-91ce-62bc269eb3bb,U001416,2022-05-06 21:25:01,21:25:01,1611005.15,bill_payment,M00168,VND,success,atm,D002583,220.119.2.224,bank_transfer,Ho Chi Minh City,"19.730091,108.381364",21,F,2019-09-30,active,0.66,0,0,0,auto_approved,0.0508,2022
2583904b-1b51-41c2-a1d4-c8cd58250748,U001075,2022-05-31 07:50:53,07:50:53,1087622.13,cash_withdrawal,M00037,USD,success,mobile,D002174,137.70.109.29,bank_transfer,Singapore,"17.519698,102.174427",26,F,2019-10-29,active,0.54,0,0,0,auto_approved,0.2552,2022
dac3d323-9e95-4b73-b9a7-dedf1c93ac05,U000900,2022-07-21 00:54:34,00:54:34,517181.12,online_payment,M00298,USD,success,pos,D000706,119.192.252.143,credit_card,Bangkok,"10.662926,107.213565",42,M,2022-06-05,active,0.63,0,0,0,auto_approved,0.3349,2022
bc96b02d-a57b-442e-a2d3-f1e91d04c3a9,U000397,2022-11-21 06:15:37,06:15:37,233145.56,transfer,M00156,USD,success,pos,D002789,238.166.177.119,credit_card,Da Nang,"15.761502,105.896054",47,F,2017-06-19,active,0.59,0,0,0,auto_approved,0.1148,2022
d4410f73-0889-43c2-b311-09d920580bc8,U001431,2022-03-15 23:43:23,23:43:23,618784.44,online_payment,M00102,USD,success,mobile,D001226,139.50.84.111,bank_transfer,Da Nang,"21.309668,104.748041",34,M,2015-08-11,active,0.54,0,0,0,auto_approved,0.2209,2022
4669f3fd-8776-46e4-b777-a0730d8ff470,U001800,2022-10-10 09:36:43,09:36:43,59985.04,purchase,M00379,USD,success,mobile,D001451,240.213.34.81,mobile_wallet,Hanoi,"16.980235,105.71557",30,F,2021-12-28,blocked,0.84,0,0,0,auto_approved,0.0526,2022
ebbd1ac5-2583-4bdd-ad3e-b04911d92aa7,U000493,2022-03-13 12:17:23,12:17:23,331666.62,online_payment,M00004,USD,success,desktop,D001925,44.13.236.133,mobile_wallet,Bangkok,"13.166515,108.586573",33,M,2021-05-19,active,0.94,0,0,0,auto_approved,0.2012,2022
86f6bf19-5958-42e6-aeb5-c7ebe2b5f475,U000518,2022-03-08 03:26:28,03:26:28,900695.95,bill_payment,M00112,VND,success,desktop,D002477,73.136.187.37,credit_card,Ho Chi Minh City,"13.637747,108.329664",26,M,2021-03-27,active,0.6,0,0,0,auto_approved,0.4191,2022
2867cff7-8249-4ddf-a6ca-56cf9fee00a7,U001802,2022-01-31 13:20:45,13:20:45,1755665.28,transfer,M00182,VND,success,pos,D001526,222.204.63.39,credit_card,Ho Chi Minh City,"11.176921,102.635444",54,M,2019-02-02,active,0.75,0,0,0,auto_approved,0.4199,2022
e064261d-d0a9-41d8-98ce-056384cb65e4,U000677,2022-07-21 17:33:10,17:33:10,135468.43,transfer,M00422,USD,pending,atm,D001221,221.142.182.87,bank_transfer,Da Nang,"14.178658,108.374163",68,F,2019-03-20,under_review,0.58,0,0,0,auto_approved,0.4441,2022
c1498c9a-4f34-4dbc-b95e-219ce94ec513,U000869,2022-01-04 22:27:35,22:27:35,466476.19,purchase,M00381,VND,success,mobile,D001330,226.72.207.117,debit_card,Kuala Lumpur,"10.508891,105.118782",66,F,2020-04-14,active,0.64,0,0,0,auto_approved,0.0185,2022
d945efe6-0029-4829-8d1b-3fa552cbb423,U001751,2022-07-21 16:31:01,16:31:01,3361.88,bill_payment,M00360,USD,success,mobile,D000817,72.139.246.244,credit_card,Da Nang,"11.029798,108.820569",39,F,2015-06-13,active,0.54,0,0,0,auto_approved,0.227,2022
d29804a2-ccc2-4d1d-b945-46131538bc30,U001671,2022-03-20 22:45:30,22:45:30,2520954.32,cash_withdrawal,M00352,USD,success,pos,D001246,1.214.183.153,mobile_wallet,Singapore,"21.609747,104.916099",36,F,2021-06-23,active,0.73,0,0,0,auto_approved,0.3762,2022
edcaf7af-1cd7-4e7f-a32a-9ed9d53c3428,U001933,2022-12-10 02:05:51,02:05:51,1491484.32,transfer,M00260,USD,success,pos,D000396,84.247.128.246,debit_card,Ho Chi Minh City,"17.4055,104.089108",66,F,2018-11-18,active,0.92,0,0,0,auto_approved,0.1604,2022
fb6c7fc2-157e-4da1-986e-6af137cb3e4d,U000516,2022-07-29 12:21:32,12:21:32,632074.96,cash_withdrawal,M00261,VND,pending,desktop,D001771,2.233.238.92,debit_card,Singapore,"13.136598,105.034631",55,F,2016-10-24,active,0.86,0,0,0,auto_approved,0.3378,2022
08fdad43-2fc6-4231-badf-388d53623676,U000539,2022-01-21 04:51:14,04:51:14,1155093.93,bill_payment,M00427,USD,success,mobile,D001625,227.116.198.222,credit_card,Kuala Lumpur,"13.138632,106.047788",45,M,2016-10-13,active,0.97,0,0,0,auto_approved,0.3258,2022
b7cc5077-234f-455d-be46-05000f6442d7,U001361,2022-05-04 14:01:21,14:01:21,439775.64,cash_withdrawal,M00262,USD,success,desktop,D000618,78.221.174.2,credit_card,Bangkok,"20.061287,103.08945",33,M,2022-01-09,active,0.92,0,0,0,auto_approved,0.4417,2022
c36d2ff3-983a-497a-a732-a8488da823f5,U000266,2022-12-28 08:19:46,08:19:46,1872519.99,cash_withdrawal,M00202,VND,success,desktop,D000406,191.153.18.122,debit_card,Singapore,"13.732357,105.857881",47,F,2017-11-29,active,0.67,0,0,0,auto_approved,0.3893,2022
937caf79-5e85-46ea-905f-2b6ff0513bda,U000034,2022-05-06 19:32:09,19:32:09,619440.44,cash_withdrawal,M00222,VND,success,desktop,D001772,183.150.16.198,bank_transfer,Ho Chi Minh City,"16.870119,105.242402",40,F,2017-11-06,active,0.98,0,0,0,auto_approved,0.2792,2022
93726666-ef5c-4407-ae1f-c749bcb747e9,U001410,2022-01-30 22:35:41,22:35:41,155842.94,cash_withdrawal,M00205,VND,success,desktop,D001114,11.237.189.168,mobile_wallet,Singapore,"18.707162,105.090536",35,M,2019-04-26,active,0.95,0,0,0,auto_approved,0.1214,2022
5c958146-9b72-4376-9178-752c8f6f7314,U000035,2022-06-03 08:19:15,08:19:15,919810.09,online_payment,M00308,VND,success,desktop,D002675,92.16.176.143,bank_transfer,Singapore,"11.201478,108.168016",64,F,2021-04-28,active,0.97,0,1,1,pending_review,0.3214,2022
a0062e78-2c5d-4251-8212-10c0b4379d3c,U001787,2022-08-16 04:30:51,04:30:51,920264.12,purchase,M00161,VND,success,mobile,D001197,51.104.95.53,credit_card,Hanoi,"10.517044,105.619358",20,F,2014-06-09,active,0.56,0,0,0,auto_approved,0.1803,2022
1da5c59e-be42-43eb-bfd7-e334d42df645,U001138,2022-06-04 08:58:32,08:58:32,367387.13,bill_payment,M00270,VND,success,mobile,D001169,68.87.88.164,bank_transfer,Kuala Lumpur,"17.661715,107.683359",26,M,2022-01-02,active,0.79,0,0,0,auto_approved,0.1026,2022
1bed3722-dced-4cdb-a3a2-a0ff98fc0220,U000640,2022-09-29 18:09:36,18:09:36,850578.55,cash_withdrawal,M00466,USD,success,desktop,D002580,41.136.67.185,bank_transfer,Bangkok,"8.395914,103.80926",68,M,2020-04-01,active,0.74,0,0,0,auto_approved,0.102,2022
277c03d5-9ccf-483a-bcfd-113041707b18,U001888,2022-05-22 02:45:51,02:45:51,65124.12,transfer,M00320,USD,success,mobile,D000222,117.218.133.97,bank_transfer,Kuala Lumpur,"20.267145,108.395309",66,F,2016-07-31,active,0.84,0,0,0,auto_approved,0.0726,2022
5b509075-ea95-457b-8446-59120c8b6cc8,U000012,2022-07-12 06:07:03,06:07:03,1671999.93,transfer,M00367,USD,pending,atm,D000976,41.9.81.213,bank_transfer,Singapore,"19.484018,102.753771",70,M,2014-07-19,active,0.84,0,0,0,auto_approved,0.1569,2022
b5be8c06-01c3-4651-a49d-a2d7edf6617b,U000945,2022-04-18 16:44:01,16:44:01,302703.77,bill_payment,M00171,USD,success,atm,D002919,41.43.250.65,credit_card,Ho Chi Minh City,"20.321283,103.551538",51,F,2020-05-18,active,0.77,1,0,0,auto_approved,0.4047,2022
6e56ba10-6695-4f2f-846f-3b489205ffe7,U001194,2022-08-10 13:24:41,13:24:41,19644.73,transfer,M00238,USD,success,mobile,D000295,240.88.240.169,credit_card,Ho Chi Minh City,"17.311073,105.945267",51,M,2017-12-05,active,0.67,0,0,0,auto_approved,0.2046,2022
f0294b82-4458-4e04-9239-80a3ddf124f0,U001154,2022-04-15 02:38:08,02:38:08,727006.02,cash_withdrawal,M00248,VND,success,mobile,D002475,118.126.75.48,bank_transfer,Bangkok,"16.577387,106.802211",55,M,2020-04-16,active,0.55,0,0,0,auto_approved,0.1711,2022
a7d4e163-ab39-4996-bd92-e153d4ae132e,U001248,2022-05-18 23:14:45,23:14:45,579736.69,cash_withdrawal,M00260,USD,success,mobile,D001536,128.74.172.53,bank_transfer,Da Nang,"16.086217,108.9993",60,F,2017-09-11,active,1.0,0,0,0,auto_approved,0.2552,2022
87bb91dd-5040-4800-ab45-531c57e7a653,U000472,2022-09-06 02:25:23,02:25:23,1782106.08,bill_payment,M00397,VND,success,atm,D001163,100.245.102.27,mobile_wallet,Da Nang,"18.027091,107.512879",38,M,2015-01-04,active,0.63,0,0,0,auto_approved,0.4422,2022
0d45704c-ee62-4ea0-a41a-cac50723ccc7,U000304,2022-07-17 14:48:10,14:48:10,1720703.48,purchase,M00307,USD,success,mobile,D002394,157.214.46.16,bank_transfer,Da Nang,"14.038507,105.204821",58,F,2019-03-12,active,0.82,0,0,0,auto_approved,0.019,2022
a03efb7b-a518-49db-a558-9b6160cdcbc1,U000590,2022-08-22 02:27:44,02:27:44,919769.69,bill_payment,M00372,USD,success,desktop,D000873,124.158.160.27,bank_transfer,Singapore,"19.058576,105.155912",44,F,2015-02-02,active,0.63,0,0,0,auto_approved,0.3783,2022
b9aeebd3-e9bc-4baa-8680-f8faa1abd29e,U001903,2022-10-21 20:36:13,20:36:13,962496.25,purchase,M00288,VND,success,desktop,D000975,200.160.139.252,bank_transfer,Kuala Lumpur,"8.924927,102.370425",59,F,2016-09-02,active,0.61,0,0,0,auto_approved,0.4244,2022
bdb21218-d785-44e7-9f10-c9d7093ece97,U000949,2022-11-18 23:25:13,23:25:13,718676.5,bill_payment,M00023,VND,success,atm,D002638,9.205.230.38,bank_transfer,Singapore,"20.635609,105.616418",64,M,2021-11-05,blocked,0.99,1,0,0,auto_approved,0.2504,2022
a7b68c3d-3960-4a54-9495-466e8a30dd60,U001926,2022-02-14 10:15:47,10:15:47,115203.49,transfer,M00047,USD,success,desktop,D001986,91.171.50.170,credit_card,Bangkok,"8.992393,103.742059",24,M,2015-01-22,active,0.61,0,0,0,auto_approved,0.2637,2022
b867c52a-0bee-4a4d-af27-0ca2815f4dbe,U001304,2022-08-21 06:36:04,06:36:04,81844.92,bill_payment,M00305,VND,success,pos,D002590,111.212.237.66,bank_transfer,Ho Chi Minh City,"13.513557,104.754495",39,F,2019-06-11,active,0.51,0,0,0,auto_approved,0.0257,2022
25584eac-ebae-4da4-a6d8-79fccabcf4b0,U001013,2022-07-14 08:26:11,08:26:11,333386.62,online_payment,M00426,VND,success,pos,D002832,249.101.249.49,bank_transfer,Kuala Lumpur,"16.414512,105.926074",41,F,2022-04-21,active,0.66,0,0,0,auto_approved,0.2626,2022
00d45c9d-f4fe-43b2-860e-0e1fdf27d007,U001543,2022-12-08 02:07:23,02:07:23,1219134.61,cash_withdrawal,M00133,USD,success,mobile,D000252,189.239.159.25,debit_card,Bangkok,"13.353094,108.404444",37,F,2019-04-08,active,0.47,0,0,0,auto_approved,0.0114,2022
b9fd15b4-c05e-4491-b2bd-a47cc6d51893,U001612,2022-05-21 12:20:45,12:20:45,3001840.02,cash_withdrawal,M00499,VND,success,mobile,D000209,135.89.67.12,debit_card,Da Nang,"18.341987,108.684007",38,F,2021-12-29,active,0.45,0,1,0,auto_approved,0.5515,2022
04b3e9c4-2c6d-4952-89fd-19c1c18e770c,U001737,2022-04-29 00:29:21,00:29:21,178212.71,cash_withdrawal,M00102,VND,success,atm,D002439,116.168.146.86,mobile_wallet,Singapore,"19.116982,108.485903",43,M,2019-09-29,active,0.89,0,0,0,auto_approved,0.2608,2022
2c701cf1-7ede-4a42-a08c-d46a124b3c71,U001428,2022-09-07 23:51:30,23:51:30,638016.79,cash_withdrawal,M00003,VND,success,desktop,D000645,245.87.81.32,debit_card,Da Nang,"14.390616,104.469415",48,M,2020-09-24,active,0.85,0,0,0,auto_approved,0.2358,2022
e7673e22-28af-4eb8-8123-31d3b5d920d4,U001755,2022-06-13 23:11:13,23:11:13,206557.71,purchase,M00066,USD,success,mobile,D000035,254.127.253.224,credit_card,Bangkok,"16.056558,102.735261",64,M,2018-11-16,active,0.58,0,1,0,auto_approved,0.3345,2022
1873573c-93bf-4b55-879e-ed59d761d459,U000019,2022-11-05 00:07:16,00:07:16,1290829.75,cash_withdrawal,M00104,VND,success,desktop,D002492,68.228.16.213,credit_card,Da Nang,"17.981623,107.28957",43,F,2021-08-06,active,0.97,1,0,0,auto_approved,0.3806,2022
a1d1a255-73d8-4123-96d2-54b2e29391ea,U000092,2022-08-13 15:51:49,15:51:49,244350.0,transfer,M00240,VND,success,mobile,D000866,18.30.201.214,bank_transfer,Bangkok,"16.887756,103.255756",47,F,2020-10-07,active,0.49,0,0,0,auto_approved,0.0183,2022
61b1acbb-9df3-4ebe-98d2-38c8b1904bef,U000878,2022-05-04 01:04:51,01:04:51,81269.5,cash_withdrawal,M00022,USD,success,atm,D000227,251.244.126.194,bank_transfer,Kuala Lumpur,"9.955532,105.379131",54,M,2018-05-11,active,0.95,1,0,0,auto_approved,0.537,2022
420323fe-d44b-429d-86ad-58906083cc26,U001431,2022-12-12 10:33:42,10:33:42,3940708.26,bill_payment,M00229,USD,success,atm,D000634,167.174.143.211,bank_transfer,Ho Chi Minh City,"18.333899,102.487065",66,F,2019-03-24,active,0.46,0,1,1,pending_review,0.5884,2022
921c2182-9f79-42c9-bf11-b50af307d6dc,U001524,2022-09-01 15:52:07,15:52:07,675644.63,transfer,M00051,VND,success,atm,D001061,173.199.212.18,debit_card,Kuala Lumpur,"17.222901,108.69847",60,M,2015-05-19,active,0.73,0,0,0,auto_approved,0.2828,2022
895a76c4-0a0b-407f-b6f2-2060c326755b,U001880,2022-12-02 10:50:44,10:50:44,1035796.83,cash_withdrawal,M00156,USD,success,mobile,D001946,199.4.79.149,debit_card,Hanoi,"19.940009,104.114196",28,F,2021-04-08,active,0.5,2,1,1,pending_review,0.3715,2022
a627a2de-5cae-4254-b420-9b5852e9a7f9,U001994,2022-03-08 12:14:38,12:14:38,131550.18,purchase,M00469,USD,success,pos,D001750,140.226.1.1,credit_card,Singapore,"15.627507,102.085433",22,F,2020-04-03,active,0.84,1,0,0,auto_approved,0.4151,2022
7361946d-d25f-4bb5-baf2-db96bef3a432,U000747,2022-05-21 03:22:09,03:22:09,267396.98,online_payment,M00290,VND,success,pos,D002909,130.235.172.229,mobile_wallet,Da Nang,"15.031771,102.965552",54,M,2019-12-11,active,0.49,2,1,0,auto_approved,0.2244,2022
cbb8c0cb-7557-46ea-81bb-98db369ea9a8,U000098,2022-04-30 01:32:37,01:32:37,102028.36,online_payment,M00391,VND,success,mobile,D000794,9.238.172.4,bank_transfer,Da Nang,"21.885544,104.743811",56,F,2018-09-11,active,0.79,0,0,0,auto_approved,0.0125,2022
bf410462-5584-4c99-aa81-8552fa70295d,U000176,2022-05-17 08:00:03,08:00:03,560148.22,bill_payment,M00202,VND,success,pos,D001092,194.217.232.113,mobile_wallet,Da Nang,"19.767274,107.613572",38,M,2015-05-23,active,0.67,0,0,0,auto_approved,0.0547,2022
72a401f4-bdd2-4913-b458-d1814f1e4226,U001002,2022-05-01 05:16:53,05:16:53,358595.44,online_payment,M00279,USD,success,atm,D001360,181.234.252.255,bank_transfer,Singapore,"15.820661,102.506688",62,F,2019-10-12,active,0.65,0,0,0,auto_approved,0.1103,2022
3538a395-4f14-43be-bb64-f910c9760f3c,U001858,2022-08-14 16:51:22,16:51:22,322582.97,bill_payment,M00346,VND,success,pos,D001804,121.70.8.187,credit_card,Ho Chi Minh City,"8.153626,103.810652",24,M,2014-06-12,active,0.96,0,0,0,auto_approved,0.3216,2022
a2b6b6e2-8a6f-4bc2-813c-12c88e4e2599,U000492,2022-05-08 15:06:31,15:06:31,184941.68,bill_payment,M00236,USD,success,mobile,D002427,136.72.156.46,credit_card,Kuala Lumpur,"17.539783,108.643214",56,M,2016-07-14,active,0.52,0,0,0,auto_approved,0.222,2022
e9e61d2e-a07a-4727-8aa1-1e49a17fde11,U000813,2022-04-29 15:00:18,15:00:18,535527.34,cash_withdrawal,M00444,USD,success,atm,D001453,214.61.19.203,debit_card,Kuala Lumpur,"13.647639,103.361145",53,M,2022-01-11,active,0.52,0,0,0,auto_approved,0.4077,2022
3d6248b0-02b5-4998-a8fe-48f93171c93c,U001918,2022-07-06 22:13:18,22:13:18,586020.14,cash_withdrawal,M00112,USD,failed,desktop,D001185,216.128.204.32,bank_transfer,Ho Chi Minh City,"13.834173,105.601239",30,M,2021-09-05,active,0.84,1,0,0,auto_approved,0.5578,2022
6c8c5eea-aeca-479a-93f3-7e9ec747bd0b,U000497,2022-05-18 22:55:22,22:55:22,393888.29,cash_withdrawal,M00432,USD,success,mobile,D001298,122.90.104.7,mobile_wallet,Da Nang,"16.809417,102.411053",20,M,2020-12-09,under_review,0.88,0,0,0,auto_approved,0.0601,2022
883663ae-04a9-4e14-bc1a-969f82d82cb1,U000863,2022-12-22 08:22:12,08:22:12,3742254.0,transfer,M00443,VND,success,desktop,D000640,179.171.245.45,bank_transfer,Bangkok,"15.265074,108.507055",35,F,2019-09-22,active,0.71,0,1,0,auto_approved,0.3343,2022
12c9abfa-60ea-4024-8ee8-ac5347a9cfc0,U001570,2022-02-19 16:12:04,16:12:04,546199.46,cash_withdrawal,M00490,VND,success,desktop,D002623,44.138.176.255,credit_card,Bangkok,"8.919813,102.548303",27,M,2016-08-22,active,0.75,0,0,0,auto_approved,0.2925,2022
a469e505-71c6-429d-99ec-6e7bb14baee4,U001276,2022-04-11 07:04:27,07:04:27,108773.36,bill_payment,M00262,VND,success,desktop,D001254,113.119.12.137,mobile_wallet,Kuala Lumpur,"19.696057,103.871166",30,M,2021-07-08,active,0.48,0,0,0,auto_approved,0.4244,2022
8d34e0ad-8581-4953-8bd9-d9bf26bf78d3,U000797,2022-05-06 16:35:08,16:35:08,716541.98,transfer,M00421,VND,failed,atm,D002701,78.33.16.245,bank_transfer,Bangkok,"17.63984,106.465252",60,F,2014-08-29,active,0.85,1,0,0,auto_approved,0.1129,2022
d31b9de3-d0ef-42c0-b4ef-2bc3f0b86f62,U001042,2022-09-15 12:23:29,12:23:29,633374.6,cash_withdrawal,M00479,VND,success,desktop,D001379,31.102.19.28,mobile_wallet,Ho Chi Minh City,"19.728852,103.024345",44,M,2017-11-28,active,0.55,0,0,0,auto_approved,0.0481,2022
0fef6433-81e8-44ec-a6d8-29265bdd88dd,U000918,2022-10-22 19:06:48,19:06:48,485754.17,bill_payment,M00060,VND,failed,mobile,D000457,226.240.224.101,bank_transfer,Bangkok,"8.223385,106.425953",51,M,2020-07-23,active,0.66,0,0,0,auto_approved,0.0283,2022
2426649a-c194-4671-83e0-ebfc8334dbd9,U001018,2022-03-24 10:19:35,10:19:35,68713.62,bill_payment,M00467,USD,success,desktop,D001984,211.221.23.197,mobile_wallet,Ho Chi Minh City,"18.898284,102.832476",61,M,2018-06-24,active,0.93,0,0,0,auto_approved,0.056,2022
63352376-04be-4029-af50-c9af9a869561,U001015,2022-10-19 01:25:05,01:25:05,1316095.15,purchase,M00273,VND,failed,desktop,D002513,156.172.79.158,bank_transfer,Kuala Lumpur,"8.421575,107.798",53,M,2019-08-13,active,0.93,0,0,0,auto_approved,0.3249,2022
320c0098-0311-45da-a4c3-d5e5da1325fd,U000845,2022-11-11 08:24:46,08:24:46,154582.49,purchase,M00353,VND,success,atm,D002486,243.141.108.217,bank_transfer,Singapore,"19.238478,106.474495",42,M,2020-08-22,active,0.77,0,0,0,auto_approved,0.1084,2022
fe468d18-53eb-48e8-8318-1640b15c078e,U001929,2022-10-28 21:11:05,21:11:05,146541.09,cash_withdrawal,M00373,VND,success,pos,D002060,70.141.112.168,bank_transfer,Bangkok,"18.490654,106.730256",55,M,2020-11-22,active,0.91,0,0,0,auto_approved,0.1952,2022
dce446df-f265-46cf-af81-2f373b809511,U000587,2022-08-21 06:27:37,06:27:37,1263058.57,online_payment,M00466,USD,success,pos,D002711,247.131.46.82,mobile_wallet,Kuala Lumpur,"17.575284,107.215897",50,F,2016-02-21,active,0.97,0,0,0,auto_approved,0.3982,2022
28391b0a-b00c-447d-91cf-66d1434a8901,U001820,2022-09-05 13:08:02,13:08:02,260310.47,bill_payment,M00401,USD,pending,desktop,D000869,215.192.74.159,debit_card,Kuala Lumpur,"12.891762,103.222874",66,F,2019-03-16,active,0.86,0,0,0,auto_approved,0.3053,2022
2f3271a9-06cf-487d-abc4-6ce460dba595,U000694,2022-05-16 07:38:26,07:38:26,226287.13,bill_payment,M00303,VND,success,atm,D002687,148.179.243.26,bank_transfer,Singapore,"9.584629,107.478171",50,F,2015-01-31,active,0.96,0,0,0,auto_approved,0.1131,2022
8cdf97ad-8796-44e1-b6e3-eb77c73fe617,U000816,2022-11-14 23:49:47,23:49:47,548961.66,bill_payment,M00058,USD,success,mobile,D001960,19.161.85.68,mobile_wallet,Hanoi,"12.096408,102.77517",69,F,2019-10-23,active,0.79,0,1,0,auto_approved,0.6226,2022
59b80167-b589-4531-9d7d-8f92abd22b14,U001132,2022-01-30 12:36:17,12:36:17,319502.14,online_payment,M00033,VND,success,mobile,D001949,26.64.170.187,mobile_wallet,Kuala Lumpur,"11.912105,107.502122",30,F,2021-02-12,active,0.77,0,0,0,auto_approved,0.3816,2022
74cf846d-db7e-490f-9cf5-1c570cffa148,U000333,2022-06-07 18:40:59,18:40:59,124958.23,transfer,M00295,USD,success,mobile,D000038,183.200.225.156,credit_card,Da Nang,"18.849368,106.887271",51,M,2014-11-22,blocked,0.73,0,0,0,auto_approved,0.0234,2022
daa45a26-3c21-4db6-8703-d4a3c151b456,U001537,2022-01-04 13:29:08,13:29:08,435682.68,transfer,M00494,VND,success,mobile,D002332,204.152.56.188,debit_card,Ho Chi Minh City,"11.624701,105.877107",49,F,2018-09-26,active,0.52,0,0,0,auto_approved,0.1808,2022
52e2b94f-b456-49b9-afef-62d53d82f501,U000700,2022-10-11 09:16:55,09:16:55,1245705.67,transfer,M00236,USD,success,atm,D002261,23.193.146.253,debit_card,Ho Chi Minh City,"9.660837,106.895757",26,F,2021-08-25,active,0.53,0,0,0,auto_approved,0.0114,2022
d08fe661-b3c2-46c5-b8a8-336547d28c68,U001488,2022-04-28 02:04:05,02:04:05,233891.14,bill_payment,M00426,USD,success,pos,D002185,221.222.196.139,debit_card,Singapore,"21.372891,104.698133",48,F,2016-05-09,active,0.59,0,0,0,auto_approved,0.3071,2022
21bb4e0d-5449-4623-8112-49099d2e8cfb,U001239,2022-06-19 19:50:55,19:50:55,526870.75,purchase,M00435,VND,success,mobile,D001182,48.69.153.20,bank_transfer,Bangkok,"21.795244,103.667627",47,M,2017-08-27,active,0.92,0,0,0,auto_approved,0.0861,2022
0ba355c6-3941-4e31-bff8-031328f540fe,U000355,2022-01-24 05:01:18,05:01:18,306989.08,transfer,M00140,VND,success,desktop,D000635,123.56.200.127,credit_card,Kuala Lumpur,"11.206354,102.103499",30,M,2015-12-02,active,0.61,0,0,0,auto_approved,0.3061,2022
0dcb5343-315a-493e-965c-2c000181867b,U001540,2022-09-04 07:34:37,07:34:37,32755.82,bill_payment,M00321,USD,success,mobile,D000747,38.24.204.244,mobile_wallet,Singapore,"21.77472,105.678725",58,M,2017-11-07,active,0.76,0,0,0,auto_approved,0.1381,2022
dbff9431-4450-4ace-9ea5-09b7a4979d5c,U001593,2022-03-22 03:55:56,03:55:56,1490801.28,transfer,M00257,VND,success,atm,D000819,184.8.19.99,bank_transfer,Bangkok,"19.314959,103.69643",31,M,2015-07-31,active,0.46,0,0,0,auto_approved,0.2466,2022
ab237000-aa7b-4440-b5f0-424723d785b7,U001762,2022-01-01 11:59:50,11:59:50,669512.73,transfer,M00235,VND,success,pos,D000196,74.105.119.154,debit_card,Hanoi,"16.735338,103.521122",26,F,2017-11-27,active,0.76,0,0,0,auto_approved,0.3794,2022
9d8c8d12-4a5a-43da-9455-2c3331d00039,U001545,2022-07-05 07:28:37,07:28:37,585503.64,bill_payment,M00374,VND,success,desktop,D000344,128.113.81.231,debit_card,Singapore,"21.996967,103.856441",50,M,2018-02-10,under_review,0.56,0,0,0,auto_approved,0.0472,2022
41c189c1-1d17-4a6a-b719-52b3914f8bb9,U001036,2022-02-25 12:17:13,12:17:13,736226.57,bill_payment,M00056,VND,success,mobile,D001022,39.77.63.139,mobile_wallet,Ho Chi Minh City,"11.390612,103.08208",39,F,2021-02-11,active,1.0,1,0,0,auto_approved,0.4844,2022
3427507c-7913-4368-a0d3-bc20ebe9cdb2,U001104,2022-06-06 14:29:48,14:29:48,467993.01,cash_withdrawal,M00236,VND,success,desktop,D002686,132.244.42.51,bank_transfer,Hanoi,"10.997985,104.874343",18,F,2022-02-12,active,0.64,0,0,0,auto_approved,0.2768,2022
de55c69e-06ee-45b9-9e5b-bb2f4770cb4d,U001979,2022-10-03 06:03:16,06:03:16,26054.63,bill_payment,M00378,USD,success,pos,D001234,237.219.196.167,credit_card,Ho Chi Minh City,"20.121262,107.300262",39,F,2020-11-30,active,0.86,0,0,0,auto_approved,0.0108,2022
ed487637-2dc3-4b55-8ab8-46cb45318b03,U001643,2022-05-19 11:21:35,11:21:35,1850810.82,online_payment,M00463,VND,failed,mobile,D001330,69.110.193.213,credit_card,Kuala Lumpur,"17.590502,106.034516",30,F,2021-01-24,active,0.78,0,0,0,auto_approved,0.3427,2022
5e092266-5344-48bc-8e6f-70528128534f,U001404,2022-07-06 11:16:55,11:16:55,155409.55,transfer,M00139,VND,success,atm,D001458,65.223.210.165,mobile_wallet,Singapore,"12.425277,108.179186",48,F,2019-05-16,active,0.78,0,0,0,auto_approved,0.1354,2022
2af3ab50-17ba-42f4-ba4e-a5c1daae9dd2,U001386,2022-08-09 02:02:31,02:02:31,277576.04,cash_withdrawal,M00382,USD,success,pos,D001513,144.235.250.193,credit_card,Ho Chi Minh City,"11.015384,108.120471",45,F,2022-05-02,active,0.76,0,0,0,auto_approved,0.2631,2022
69a69535-0398-4730-ab54-8522b00e42e5,U000115,2022-12-01 06:40:45,06:40:45,42675.09,transfer,M00056,USD,success,pos,D002208,95.125.202.85,mobile_wallet,Ho Chi Minh City,"15.546544,102.710371",21,F,2022-08-29,active,0.73,0,0,0,auto_approved,0.0184,2022
6ef414cd-cc28-48c3-b4cb-aafb16876bfe,U001326,2022-05-19 05:12:07,05:12:07,1260791.55,online_payment,M00336,VND,success,pos,D002022,214.29.197.165,credit_card,Singapore,"12.998209,106.926016",44,M,2014-06-05,active,0.51,0,0,0,auto_approved,0.0918,2022
cb436e82-d386-4e8d-be65-6e4bdf044e67,U000034,2022-09-18 03:57:50,03:57:50,798294.25,online_payment,M00432,USD,success,mobile,D002487,9.239.242.132,mobile_wallet,Hanoi,"21.301321,106.163232",36,M,2014-07-03,active,0.68,0,0,0,auto_approved,0.1195,2022
75173dac-a2a7-4d7b-8556-f4da3806b0ca,U000107,2022-02-14 12:52:31,12:52:31,413277.7,bill_payment,M00120,USD,success,desktop,D002030,201.16.187.70,bank_transfer,Kuala Lumpur,"8.094049,102.017777",58,F,2021-01-22,active,0.73,0,0,0,auto_approved,0.4429,2022
58a61030-6c07-4e86-804e-c626057921c9,U000395,2022-03-14 21:02:50,21:02:50,212860.49,purchase,M00080,USD,success,desktop,D000899,14.75.203.89,bank_transfer,Singapore,"8.493658,106.448466",23,M,2021-09-11,active,0.59,0,0,0,auto_approved,0.2844,2022
06983cb0-daf0-471a-8b8d-92ed72435e35,U000627,2022-05-20 01:12:26,01:12:26,539476.08,transfer,M00493,USD,success,desktop,D002850,41.103.117.86,mobile_wallet,Hanoi,"18.403771,108.459717",54,F,2016-05-19,active,0.57,3,1,0,auto_approved,0.4149,2022
4cd49abc-81c7-48a6-a4c1-ccbd14b99225,U000203,2022-09-09 08:34:52,08:34:52,94064.75,cash_withdrawal,M00483,USD,success,pos,D002014,180.207.124.180,credit_card,Hanoi,"14.741235,105.299241",21,M,2019-01-11,active,0.86,0,0,0,auto_approved,0.0213,2022
66f7a7c5-ac24-4d3e-9809-4b1ec5d8b7e2,U001575,2022-04-19 09:05:23,09:05:23,2276228.3,purchase,M00120,VND,success,desktop,D002400,218.36.6.3,credit_card,Bangkok,"19.222051,104.894194",33,M,2019-05-17,active,0.53,0,0,0,auto_approved,0.2932,2022
bfc63349-fbbb-4dc5-b274-2c7aa2225934,U001187,2022-04-20 19:36:47,19:36:47,427021.21,transfer,M00392,VND,success,desktop,D001420,71.55.123.212,debit_card,Hanoi,"9.569999,108.316125",18,M,2016-07-06,active,0.65,0,0,0,auto_approved,0.1994,2022
6d5cba2b-1559-43ed-b59f-684e21a69050,U000968,2022-01-20 01:34:26,01:34:26,581570.11,transfer,M00025,USD,success,pos,D002487,80.239.130.71,credit_card,Singapore,"15.597054,104.084169",56,M,2019-02-23,active,0.75,0,0,0,auto_approved,0.2851,2022
9522937f-ca56-4681-9e4b-bf052fccf031,U000143,2022-10-13 04:45:28,04:45:28,104053.66,purchase,M00009,VND,success,pos,D002709,209.45.116.136,credit_card,Bangkok,"11.693478,105.475177",24,F,2022-03-19,active,0.51,2,1,1,pending_review,0.1349,2022
0a15933f-8ec8-4135-a8ba-53322fb01066,U000991,2022-04-06 20:40:39,20:40:39,298134.34,bill_payment,M00348,USD,success,atm,D001136,185.30.206.201,mobile_wallet,Bangkok,"16.25449,107.4544",25,M,2019-12-17,active,0.54,0,0,0,auto_approved,0.0831,2022
ccfb0d23-897f-4162-8d9a-7c5d3cedf996,U001146,2022-02-05 14:06:50,14:06:50,122475.22,transfer,M00309,USD,success,pos,D001136,253.37.79.173,mobile_wallet,Singapore,"12.900373,108.233736",54,M,2016-08-28,active,0.64,0,0,0,auto_approved,0.3129,2022
0dba8535-790f-4fe4-a5fc-d436c4ea230c,U000416,2022-03-02 11:18:35,11:18:35,6337.54,cash_withdrawal,M00315,VND,success,pos,D001688,91.106.233.124,mobile_wallet,Da Nang,"12.816379,106.972719",36,F,2016-05-19,active,0.54,0,0,0,auto_approved,0.1292,2022
88382842-0ffe-4893-8d76-3a4c0b9349e5,U001401,2022-01-01 22:13:37,22:13:37,887874.89,online_payment,M00286,USD,success,pos,D001455,159.77.250.197,mobile_wallet,Da Nang,"19.858123,107.353261",27,F,2016-07-01,active,0.52,0,0,0,auto_approved,0.4014,2022
8a5129e6-c623-4adc-bccb-0375a9c9ba4b,U001434,2022-01-31 14:25:16,14:25:16,722255.53,cash_withdrawal,M00297,VND,success,pos,D002098,29.48.112.139,bank_transfer,Singapore,"19.194446,104.310075",56,M,2020-11-12,active,0.85,0,0,0,auto_approved,0.1626,2022
98cef98a-6afe-491a-8476-f72b490dfc36,U001274,2022-04-14 05:35:26,05:35:26,61294.1,online_payment,M00444,VND,success,atm,D002031,72.203.179.47,mobile_wallet,Hanoi,"13.507902,104.357523",57,F,2015-06-08,active,0.81,0,0,0,auto_approved,0.182,2022
ad266c13-5628-45f2-bf65-d10287ef45e3,U001707,2022-06-11 21:03:06,21:03:06,229077.86,cash_withdrawal,M00494,VND,success,pos,D000911,97.222.218.143,mobile_wallet,Hanoi,"14.14169,108.525081",32,F,2014-12-13,active,0.86,0,0,0,auto_approved,0.1891,2022
5392912f-e131-475d-aadd-b01f5e567815,U001117,2022-07-18 23:57:03,23:57:03,8364.28,bill_payment,M00085,VND,success,pos,D000850,136.139.20.113,debit_card,Kuala Lumpur,"20.163211,102.001128",30,F,2021-12-23,active,0.87,0,0,0,auto_approved,0.2587,2022
83ad7fbc-0b1a-47bb-a0ae-4dfdee3b8887,U000237,2022-10-10 06:33:16,06:33:16,271216.42,transfer,M00223,VND,success,pos,D000378,132.185.61.65,credit_card,Singapore,"14.579837,103.172812",66,F,2020-03-06,blocked,0.77,0,0,0,auto_approved,0.3403,2022
304604fa-566d-4ee7-8d80-6d9ada5cd414,U001864,2022-04-28 15:14:44,15:14:44,544768.98,transfer,M00333,USD,success,pos,D000588,141.50.22.103,bank_transfer,Hanoi,"13.529056,103.371468",25,M,2017-03-13,active,0.85,0,0,0,auto_approved,0.0174,2022
18b76acb-c0b7-4357-ae58-d7b113eff81c,U000152,2022-04-19 06:05:38,06:05:38,187771.1,purchase,M00456,USD,success,mobile,D000324,10.53.39.65,bank_transfer,Bangkok,"13.962445,105.951777",48,F,2020-02-07,active,0.96,0,0,0,auto_approved,0.0116,2022
f223a2c5-a56c-4aeb-b10a-ae47e29b3f37,U000773,2022-11-17 20:25:10,20:25:10,347121.15,bill_payment,M00199,USD,success,atm,D001629,167.20.209.249,mobile_wallet,Hanoi,"8.311265,104.514901",32,M,2021-10-28,active,0.56,0,0,0,auto_approved,0.312,2022
3b4c8fbf-3f0b-47c9-b6fc-b68845ba4056,U001005,2022-06-18 16:26:41,16:26:41,463247.54,purchase,M00161,USD,success,atm,D001551,145.231.55.62,bank_transfer,Singapore,"13.005732,107.108417",37,F,2014-08-06,active,0.91,0,0,0,auto_approved,0.3791,2022
9292d7d7-6ee2-4e23-ba97-21e4cdbf9f3f,U001091,2022-02-13 13:29:49,13:29:49,1368388.03,purchase,M00349,USD,success,mobile,D000527,106.132.183.242,mobile_wallet,Ho Chi Minh City,"17.8338,106.930866",30,M,2017-06-03,active,0.69,0,0,0,auto_approved,0.1561,2022
7f4b958d-a009-41a6-b30b-91147120640e,U001967,2022-01-19 15:29:49,15:29:49,652841.58,transfer,M00304,VND,success,atm,D000005,90.119.33.45,mobile_wallet,Kuala Lumpur,"13.859941,106.679176",70,F,2014-06-20,active,0.94,0,0,0,auto_approved,0.2853,2022
0532ff06-bed7-4313-a6fd-8e352f551ce1,U001790,2022-02-25 17:34:06,17:34:06,472510.31,bill_payment,M00038,VND,success,atm,D001963,113.93.3.115,credit_card,Singapore,"13.234776,106.295845",27,M,2019-10-26,active,0.8,0,0,0,auto_approved,0.4138,2022
2b22e0d1-94ce-4537-ba51-a1648d08b1f6,U001049,2022-04-13 12:28:26,12:28:26,1726744.24,online_payment,M00306,USD,success,pos,D001743,131.250.173.121,bank_transfer,Kuala Lumpur,"15.595489,104.460676",24,M,2019-08-17,active,0.94,0,0,0,auto_approved,0.3427,2022
766e41b5-71a0-47ac-bd74-30646e1f8688,U001823,2022-06-12 02:43:28,02:43:28,2432257.27,bill_payment,M00034,USD,success,desktop,D001829,251.85.254.82,credit_card,Ho Chi Minh City,"10.987619,102.580255",67,M,2017-09-05,active,0.72,0,0,0,auto_approved,0.2217,2022
1b79ed4d-56f3-4d87-9280-704d9e7614d8,U001541,2022-12-26 03:24:40,03:24:40,261261.72,bill_payment,M00471,VND,success,pos,D001741,89.30.136.60,bank_transfer,Hanoi,"16.566573,104.88564",43,F,2016-02-11,active,0.94,0,1,0,auto_approved,0.2453,2022
d0b31833-6a58-4d6a-a557-bf94238f194e,U001132,2022-03-11 09:54:04,09:54:04,1057578.6,online_payment,M00149,USD,success,pos,D002295,228.96.127.145,mobile_wallet,Kuala Lumpur,"18.185169,103.019276",38,M,2020-06-30,active,0.74,0,0,0,auto_approved,0.3577,2022
c580078c-a4fd-49ef-b9b0-f799333eb32a,U000913,2022-06-28 23:32:35,23:32:35,1180755.56,cash_withdrawal,M00014,USD,success,pos,D000632,218.35.134.172,credit_card,Bangkok,"20.441547,107.727627",46,F,2019-01-16,active,0.49,0,1,0,auto_approved,0.5472,2022
4f6b92f3-f064-4a94-aba6-42398eaa6d3e,U001693,2022-12-26 01:03:13,01:03:13,531943.71,purchase,M00291,USD,failed,desktop,D002834,37.157.12.206,debit_card,Hanoi,"13.635205,107.212497",61,M,2020-08-12,active,0.95,0,0,0,auto_approved,0.3848,2022
82fa794f-2155-4b41-a106-d11a686e3b22,U000710,2022-03-01 04:35:25,04:35:25,2911034.61,bill_payment,M00165,VND,success,atm,D001214,163.243.74.90,bank_transfer,Singapore,"12.491959,106.250283",59,F,2021-04-11,active,0.77,1,0,0,auto_approved,0.5811,2022
6fe858a4-c820-462c-aed4-bb07811df011,U000575,2022-07-30 06:23:37,06:23:37,1698295.92,online_payment,M00027,VND,success,desktop,D001969,210.89.152.240,credit_card,Hanoi,"8.010166,106.072299",19,F,2015-12-27,active,0.95,1,0,0,auto_approved,0.3352,2022
5d7a52cb-377b-4abd-97a0-54057665926c,U001156,2022-04-19 09:05:15,09:05:15,1439923.45,purchase,M00374,VND,success,mobile,D002025,38.70.113.124,credit_card,Singapore,"16.933302,102.337109",61,M,2021-05-06,active,0.79,0,0,0,auto_approved,0.152,2022
911200df-5fbd-4e5c-9a77-b0706f1566f5,U001989,2022-01-15 07:13:16,07:13:16,226078.04,purchase,M00330,USD,success,mobile,D000830,237.193.189.210,mobile_wallet,Da Nang,"9.927872,102.965016",49,F,2018-11-11,active,0.51,0,0,0,auto_approved,0.1108,2022
2612999d-815c-4e49-b2d3-1c1466f5be94,U001961,2022-12-14 06:59:43,06:59:43,190906.53,bill_payment,M00439,USD,success,pos,D000172,117.211.102.120,mobile_wallet,Ho Chi Minh City,"19.754479,103.841333",33,F,2015-01-07,active,0.76,0,0,0,auto_approved,0.2891,2022
50af119e-3709-4c59-a1f1-03c62811616c,U001005,2022-08-27 23:14:42,23:14:42,24017.66,cash_withdrawal,M00447,VND,success,pos,D001132,144.219.41.241,debit_card,Ho Chi Minh City,"15.885122,105.721109",49,F,2014-11-04,active,0.55,0,0,0,auto_approved,0.016,2022
aabb489d-548f-4d84-9aa0-4aee245b765a,U001593,2022-05-18 12:13:04,12:13:04,1034178.39,online_payment,M00093,VND,success,desktop,D001281,61.97.202.171,mobile_wallet,Da Nang,"16.504681,104.620341",28,M,2018-11-06,active,0.47,0,0,0,auto_approved,0.1292,2022
989a91d3-117f-428b-80f3-248564017c9e,U000201,2022-07-05 18:55:54,18:55:54,231815.87,online_payment,M00079,VND,success,desktop,D001484,244.69.103.230,credit_card,Singapore,"17.155461,104.883517",67,M,2018-06-08,blocked,0.77,1,0,0,auto_approved,0.4171,2022
3472cc2d-1175-4072-b56b-031ae81e3a4b,U001852,2022-09-22 19:43:41,19:43:41,412950.26,transfer,M00311,VND,success,mobile,D000431,214.56.254.241,credit_card,Da Nang,"13.659056,105.463049",57,M,2017-08-28,active,0.84,0,0,0,auto_approved,0.0456,2022
a45c67de-4970-470e-8345-8084795600db,U001450,2022-06-07 21:15:09,21:15:09,302731.25,transfer,M00221,USD,success,pos,D001615,252.189.54.176,debit_card,Ho Chi Minh City,"14.394881,108.571641",24,F,2015-07-25,active,0.79,0,0,0,auto_approved,0.2203,2022
a45dd01d-e847-43e7-a3cd-801b458c97a3,U000353,2022-01-07 18:06:24,18:06:24,119671.67,bill_payment,M00477,VND,success,pos,D002692,216.169.230.75,bank_transfer,Ho Chi Minh City,"13.332796,103.181273",34,F,2016-08-22,active,0.72,0,0,0,auto_approved,0.1528,2022
b75022b2-7709-4606-95a4-0821c707aff2,U000253,2022-10-26 15:10:37,15:10:37,248019.86,transfer,M00390,USD,failed,desktop,D001183,48.79.46.201,mobile_wallet,Bangkok,"18.40063,107.369766",35,M,2018-11-20,active,0.49,0,0,0,auto_approved,0.3837,2022
b92c562d-651d-4cef-b2f8-deb2c2f8e312,U001226,2022-07-27 11:44:31,11:44:31,697267.53,bill_payment,M00297,USD,success,mobile,D000865,89.245.64.98,bank_transfer,Kuala Lumpur,"17.837849,102.775427",36,F,2019-02-07,active,0.68,0,0,0,auto_approved,0.218,2022
5edbe73d-6b63-46e7-8c63-efbedccf058f,U001893,2022-04-15 04:40:25,04:40:25,85762.46,cash_withdrawal,M00120,VND,success,mobile,D000729,60.68.142.179,debit_card,Singapore,"21.317024,106.211421",64,M,2021-08-26,active,0.96,0,0,0,auto_approved,0.0727,2022
92c4bc7d-d4f3-43a8-a937-f5bec4800d21,U000573,2022-01-24 09:12:22,09:12:22,571479.0,cash_withdrawal,M00421,USD,success,mobile,D000666,74.80.242.223,credit_card,Bangkok,"13.254757,102.318061",55,M,2016-06-06,active,0.8,0,0,0,auto_approved,0.3232,2022
ff72921e-eeef-493c-af31-70be093cad75,U001281,2022-04-09 02:24:03,02:24:03,31134.02,cash_withdrawal,M00388,VND,success,desktop,D001635,82.21.125.74,credit_card,Kuala Lumpur,"18.9627,106.48118",23,F,2015-08-05,active,0.81,1,1,1,pending_review,0.5131,2022
a4fe1b1c-66e9-4177-a74d-1233adf0dd37,U000206,2022-01-11 19:57:09,19:57:09,122763.19,transfer,M00264,USD,success,desktop,D002285,147.109.137.219,bank_transfer,Bangkok,"16.770497,106.59098",39,M,2016-07-26,active,0.82,0,1,0,auto_approved,0.4751,2022
04bea8d8-af62-4251-ba3c-b2c180733fcc,U000522,2022-04-19 06:42:14,06:42:14,302279.58,transfer,M00128,VND,success,atm,D000239,248.193.73.228,mobile_wallet,Hanoi,"9.477905,104.172592",35,M,2017-06-12,active,0.56,1,0,0,auto_approved,0.1586,2022
c24682c6-9549-4ea4-af0e-536e84d1d8d9,U001451,2022-10-16 20:22:58,20:22:58,994082.74,purchase,M00266,USD,success,pos,D002687,205.104.16.174,mobile_wallet,Ho Chi Minh City,"16.188861,103.632656",55,M,2018-08-15,active,0.76,3,1,1,pending_review,0.2694,2022
91341e13-dae7-489b-9c7e-eef5187228e3,U000125,2022-11-16 03:07:23,03:07:23,608437.41,online_payment,M00052,VND,success,mobile,D002268,70.10.239.225,debit_card,Da Nang,"11.626049,103.189464",33,M,2018-02-21,active,0.73,0,0,0,auto_approved,0.4186,2022
76f5c8fd-0374-4f30-b2e5-9de61f87e866,U000655,2022-12-21 18:10:34,18:10:34,866411.75,transfer,M00241,VND,success,pos,D001167,96.98.84.136,bank_transfer,Ho Chi Minh City,"17.954709,106.089221",65,M,2020-09-27,active,0.99,0,0,0,auto_approved,0.2388,2022
0a94fd4f-0e72-496e-841f-452a2bfe89dd,U000354,2022-12-05 19:27:02,19:27:02,2364995.89,cash_withdrawal,M00331,VND,success,desktop,D001315,72.212.79.2,debit_card,Kuala Lumpur,"9.848267,102.117023",23,M,2014-10-01,active,0.67,0,0,0,auto_approved,0.289,2022
92c7ae47-efa5-4fb5-aebb-878841e9923d,U001706,2022-03-03 21:39:40,21:39:40,1456329.12,online_payment,M00381,VND,success,atm,D002512,246.148.36.102,bank_transfer,Hanoi,"20.854042,103.216729",36,F,2017-11-07,active,0.81,0,0,0,auto_approved,0.2333,2022
d1e53b69-7a0a-4ff4-a012-36f28fec65da,U001883,2022-10-09 01:32:27,01:32:27,1428512.85,cash_withdrawal,M00134,USD,success,mobile,D001083,140.11.70.129,debit_card,Da Nang,"9.581553,102.355232",69,F,2021-12-27,active,0.67,0,0,0,auto_approved,0.1,2022
8089d3bd-85ff-4fe0-a7d8-fd8f6737ab0f,U000132,2022-03-19 01:07:11,01:07:11,322901.92,online_payment,M00171,USD,success,mobile,D002829,192.54.71.79,bank_transfer,Hanoi,"21.857094,105.959584",64,M,2014-04-15,active,0.88,0,0,0,auto_approved,0.122,2022
1a362215-3c7a-44db-b910-94589bc27efe,U001974,2022-03-26 10:21:07,10:21:07,165865.63,transfer,M00138,USD,pending,pos,D002514,205.166.158.184,bank_transfer,Da Nang,"17.699966,107.943627",66,M,2022-02-10,active,0.82,1,0,0,auto_approved,0.2971,2022
327a4c5f-b4b7-4d01-a4c5-8ac2177795dc,U001346,2022-12-29 19:06:54,19:06:54,280017.01,transfer,M00498,VND,success,mobile,D002541,90.151.18.39,mobile_wallet,Kuala Lumpur,"21.189665,103.525016",20,F,2020-10-03,blocked,0.87,1,0,0,auto_approved,0.1181,2022
3cd6a648-2da9-43bc-8090-6b3b5d1ac9ad,U000972,2022-09-09 19:20:22,19:20:22,1089342.94,online_payment,M00007,VND,success,mobile,D001805,237.168.25.93,credit_card,Bangkok,"13.440051,108.289072",37,F,2018-06-08,active,0.61,0,0,0,auto_approved,0.2318,2022
85156e9f-f849-49e5-bbe7-c1d953ebbe1a,U001196,2022-01-20 08:43:54,08:43:54,89155.29,purchase,M00349,USD,success,pos,D002144,234.231.63.202,bank_transfer,Singapore,"13.221237,108.584458",18,F,2018-09-20,active,0.89,0,0,0,auto_approved,0.0529,2022
3dc7f6ad-3312-476b-8d7b-467a2c996a86,U001833,2022-10-20 12:05:04,12:05:04,998051.7,transfer,M00146,USD,success,atm,D000707,201.13.128.38,debit_card,Hanoi,"12.149069,107.256315",25,F,2018-05-24,active,0.8,0,0,0,auto_approved,0.0155,2022
7f2dab12-3a89-4249-990e-571b2da88af5,U001573,2022-03-16 23:04:04,23:04:04,203968.53,cash_withdrawal,M00264,VND,success,mobile,D002976,194.65.203.50,bank_transfer,Bangkok,"11.976766,104.113048",27,M,2018-02-10,active,0.88,0,1,0,auto_approved,0.5151,2022
ac13af83-58eb-4272-8e91-ab995775376a,U001025,2022-10-30 21:16:31,21:16:31,788663.33,bill_payment,M00226,USD,success,desktop,D000274,202.66.42.238,bank_transfer,Da Nang,"19.819074,102.643256",46,M,2014-12-19,active,0.95,0,0,0,auto_approved,0.2365,2022
e4d095fe-20cd-4a80-8bba-1fa6436e0f2e,U000877,2022-08-16 05:01:19,05:01:19,946713.89,online_payment,M00406,USD,success,atm,D000408,101.79.126.79,debit_card,Singapore,"18.509474,108.299435",57,M,2017-08-27,active,0.71,1,0,0,auto_approved,0.414,2022
3c8e338d-bcf0-4703-bae8-fa5ec82d2c72,U001017,2022-08-14 02:30:22,02:30:22,846292.64,cash_withdrawal,M00397,VND,success,desktop,D002832,117.131.214.89,credit_card,Ho Chi Minh City,"19.30646,108.650974",69,F,2015-05-29,active,0.49,0,0,0,auto_approved,0.1819,2022
6c9ebfa9-efb8-4db5-9a6f-7aa8bebee5ec,U001104,2022-05-12 19:41:17,19:41:17,583233.31,bill_payment,M00023,USD,success,mobile,D000615,65.154.223.248,mobile_wallet,Bangkok,"16.030745,104.032157",52,M,2021-12-20,active,0.47,0,0,0,auto_approved,0.1081,2022
2b02ad1b-798d-43d5-a958-0920a2b2c7ca,U000860,2022-11-07 07:09:28,07:09:28,287977.74,transfer,M00491,USD,success,atm,D000843,225.0.241.33,bank_transfer,Kuala Lumpur,"19.449129,102.204369",67,F,2018-08-14,active,0.51,1,0,0,auto_approved,0.2219,2022
76f6589e-614e-4c20-a436-7d8e470b3242,U001670,2022-12-31 08:07:20,08:07:20,376359.1,purchase,M00339,VND,success,pos,D001562,57.78.50.148,debit_card,Ho Chi Minh City,"12.034232,108.605943",48,F,2020-07-26,active,0.6,0,0,0,auto_approved,0.2976,2022
1bee1052-e3fe-4a5e-a601-7a6311da7970,U000378,2022-12-08 14:05:06,14:05:06,172112.56,online_payment,M00181,USD,success,desktop,D000912,101.156.94.246,debit_card,Hanoi,"19.394966,104.97768",33,F,2018-08-21,active,0.67,0,0,0,auto_approved,0.2802,2022
bbe06b52-eb09-47a3-a578-c4c6777ea235,U000655,2022-03-19 09:43:48,09:43:48,534347.88,bill_payment,M00403,USD,success,mobile,D002742,93.117.82.47,credit_card,Da Nang,"17.566825,107.018537",27,F,2014-03-23,active,0.98,0,0,0,auto_approved,0.1243,2022
e18f98d6-c08d-482b-9401-b08910c00436,U001551,2022-09-27 02:41:06,02:41:06,173242.04,online_payment,M00109,USD,success,mobile,D002619,123.178.203.90,credit_card,Bangkok,"13.23192,108.981793",43,F,2017-09-21,active,0.59,0,0,0,auto_approved,0.0722,2022
704fdb20-7c26-423d-93c1-7f8119d30ae0,U001203,2022-08-17 10:32:11,10:32:11,506519.68,cash_withdrawal,M00070,USD,success,atm,D001894,141.73.41.124,mobile_wallet,Singapore,"8.085225,105.679504",46,M,2016-11-01,active,0.48,0,0,0,auto_approved,0.0686,2022
1844bac6-0484-4162-852a-9cd6fc97199f,U000498,2022-03-03 19:40:40,19:40:40,267567.46,purchase,M00257,VND,success,mobile,D001799,162.103.44.224,mobile_wallet,Hanoi,"11.9839,105.828861",19,F,2014-06-15,active,0.63,0,0,0,auto_approved,0.3671,2022
f8e3067d-c34d-4fde-abd5-fe6771801438,U000581,2022-12-20 19:19:27,19:19:27,824438.23,bill_payment,M00109,VND,success,atm,D002193,106.0.189.253,bank_transfer,Ho Chi Minh City,"18.902761,102.542446",37,M,2016-08-02,active,0.58,0,0,0,auto_approved,0.0973,2022
ef672db1-3744-4126-ac17-d27e49ebc5cd,U000763,2022-04-14 22:57:02,22:57:02,49274.5,online_payment,M00162,USD,success,pos,D001305,221.192.120.53,mobile_wallet,Hanoi,"13.452459,108.440212",64,F,2017-02-02,active,0.59,0,0,0,auto_approved,0.366,2022
e68ac0f3-6280-4248-9c0e-e0f9aab10285,U001239,2022-02-22 13:50:04,13:50:04,514967.55,transfer,M00312,USD,success,pos,D001217,148.241.49.161,credit_card,Da Nang,"18.875734,106.93178",20,F,2021-05-05,active,0.53,0,0,0,auto_approved,0.3396,2022
37967f01-4be0-4818-96bc-cac15956c1e7,U001751,2022-03-25 15:22:02,15:22:02,2960338.78,cash_withdrawal,M00413,USD,success,mobile,D002578,238.173.245.172,debit_card,Ho Chi Minh City,"11.302601,103.096604",67,F,2019-01-13,active,0.65,0,0,0,auto_approved,0.2151,2022
a6f28b6a-b487-433f-add1-4040546f93df,U000288,2022-05-19 19:07:55,19:07:55,303546.75,purchase,M00217,VND,success,mobile,D000349,23.50.52.221,bank_transfer,Kuala Lumpur,"12.047154,106.111719",19,M,2015-08-11,active,0.72,0,0,0,auto_approved,0.2369,2022
9286a152-9c36-423b-bc2e-1ff63f6a5bdf,U000176,2022-11-15 01:06:54,01:06:54,320957.55,online_payment,M00106,USD,success,desktop,D001235,182.93.130.242,mobile_wallet,Bangkok,"11.73744,102.18095",66,M,2015-12-18,active,0.63,2,1,0,auto_approved,0.4021,2022
9c321123-4058-4611-bab9-035725308ccc,U001527,2022-06-06 16:14:38,16:14:38,2180777.51,bill_payment,M00345,VND,pending,pos,D001417,222.132.255.237,bank_transfer,Singapore,"20.120967,104.544723",53,F,2015-12-04,active,0.79,0,0,0,auto_approved,0.0809,2022
c71ceb23-af03-4329-9b52-68469e8ff602,U001418,2022-05-13 10:16:51,10:16:51,408929.17,purchase,M00482,VND,success,pos,D001709,246.31.92.159,bank_transfer,Singapore,"21.906071,104.930864",38,M,2015-12-25,active,0.78,0,0,0,auto_approved,0.321,2022
0ed3246e-834d-4d04-9553-6054f632ff22,U000174,2022-01-04 19:07:56,19:07:56,168774.94,purchase,M00459,USD,failed,pos,D001359,55.186.233.137,bank_transfer,Singapore,"17.789399,107.078897",53,M,2020-10-16,active,0.96,0,1,0,auto_approved,0.2614,2022
416b4a3b-1e0e-4660-95b4-467229d51d72,U001211,2022-04-27 22:20:48,22:20:48,1053506.8,online_payment,M00337,VND,success,mobile,D002949,217.49.38.165,debit_card,Da Nang,"19.054501,103.849208",19,F,2014-03-20,blocked,0.73,0,0,0,auto_approved,0.2447,2022
c9387d63-1b5d-4dda-837e-45efbcabae81,U000240,2022-01-17 22:25:59,22:25:59,565962.05,bill_payment,M00476,VND,success,atm,D001783,77.44.125.144,bank_transfer,Singapore,"9.105701,103.9192",31,F,2017-04-02,active,0.84,0,0,0,auto_approved,0.026,2022
fc838d96-902b-429e-98be-bdd062a730c9,U000990,2022-09-15 07:05:27,07:05:27,574313.71,purchase,M00169,USD,success,mobile,D000349,99.119.204.102,debit_card,Ho Chi Minh City,"9.499603,102.340283",65,M,2020-10-22,active,0.82,0,0,0,auto_approved,0.0931,2022
b7f2fd7e-9261-48a1-b215-e13b01e9e94b,U000835,2022-02-02 05:57:41,05:57:41,315164.18,transfer,M00404,USD,pending,mobile,D002963,23.118.18.67,bank_transfer,Singapore,"8.48298,105.181186",25,F,2020-09-09,active,0.7,1,0,0,auto_approved,0.304,2022
f485b050-2741-4d27-9238-7dec9ac7fff2,U000505,2022-03-19 10:09:36,10:09:36,1628688.19,cash_withdrawal,M00023,VND,success,mobile,D000383,97.92.217.222,debit_card,Hanoi,"17.304201,107.981518",39,M,2015-03-23,active,0.98,2,1,1,pending_review,0.3356,2022
e894152e-f709-4979-9cac-f7871c769105,U001627,2022-11-26 22:25:21,22:25:21,23867.68,transfer,M00397,VND,success,atm,D002358,128.170.230.55,mobile_wallet,Hanoi,"9.205757,107.172436",57,M,2022-08-11,active,0.82,0,0,0,auto_approved,0.0538,2022
eea3c8f2-7897-498d-a932-c38919f9ada2,U000717,2022-11-19 23:12:06,23:12:06,127051.23,purchase,M00173,VND,success,atm,D002676,228.141.186.206,bank_transfer,Hanoi,"14.985411,108.611056",28,M,2020-03-19,active,0.74,0,0,0,auto_approved,0.3545,2022
ccbdf744-1c31-4eff-9a39-c9f52b0e9e47,U001206,2022-08-27 08:13:47,08:13:47,787311.24,cash_withdrawal,M00134,USD,success,atm,D000272,98.236.150.75,credit_card,Hanoi,"13.783246,105.716467",21,M,2019-10-27,active,0.68,0,0,0,auto_approved,0.4321,2022
d44ce071-cbe1-4b02-9453-a8e7747e6f9f,U000247,2022-06-21 22:25:29,22:25:29,61829.49,online_payment,M00269,USD,success,desktop,D002734,120.14.63.10,credit_card,Hanoi,"19.056884,102.673597",38,M,2017-09-05,active,0.53,0,0,0,auto_approved,0.195,2022
df6a3a6b-ba1b-4b04-bead-a79a5484911c,U001621,2022-10-26 02:22:50,02:22:50,41562.59,online_payment,M00041,VND,success,mobile,D001917,69.238.93.219,credit_card,Da Nang,"13.952292,105.227047",19,M,2021-01-10,active,0.77,0,0,0,auto_approved,0.1646,2022
a0615730-a039-4374-a82b-2d9c87d9697e,U001838,2022-03-11 12:56:51,12:56:51,150120.21,cash_withdrawal,M00472,VND,success,atm,D000395,85.214.106.120,bank_transfer,Bangkok,"9.650729,104.944924",20,M,2017-02-01,active,0.48,0,0,0,auto_approved,0.0264,2022
07038818-9cbf-404f-aca0-8178ad7ad711,U001525,2022-03-15 05:24:02,05:24:02,483035.17,transfer,M00346,USD,failed,mobile,D002102,151.236.114.251,debit_card,Bangkok,"20.445038,107.032372",47,F,2016-04-15,active,0.86,0,0,0,auto_approved,0.2562,2022
8817e392-d440-40f0-8fdc-0e92a3540cfe,U000731,2022-12-16 09:44:26,09:44:26,1035508.48,online_payment,M00055,VND,success,mobile,D000897,132.236.142.185,debit_card,Singapore,"14.574987,107.207006",52,M,2019-04-27,active,0.57,3,1,0,auto_approved,0.1965,2022
75f9ac66-ae85-4d45-b47e-99c4808cd51a,U001410,2022-01-06 17:16:03,17:16:03,1108163.38,purchase,M00245,VND,success,atm,D001361,136.37.174.245,bank_transfer,Singapore,"10.714404,107.167105",25,F,2017-10-14,active,0.8,0,0,0,auto_approved,0.0783,2022
34f0c9ed-58b0-44a0-b266-a2f2abc7cb78,U000445,2022-10-01 10:39:36,10:39:36,318310.55,online_payment,M00111,VND,success,pos,D000286,36.193.10.221,credit_card,Singapore,"10.271838,103.816599",50,M,2016-02-23,active,0.8,1,0,0,auto_approved,0.1334,2022
b94a9487-7429-4436-9891-98f56bf66fcf,U000070,2022-08-23 00:43:25,00:43:25,2323309.79,bill_payment,M00168,VND,success,desktop,D001248,136.57.93.140,bank_transfer,Singapore,"8.881921,108.739319",42,F,2015-10-02,active,0.84,0,0,0,auto_approved,0.1126,2022
6aa6fef9-9fea-4c19-a473-d40c4c9776e6,U001400,2022-03-13 19:53:21,19:53:21,16789.84,online_payment,M00377,VND,success,desktop,D002125,144.210.184.202,bank_transfer,Kuala Lumpur,"11.751699,105.928137",49,F,2014-10-29,active,0.52,0,0,0,auto_approved,0.2802,2022
7b7ecf0b-5f7b-4de8-874f-9c965b221027,U000199,2022-08-23 02:17:51,02:17:51,21938.11,bill_payment,M00118,USD,success,desktop,D001231,120.184.24.160,mobile_wallet,Da Nang,"9.264114,106.969161",22,F,2014-08-20,active,0.98,0,0,0,auto_approved,0.0531,2022
eb298f7c-b88a-4410-b60b-6721aa014703,U001084,2022-07-30 09:57:00,09:57:00,149000.22,online_payment,M00415,USD,success,atm,D002137,6.156.161.95,bank_transfer,Bangkok,"10.248976,103.864501",52,F,2018-07-23,active,0.68,0,0,0,auto_approved,0.4231,2022
691ca027-e5c5-408f-8a26-4973a675b571,U001808,2022-05-28 20:07:26,20:07:26,914513.66,purchase,M00405,USD,success,atm,D000081,17.188.34.120,credit_card,Bangkok,"8.656707,105.874287",47,M,2020-03-14,active,0.59,0,0,0,auto_approved,0.055,2022
cd51252c-5145-4ac0-9af2-44a01a85f616,U000535,2022-07-14 20:07:16,20:07:16,219432.5,purchase,M00290,USD,success,pos,D001265,109.158.15.42,debit_card,Kuala Lumpur,"20.090998,102.656498",23,F,2021-06-03,active,0.48,0,0,0,auto_approved,0.3387,2022
40060b6e-4ae5-4577-9cd0-ab5ff8265396,U001313,2022-09-13 15:05:51,15:05:51,88230.22,purchase,M00255,USD,success,mobile,D001791,7.13.87.7,debit_card,Kuala Lumpur,"15.182772,106.481395",60,F,2021-01-13,active,0.74,0,0,0,auto_approved,0.3847,2022
b3a0eb5d-7bfe-4a21-96b6-22b9159f9643,U000831,2022-08-10 12:45:03,12:45:03,411553.17,transfer,M00375,USD,success,mobile,D000290,135.72.35.214,credit_card,Singapore,"18.988919,102.881372",67,F,2018-02-15,active,0.84,0,0,0,auto_approved,0.2678,2022
383a118b-6660-4f0b-be50-d196d0150d9a,U000034,2022-03-31 20:58:37,20:58:37,1557215.06,transfer,M00175,USD,success,desktop,D000484,174.232.197.10,mobile_wallet,Bangkok,"21.892495,105.151493",43,F,2016-08-13,active,0.6,0,0,0,auto_approved,0.2033,2022
18639c6b-6e8f-4dfe-9f58-1bef4fb1204f,U000770,2022-10-11 18:27:06,18:27:06,843010.48,cash_withdrawal,M00187,USD,success,atm,D002521,252.58.166.57,bank_transfer,Hanoi,"11.80834,105.072771",44,F,2020-12-26,active,0.74,0,0,0,auto_approved,0.0558,2022
4c3e80ed-1b8e-4432-bf2c-aa54354fab10,U000607,2022-04-20 10:56:32,10:56:32,541451.97,purchase,M00400,VND,success,desktop,D000616,8.88.79.21,mobile_wallet,Singapore,"15.692266,103.153501",55,F,2021-05-11,active,0.92,0,0,0,auto_approved,0.2706,2022
3c8f9ea8-8164-4e00-be56-f6bed8f65765,U001701,2022-12-10 02:53:08,02:53:08,395624.77,cash_withdrawal,M00155,USD,success,mobile,D002830,3.114.242.99,debit_card,Ho Chi Minh City,"12.213311,102.295438",45,F,2017-08-15,active,0.6,0,0,0,auto_approved,0.4032,2022
fd48e96d-a1b1-4cbf-b9b6-f072b4280164,U000317,2022-01-08 12:30:12,12:30:12,187633.01,bill_payment,M00457,USD,success,desktop,D000017,215.199.204.157,mobile_wallet,Singapore,"15.544302,104.007264",59,F,2018-10-13,active,0.5,0,0,0,auto_approved,0.4438,2022
0caf6fe3-6f18-4049-a2d7-b20280d64f66,U001903,2022-04-19 03:03:44,03:03:44,1391979.74,bill_payment,M00327,VND,success,mobile,D002229,190.222.146.187,credit_card,Da Nang,"14.702846,107.14439",30,M,2016-08-16,active,0.48,0,0,0,auto_approved,0.3648,2022
1007163a-6de4-442f-9535-4bfcccc80c1e,U001764,2022-12-24 12:36:10,12:36:10,272777.41,cash_withdrawal,M00203,VND,success,mobile,D000403,144.71.123.115,debit_card,Kuala Lumpur,"16.497814,104.567004",41,F,2017-05-05,active,0.9,0,0,0,auto_approved,0.4102,2022
3c22eae5-87f1-4205-b24b-89e4eaf94632,U001817,2022-09-12 17:08:34,17:08:34,338131.08,purchase,M00125,VND,success,pos,D001743,118.79.145.179,debit_card,Bangkok,"19.938158,104.833883",40,M,2020-01-01,active,0.72,0,0,0,auto_approved,0.1012,2022
a70bb7f7-1d32-4ec6-801e-225630da850b,U000512,2022-03-02 08:45:10,08:45:10,1086602.89,bill_payment,M00134,VND,failed,mobile,D002651,163.226.245.147,mobile_wallet,Singapore,"15.957772,108.836762",27,F,2018-10-12,active,0.98,1,0,0,auto_approved,0.2542,2022
fdae8017-65c1-4ade-bc9e-9fa2108b8dd1,U001058,2022-07-27 11:10:00,11:10:00,36051.81,bill_payment,M00255,VND,failed,mobile,D001529,12.153.232.112,mobile_wallet,Da Nang,"16.875171,104.234945",42,M,2015-02-27,active,0.53,0,0,0,auto_approved,0.3272,2022
9095041d-16e8-469d-90fa-2f771aa592cb,U000231,2022-11-12 02:50:49,02:50:49,52966.29,bill_payment,M00205,VND,success,pos,D000298,81.179.246.241,debit_card,Kuala Lumpur,"9.013834,103.380349",66,M,2022-06-17,active,0.76,0,0,0,auto_approved,0.1538,2022
f7e59a90-7cdc-43be-8da9-26b0f52c5bda,U000158,2022-12-06 14:13:48,14:13:48,708664.35,cash_withdrawal,M00458,VND,pending,atm,D001303,89.194.111.51,credit_card,Hanoi,"10.341975,107.824436",21,F,2019-03-22,active,0.68,0,1,0,auto_approved,0.3331,2022
6658c344-33ef-4aad-8b07-650e6776e0dc,U001353,2022-06-03 04:41:13,04:41:13,891658.95,cash_withdrawal,M00266,VND,success,mobile,D002962,238.103.82.237,debit_card,Bangkok,"14.99965,102.819436",43,F,2022-01-14,active,0.6,0,0,0,auto_approved,0.1594,2022
741d628f-8336-48a4-9a2e-eca4f516f74d,U000270,2022-04-01 19:58:50,19:58:50,133060.29,online_payment,M00200,VND,success,mobile,D001771,229.81.94.28,bank_transfer,Da Nang,"15.356094,106.341096",48,F,2021-11-07,active,0.54,1,0,0,auto_approved,0.513,2022
8f4b57bd-9bdb-424e-a367-0f3695725143,U001593,2022-06-03 14:24:53,14:24:53,1996303.11,online_payment,M00406,USD,success,desktop,D002907,234.21.53.61,credit_card,Hanoi,"20.370229,108.414711",21,M,2020-11-17,active,0.52,0,0,0,auto_approved,0.0365,2022
36cbd7b2-6b3e-4437-b5f3-34a334977118,U001900,2022-03-04 20:00:15,20:00:15,420813.31,cash_withdrawal,M00184,USD,success,atm,D002859,133.42.137.229,credit_card,Ho Chi Minh City,"9.907691,108.964651",43,M,2020-03-07,active,0.59,0,0,0,auto_approved,0.0253,2022
e29d7b09-71ad-41ae-92ae-27c57647922f,U000590,2022-03-28 05:50:16,05:50:16,429585.26,transfer,M00189,VND,success,pos,D002436,14.188.224.22,bank_transfer,Da Nang,"14.122812,108.243572",61,M,2021-06-27,active,0.54,0,0,0,auto_approved,0.3828,2022
fc8e2715-2fc6-46b7-8227-7d98ac556437,U000952,2022-02-21 21:56:01,21:56:01,15534.3,transfer,M00057,VND,success,mobile,D002786,178.15.183.146,debit_card,Singapore,"9.081414,107.030975",45,M,2016-07-28,active,0.79,2,1,1,pending_review,0.3362,2022
abfcff78-a775-4553-8637-be8b80d90cb4,U000502,2022-03-08 05:37:43,05:37:43,638048.86,cash_withdrawal,M00114,VND,success,pos,D001524,30.185.175.107,bank_transfer,Singapore,"17.50792,107.057749",30,F,2018-03-23,active,0.85,0,0,0,auto_approved,0.1128,2022
faa3d7ee-f616-42f9-9d65-64a3c18c6c22,U001668,2022-07-02 23:14:00,23:14:00,1877176.2,bill_payment,M00381,VND,success,mobile,D000307,182.112.99.156,mobile_wallet,Da Nang,"12.208936,108.317411",65,M,2021-12-30,active,0.51,0,0,0,auto_approved,0.2341,2022
4dbdc4ee-33e8-4218-a1b5-656f3a6fddb7,U000303,2022-01-16 20:16:12,20:16:12,367085.64,cash_withdrawal,M00409,USD,success,pos,D001905,22.172.118.129,credit_card,Singapore,"14.494298,102.018308",48,M,2018-10-13,active,0.8,0,0,0,auto_approved,0.0615,2022
49683535-fb6f-4a9a-9dfc-d2ed1eefcda9,U001423,2022-10-31 17:31:56,17:31:56,2243.03,transfer,M00167,VND,success,mobile,D000948,139.69.40.180,debit_card,Bangkok,"9.838682,104.427517",27,M,2015-02-06,active,0.89,2,1,0,auto_approved,0.2946,2022
38943cca-e85a-4775-9fc8-22304b4a7c1b,U001034,2022-12-14 04:46:06,04:46:06,244465.49,transfer,M00412,USD,success,pos,D002512,170.49.147.85,credit_card,Hanoi,"10.447227,104.893117",63,M,2019-10-30,active,0.65,1,0,0,auto_approved,0.2757,2022
ca2958d5-ed87-4d3f-9f1e-a6b6b3e9c23a,U001508,2022-05-28 11:42:13,11:42:13,73655.77,online_payment,M00010,VND,success,mobile,D000611,237.64.43.103,bank_transfer,Kuala Lumpur,"10.690471,104.918621",40,M,2021-09-10,active,0.66,0,0,0,auto_approved,0.1606,2022
8a2f2e39-b16a-4f81-b45e-9c82e9d6df0d,U001709,2022-11-21 02:52:51,02:52:51,932777.55,purchase,M00264,VND,success,pos,D002886,245.58.116.255,debit_card,Ho Chi Minh City,"19.305113,105.18308",54,M,2016-12-10,active,0.96,0,0,0,auto_approved,0.422,2022
22354107-3a54-42d9-83ee-65d8dc3b06a5,U001649,2022-08-19 10:56:41,10:56:41,1349008.97,purchase,M00378,USD,success,desktop,D001540,227.0.37.138,mobile_wallet,Singapore,"8.905181,106.705755",45,F,2020-02-17,active,0.54,0,0,0,auto_approved,0.4419,2022
89739b5e-0e0a-455f-9447-fd2c7be2c53a,U000497,2022-07-04 02:06:20,02:06:20,780474.77,online_payment,M00116,VND,success,desktop,D002462,199.2.253.66,credit_card,Bangkok,"12.862314,102.206207",57,F,2014-06-12,active,0.91,0,0,0,auto_approved,0.1397,2022
521df064-82a2-4687-b335-553910a2145c,U001101,2022-07-25 12:03:59,12:03:59,401137.61,bill_payment,M00333,USD,success,atm,D001418,194.251.8.220,debit_card,Singapore,"10.105009,108.556618",37,F,2019-10-19,active,0.53,0,0,0,auto_approved,0.0725,2022
7a220094-c036-4afe-bd36-d8e134a4406e,U001597,2022-08-04 04:51:23,04:51:23,12373.19,transfer,M00171,VND,success,mobile,D001944,139.248.52.224,bank_transfer,Kuala Lumpur,"20.263565,102.529151",49,F,2020-12-03,blocked,0.95,0,1,0,auto_approved,0.3815,2022
483bda18-083d-4efc-b601-149441f78e07,U001702,2022-05-12 11:16:17,11:16:17,529313.67,transfer,M00141,USD,success,mobile,D002813,181.32.220.131,debit_card,Kuala Lumpur,"19.077066,106.913689",21,M,2021-02-18,active,0.93,0,0,0,auto_approved,0.4168,2022
fc67a6dc-55e1-4f32-ba05-7be86eb1024b,U001224,2022-05-06 23:41:41,23:41:41,545202.29,cash_withdrawal,M00297,USD,failed,pos,D000865,144.239.163.49,credit_card,Ho Chi Minh City,"15.800617,106.708858",56,F,2016-03-22,active,0.78,0,0,0,auto_approved,0.3164,2022
9e0a7c0b-b9b4-4dae-b942-4dd1601eca0d,U001382,2022-04-02 16:53:08,16:53:08,182940.88,purchase,M00037,VND,failed,mobile,D001138,87.42.87.209,mobile_wallet,Kuala Lumpur,"11.499093,103.156523",66,M,2022-02-18,active,0.7,0,0,0,auto_approved,0.047,2022
6544a635-352c-4edb-a140-f6589a74562c,U001531,2022-11-19 06:21:59,06:21:59,428147.73,purchase,M00146,USD,success,mobile,D002025,189.205.97.194,debit_card,Ho Chi Minh City,"17.303941,107.701179",63,M,2022-07-10,active,0.45,0,0,0,auto_approved,0.2951,2022
cc586ab4-bbf2-4bdd-acdb-266c9fe85e80,U000328,2022-12-07 20:32:25,20:32:25,1446614.4,transfer,M00239,USD,success,atm,D001045,206.57.194.252,debit_card,Kuala Lumpur,"16.23142,103.721244",21,M,2022-05-14,active,0.74,0,0,0,auto_approved,0.3719,2022
0b78f14c-1ede-4340-bf91-708348e7ca6a,U000513,2022-08-23 01:48:07,01:48:07,79716.03,cash_withdrawal,M00069,USD,success,mobile,D001503,124.119.51.114,debit_card,Da Nang,"8.744697,104.015966",22,F,2019-12-14,active,0.56,0,0,0,auto_approved,0.2485,2022
222cfdc6-3bb0-466c-9aa0-e19270fb98b5,U000830,2022-01-26 01:36:29,01:36:29,22633.9,bill_payment,M00380,VND,success,pos,D000926,113.73.212.137,credit_card,Hanoi,"12.827014,103.445854",44,F,2017-12-13,active,0.91,0,0,0,auto_approved,0.4339,2022
8ba90a26-909b-4752-869a-30bedfa61ca4,U001028,2022-09-30 13:14:16,13:14:16,133829.78,transfer,M00025,USD,success,atm,D001373,150.105.200.194,bank_transfer,Singapore,"20.718805,105.506295",61,M,2019-11-03,active,0.71,1,0,0,auto_approved,0.4168,2022
9a982ff2-7795-44a1-bf28-fbb1e0ce7e5b,U000670,2022-10-02 06:22:36,06:22:36,349367.94,online_payment,M00324,VND,success,atm,D001479,50.50.93.83,mobile_wallet,Kuala Lumpur,"21.419171,105.65375",31,M,2020-06-27,active,0.71,0,1,0,auto_approved,0.4844,2022
50a8dd13-fcc1-41c3-ba15-218f42020e30,U001276,2022-09-25 01:30:25,01:30:25,171267.12,bill_payment,M00207,VND,success,pos,D001351,151.248.177.138,mobile_wallet,Kuala Lumpur,"15.422028,107.673074",44,F,2017-03-22,active,0.61,0,0,0,auto_approved,0.1333,2022
a77afd80-322d-4f29-bf3f-a9468cf410c4,U000453,2022-07-14 00:25:21,00:25:21,1428117.25,purchase,M00232,USD,success,mobile,D002343,109.213.148.152,mobile_wallet,Da Nang,"8.242653,102.020838",38,F,2021-12-09,active,0.62,0,0,0,auto_approved,0.0838,2022
e6e5bb8b-6ff7-43ca-883b-08e284b0ddc9,U001452,2022-07-12 17:16:57,17:16:57,1431345.6,online_payment,M00006,VND,success,pos,D000091,176.104.131.198,bank_transfer,Ho Chi Minh City,"9.657141,108.855625",67,F,2022-04-03,active,0.95,0,0,0,auto_approved,0.3587,2022
fb829565-e29b-426f-93eb-dde25bd9b966,U001211,2022-03-24 22:25:21,22:25:21,890850.22,bill_payment,M00008,USD,success,atm,D000001,115.72.175.200,credit_card,Kuala Lumpur,"21.351864,104.212004",62,M,2019-08-07,blocked,0.6,2,1,0,auto_approved,0.2002,2022
9f13df10-26d4-4e88-be36-c441970c084b,U000015,2022-09-26 05:14:33,05:14:33,1129449.2,online_payment,M00281,VND,success,desktop,D002975,146.39.153.166,bank_transfer,Bangkok,"18.004174,106.631812",61,M,2021-06-08,active,0.77,0,0,0,auto_approved,0.0797,2022
5101833e-a5e6-44b2-a0b5-f232f93e5563,U001278,2022-09-27 20:19:23,20:19:23,2188279.24,transfer,M00006,USD,success,pos,D001261,52.78.56.171,credit_card,Kuala Lumpur,"16.974717,102.679247",49,M,2020-05-18,active,0.87,0,0,0,auto_approved,0.2117,2022
2735d484-0f24-4c98-8de1-1d7285309aac,U000456,2022-01-08 00:00:36,00:00:36,164719.15,purchase,M00464,USD,success,pos,D001418,90.120.96.23,mobile_wallet,Hanoi,"19.522485,105.49001",60,F,2016-08-02,active,0.52,0,0,0,auto_approved,0.42,2022
5383561f-fe53-4e9f-871e-12812241f5f2,U001179,2022-10-01 22:28:57,22:28:57,1777019.42,online_payment,M00017,VND,success,desktop,D001845,212.117.237.31,debit_card,Kuala Lumpur,"15.775636,107.001046",21,F,2017-03-10,active,0.86,2,1,1,pending_review,0.2636,2022
d6a1bc86-ed33-49f0-9810-2d86b1e33a34,U001322,2022-12-30 21:31:51,21:31:51,3106126.52,bill_payment,M00471,USD,success,desktop,D000248,134.236.185.207,bank_transfer,Ho Chi Minh City,"13.669826,107.127579",22,M,2018-12-23,active,0.92,1,1,1,pending_review,0.7278,2022
e6aa5284-7e93-4486-964c-209706b1ad12,U000826,2022-05-25 04:01:52,04:01:52,982511.26,bill_payment,M00040,VND,pending,atm,D002404,11.132.240.40,credit_card,Kuala Lumpur,"13.172716,108.61674",47,M,2017-09-10,active,0.77,0,0,0,auto_approved,0.3475,2022
bcd288ea-46dd-46d7-a51d-6db427d9a68c,U000298,2022-09-18 17:55:34,17:55:34,794064.22,online_payment,M00100,VND,success,atm,D000076,113.183.196.135,bank_transfer,Kuala Lumpur,"19.606713,108.451886",26,M,2020-02-02,active,0.8,0,0,0,auto_approved,0.3494,2022
1261712c-386c-4aaa-8ac7-368bb12d8a4c,U000845,2022-07-06 01:59:50,01:59:50,342918.09,online_payment,M00325,USD,success,pos,D000822,162.21.29.27,credit_card,Singapore,"13.866652,107.388252",35,F,2019-07-02,active,0.98,0,0,0,auto_approved,0.0551,2022
a632186b-6d17-495e-9ce3-661f4a1ecb50,U000808,2022-07-18 03:16:12,03:16:12,1550818.18,cash_withdrawal,M00360,USD,success,mobile,D000762,110.96.77.46,credit_card,Hanoi,"21.601289,107.638392",47,M,2015-12-05,active,0.97,0,0,0,auto_approved,0.4213,2022
c06cdcea-c0f2-4709-bb96-1ea821dfece0,U000021,2022-05-23 01:36:33,01:36:33,776687.44,purchase,M00210,VND,success,mobile,D002185,217.251.43.149,debit_card,Bangkok,"16.458166,103.300648",28,M,2015-03-05,active,0.76,0,0,0,auto_approved,0.3973,2022
b48519d1-48e2-43ca-bade-a70a6e999f3e,U000499,2022-03-15 13:04:34,13:04:34,2552496.46,purchase,M00314,VND,success,mobile,D001710,18.52.179.69,credit_card,Kuala Lumpur,"14.017141,108.248443",69,F,2017-05-20,active,0.61,0,0,0,auto_approved,0.2663,2022
f556c7c0-cc5e-4a49-9b05-96f4cfda1188,U001775,2022-05-21 08:48:13,08:48:13,1464299.51,transfer,M00155,USD,success,desktop,D001055,80.28.23.185,credit_card,Da Nang,"12.768301,103.391555",49,F,2018-01-19,active,0.88,0,1,0,auto_approved,0.3779,2022
e1581f02-f415-4df5-9116-adbf19c143e3,U001880,2022-07-01 16:09:58,16:09:58,645362.98,bill_payment,M00453,USD,pending,pos,D000634,60.64.82.251,debit_card,Bangkok,"18.460183,107.597954",41,M,2016-01-06,under_review,0.72,0,0,0,auto_approved,0.0659,2022
030208cc-c7e8-45ce-a3a6-f4ddb1cd702c,U000887,2022-05-02 03:10:14,03:10:14,253390.69,purchase,M00152,USD,success,atm,D000108,80.194.181.60,mobile_wallet,Da Nang,"11.217428,108.610811",54,F,2014-09-17,active,0.77,0,0,0,auto_approved,0.2284,2022
7c801dd8-48ed-4c0f-8385-ab83e0115520,U001352,2022-10-20 00:30:58,00:30:58,1151311.33,cash_withdrawal,M00022,VND,success,mobile,D000817,136.124.82.124,credit_card,Da Nang,"10.841655,106.532654",53,F,2015-09-28,active,0.98,0,0,0,auto_approved,0.4274,2022
0d4cf686-9e84-4838-9d09-996088ee287b,U001413,2022-04-19 00:36:49,00:36:49,2146709.28,transfer,M00090,USD,success,mobile,D001175,234.54.153.78,mobile_wallet,Hanoi,"13.475452,107.699109",30,F,2014-02-01,active,0.5,0,0,0,auto_approved,0.1012,2022
246903aa-2711-49c9-bb33-307e78994607,U000697,2022-01-23 02:12:28,02:12:28,2680390.15,transfer,M00384,VND,success,pos,D001354,228.194.169.124,debit_card,Bangkok,"9.414702,106.085605",27,M,2020-07-18,active,0.46,0,0,0,auto_approved,0.0808,2022
6c5f55c2-dadb-4f4d-bb1c-ea162f20f38e,U000534,2022-01-24 23:38:20,23:38:20,139213.43,bill_payment,M00335,USD,success,pos,D001513,64.206.16.193,debit_card,Singapore,"16.280047,108.804474",53,F,2018-01-23,active,0.6,0,0,0,auto_approved,0.1622,2022
aee5e924-da47-4095-a660-22c02686b7a7,U001029,2022-09-16 12:40:30,12:40:30,475050.75,online_payment,M00044,USD,success,pos,D000543,106.191.20.47,credit_card,Ho Chi Minh City,"19.779301,102.652269",19,F,2017-05-22,blocked,0.53,0,0,0,auto_approved,0.1498,2022
4f4db836-a787-4c37-9c81-71c4e3c9d89a,U001599,2022-04-04 12:08:17,12:08:17,537887.19,transfer,M00453,USD,success,atm,D000008,28.247.227.215,credit_card,Kuala Lumpur,"21.319587,106.315547",68,M,2014-05-10,under_review,0.45,0,0,0,auto_approved,0.3536,2022
4169f1e0-5cc1-43ee-b961-c0ddb9fa51c0,U001082,2022-12-22 14:41:57,14:41:57,672145.64,online_payment,M00186,VND,success,mobile,D002332,208.81.36.178,credit_card,Hanoi,"10.919584,106.967602",30,F,2022-05-20,active,0.74,0,1,0,auto_approved,0.3292,2022
929417d4-26b1-4335-bb86-27aa62e949af,U001689,2022-10-13 15:03:38,15:03:38,375546.08,cash_withdrawal,M00021,VND,success,desktop,D000087,140.45.104.143,mobile_wallet,Bangkok,"12.767552,106.084337",46,M,2018-04-15,active,0.5,0,0,0,auto_approved,0.3389,2022
388978d8-b05f-42a0-8300-e5b6cdafe27b,U000036,2022-11-28 19:59:00,19:59:00,452442.92,transfer,M00423,VND,success,desktop,D000542,114.250.62.231,mobile_wallet,Bangkok,"12.931832,108.205723",59,M,2020-12-03,active,0.6,0,1,0,auto_approved,0.3928,2022
084fc339-44f8-49bf-ad62-ef95f579edbd,U001633,2022-10-23 01:05:38,01:05:38,374612.77,cash_withdrawal,M00089,VND,success,pos,D000574,236.60.171.12,debit_card,Kuala Lumpur,"14.330931,102.13102",61,F,2021-08-25,active,0.67,0,0,0,auto_approved,0.26,2022
417b2e4b-793d-421e-a1a7-324b80992254,U001843,2022-04-15 13:09:51,13:09:51,228380.53,transfer,M00445,VND,success,atm,D002194,27.79.19.247,credit_card,Kuala Lumpur,"11.246772,104.449146",49,M,2021-02-23,active,0.77,0,0,0,auto_approved,0.2439,2022
5c21d1cb-a46f-455f-b8ee-c905f2b18479,U000784,2022-02-10 18:13:32,18:13:32,204645.15,transfer,M00429,USD,success,atm,D002583,114.190.4.181,debit_card,Hanoi,"19.16086,102.767479",35,F,2014-09-13,active,0.86,0,0,0,auto_approved,0.3117,2022
f826e372-04d4-48cf-a289-bd28db64eb0b,U001283,2022-07-15 23:26:49,23:26:49,299010.57,purchase,M00354,VND,success,pos,D000346,26.59.89.244,credit_card,Ho Chi Minh City,"14.396481,105.511834",68,F,2019-09-27,active,0.93,0,0,0,auto_approved,0.2564,2022
73f33ceb-2a5d-44fc-af48-a68b749780bd,U001861,2022-08-01 09:18:36,09:18:36,133543.04,online_payment,M00482,VND,success,atm,D000424,157.175.233.5,debit_card,Ho Chi Minh City,"13.961264,103.187941",21,M,2021-05-09,active,0.59,0,0,0,auto_approved,0.1248,2022
74247287-6688-4e7e-8d0f-706dc6ac494b,U001904,2022-07-18 20:07:42,20:07:42,1458522.62,online_payment,M00313,VND,success,atm,D001248,62.69.245.173,credit_card,Bangkok,"13.84936,105.263744",47,F,2019-08-19,active,0.63,0,0,0,auto_approved,0.2295,2022
ecd48de7-929e-4fa8-938e-a2c351baa555,U001254,2022-04-10 12:38:08,12:38:08,288013.64,cash_withdrawal,M00014,VND,success,pos,D000856,17.130.172.93,mobile_wallet,Hanoi,"13.051022,102.877959",32,M,2015-09-03,active,0.96,0,0,0,auto_approved,0.442,2022
995bdea9-0f03-4c6f-9a05-60ed95c212c5,U001217,2022-08-27 06:48:20,06:48:20,1779858.79,bill_payment,M00078,VND,success,pos,D001491,115.173.211.12,mobile_wallet,Da Nang,"17.177569,108.069716",50,M,2017-03-25,active,0.99,1,0,0,auto_approved,0.4989,2022
8dd8f466-1069-434a-b89d-ef0f997e3ff3,U000357,2022-03-17 05:44:02,05:44:02,891827.47,purchase,M00204,VND,success,desktop,D000441,237.187.185.193,debit_card,Hanoi,"21.183325,108.344258",29,M,2015-12-23,active,0.87,0,0,0,auto_approved,0.037,2022
aaf02e9f-d0c6-42ab-bb8d-14af98d7ec7d,U001523,2022-07-28 16:14:49,16:14:49,1448544.83,transfer,M00352,VND,success,pos,D001603,150.216.35.159,mobile_wallet,Ho Chi Minh City,"8.531209,102.317829",39,F,2018-10-04,active,0.82,0,0,0,auto_approved,0.1731,2022
f5367235-8588-4175-9c24-2adc7d0fef0c,U000369,2022-12-20 18:26:19,18:26:19,1490014.81,online_payment,M00465,USD,failed,desktop,D000346,147.126.181.184,bank_transfer,Bangkok,"17.717511,102.276628",40,M,2022-02-09,active,0.45,0,0,0,auto_approved,0.2098,2022
6de18322-bd61-4545-9f54-04606c2b51fe,U001261,2022-12-24 19:40:51,19:40:51,216605.15,online_payment,M00033,VND,success,atm,D002462,156.170.162.146,credit_card,Hanoi,"14.12296,106.779916",64,M,2022-06-21,active,0.93,0,0,0,auto_approved,0.1892,2022
aa7a9d9b-f6cd-46d3-be9f-1e2cd967f2c7,U000940,2022-10-27 10:46:48,10:46:48,101461.41,transfer,M00221,VND,success,desktop,D002434,159.49.20.50,debit_card,Hanoi,"12.25241,103.887211",67,M,2019-08-13,active,0.54,0,0,0,auto_approved,0.0379,2022
c5c30757-4c2d-4b6b-8174-f636ebf1fab7,U001673,2022-09-17 22:09:51,22:09:51,1703429.85,purchase,M00295,VND,success,atm,D000027,101.201.110.3,credit_card,Kuala Lumpur,"14.728321,106.394654",21,F,2015-08-20,active,0.87,0,0,0,auto_approved,0.3788,2022
0746c239-a8c6-4a5a-a1c9-f931ee3c7dc8,U000032,2022-02-10 00:47:47,00:47:47,111644.64,purchase,M00429,USD,success,desktop,D001338,9.149.89.255,credit_card,Singapore,"21.493828,103.768323",63,M,2015-05-15,active,0.47,0,0,0,auto_approved,0.1892,2022
c65896b3-7934-4af3-a1a1-7a918d2ffd57,U001846,2022-01-11 22:10:21,22:10:21,610388.12,cash_withdrawal,M00448,USD,pending,desktop,D002683,54.95.147.100,mobile_wallet,Ho Chi Minh City,"19.232438,102.032358",56,F,2019-03-10,active,0.82,0,0,0,auto_approved,0.1089,2022
6443b2fb-3830-47e5-98d4-6e1be854e8a0,U000202,2022-04-24 19:05:05,19:05:05,253309.63,bill_payment,M00378,USD,success,atm,D002431,75.179.177.89,mobile_wallet,Bangkok,"10.73175,106.677393",49,M,2020-04-13,under_review,0.53,0,0,0,auto_approved,0.4423,2022
6d860b62-45d0-4791-b0d7-1e4855b6917f,U000339,2022-10-28 18:56:37,18:56:37,166808.13,bill_payment,M00428,VND,success,mobile,D002423,117.101.247.97,debit_card,Hanoi,"8.438449,108.627317",47,F,2019-03-08,active,0.64,0,0,0,auto_approved,0.2216,2022
d591d3c9-21c1-4d5a-b06a-f23fb11cf0a7,U000824,2022-05-30 04:57:03,04:57:03,406260.29,online_payment,M00299,USD,success,mobile,D002364,127.180.57.25,bank_transfer,Hanoi,"11.449539,104.797694",35,M,2017-09-07,active,0.86,0,0,0,auto_approved,0.3897,2022
a7babe92-9dec-498b-bf27-90727873a018,U000353,2022-06-02 03:35:27,03:35:27,1159908.2,purchase,M00446,VND,success,pos,D002247,177.247.158.9,mobile_wallet,Da Nang,"21.682406,105.251738",36,M,2020-02-24,active,0.49,0,0,0,auto_approved,0.4382,2022
22cdf3ff-540d-4382-aa63-417bc938df99,U001883,2022-09-02 09:21:18,09:21:18,71381.88,transfer,M00312,VND,success,desktop,D000397,18.191.178.251,mobile_wallet,Ho Chi Minh City,"14.32963,105.729129",32,M,2020-08-30,active,0.89,0,0,0,auto_approved,0.2365,2022
da501d6d-6987-4023-b230-96b386877ea1,U001262,2022-05-29 22:56:51,22:56:51,712173.93,bill_payment,M00060,VND,success,pos,D001660,219.69.164.133,credit_card,Singapore,"16.883347,104.065596",24,F,2019-02-16,active,0.5,0,0,0,auto_approved,0.029,2022
0ba1925e-a5b2-42d7-affc-130e60d13133,U001139,2022-06-21 13:38:54,13:38:54,959225.92,bill_payment,M00424,VND,success,desktop,D001069,214.183.34.96,credit_card,Kuala Lumpur,"19.621311,105.760515",33,M,2014-07-09,active,0.69,0,0,0,auto_approved,0.4417,2022
35986ea1-e465-4ee6-9173-d8280725e50a,U001760,2022-12-06 23:49:28,23:49:28,1079842.49,online_payment,M00259,USD,success,pos,D001627,85.169.248.67,debit_card,Da Nang,"14.590204,103.860715",30,F,2021-04-08,active,0.86,0,0,0,auto_approved,0.3192,2022
befe9c01-f2bf-413f-9049-6516e3b065c1,U001189,2022-03-16 19:26:14,19:26:14,782774.95,online_payment,M00439,VND,success,mobile,D002341,255.82.221.106,bank_transfer,Kuala Lumpur,"12.040337,104.995022",64,M,2021-08-20,active,0.49,2,1,0,auto_approved,0.298,2022
a2f41f49-ea6f-4f18-af1f-547da24e79c8,U001067,2022-04-16 14:47:30,14:47:30,138994.34,transfer,M00364,USD,success,atm,D002079,8.76.190.139,bank_transfer,Singapore,"20.327555,108.814668",42,M,2018-07-08,active,0.92,0,0,0,auto_approved,0.1506,2022
ec338669-0e5c-4b52-a5cf-a5ef8817fedf,U000279,2022-09-11 19:58:38,19:58:38,1628728.76,purchase,M00252,USD,success,desktop,D001548,192.41.59.158,credit_card,Da Nang,"16.089229,102.158616",70,M,2014-07-11,active,0.55,0,0,0,auto_approved,0.4081,2022
880c34ce-323e-487d-b173-061ccd2b3652,U001265,2022-01-06 19:50:57,19:50:57,607034.07,purchase,M00445,USD,failed,atm,D000362,153.149.100.125,mobile_wallet,Da Nang,"16.022782,108.750377",62,M,2020-11-08,active,0.76,0,0,0,auto_approved,0.2562,2022
e977aee3-a109-4a39-91c3-7f3a7f78c601,U001861,2022-04-03 07:54:49,07:54:49,415623.76,bill_payment,M00177,USD,pending,mobile,D000360,49.247.166.94,credit_card,Hanoi,"16.076305,105.394025",59,F,2017-03-03,active,0.79,0,0,0,auto_approved,0.0534,2022
2534df10-250a-4ca6-ba9b-ec78a0d1dabf,U000837,2022-01-24 20:40:22,20:40:22,419919.21,cash_withdrawal,M00404,USD,success,desktop,D002726,66.45.23.244,bank_transfer,Ho Chi Minh City,"19.221957,103.959345",21,F,2018-06-20,active,0.71,0,0,0,auto_approved,0.4289,2022
e953fbff-382a-454c-86fc-52fbfb0a49f2,U000594,2022-01-17 05:43:42,05:43:42,1543006.37,cash_withdrawal,M00447,VND,success,desktop,D002126,7.202.26.47,debit_card,Ho Chi Minh City,"20.94239,106.558699",21,M,2016-12-09,active,0.58,0,0,0,auto_approved,0.2037,2022
f3f2d3cb-df41-40dd-ae53-24e7f7176d73,U000339,2022-12-18 04:01:52,04:01:52,810875.69,cash_withdrawal,M00011,USD,success,mobile,D001770,84.99.48.169,credit_card,Bangkok,"18.09101,105.306225",36,M,2022-07-29,active,0.97,0,0,0,auto_approved,0.0198,2022
6c586279-ee0f-4925-a7a0-40672a67963d,U001732,2022-07-21 19:37:36,19:37:36,836918.65,transfer,M00347,USD,success,atm,D001487,144.19.244.27,credit_card,Ho Chi Minh City,"13.351284,105.425382",69,M,2018-02-07,active,0.6,0,1,0,auto_approved,0.371,2022
10546cee-93e3-4fdb-900f-737b1bcc5ac3,U000783,2022-05-21 03:21:39,03:21:39,944011.03,bill_payment,M00064,VND,success,atm,D002106,197.254.174.112,mobile_wallet,Kuala Lumpur,"8.764006,103.470016",26,F,2017-10-22,active,0.75,0,0,0,auto_approved,0.1824,2022
611abfae-aae1-4e03-a462-c473abf1849f,U000225,2022-12-21 09:23:24,09:23:24,696.15,online_payment,M00206,USD,success,pos,D001012,162.62.32.161,debit_card,Hanoi,"11.132163,107.075609",28,M,2015-05-21,active,0.59,1,0,0,auto_approved,0.3486,2022
0e403f7f-ab09-4211-a1fb-f5d2f332dd8d,U001304,2022-02-24 13:18:06,13:18:06,1314.5,bill_payment,M00328,VND,success,atm,D002530,113.106.111.21,bank_transfer,Da Nang,"15.708348,104.352796",61,M,2021-05-07,active,0.69,0,0,0,auto_approved,0.2101,2022
bd49d3d9-7111-4400-9ad9-705798a7b9d7,U001035,2022-02-19 22:53:59,22:53:59,143128.57,transfer,M00158,USD,success,desktop,D000621,43.246.23.15,bank_transfer,Da Nang,"12.154095,108.027294",49,M,2017-09-07,active,0.64,0,0,0,auto_approved,0.261,2022
2df82aca-f4ff-4d44-a0ab-4d93e5a976d1,U001079,2022-11-20 15:04:31,15:04:31,534852.05,cash_withdrawal,M00023,VND,failed,atm,D002260,198.65.239.69,mobile_wallet,Hanoi,"19.281833,107.171057",70,F,2020-07-14,active,0.76,0,0,0,auto_approved,0.0604,2022
f91fab04-82c9-45cb-9079-a69a71f046bb,U001677,2022-01-13 22:48:50,22:48:50,403835.84,cash_withdrawal,M00274,USD,success,mobile,D002765,165.36.15.43,bank_transfer,Kuala Lumpur,"14.628537,104.344902",34,F,2016-07-31,active,0.52,0,0,0,auto_approved,0.3331,2022
972a50d3-82a2-4e4f-803a-eaca8c3e61c8,U001743,2022-10-25 20:58:21,20:58:21,1182613.24,purchase,M00221,VND,success,atm,D000404,240.66.106.132,debit_card,Da Nang,"15.170857,102.086844",47,M,2015-08-04,active,0.74,0,0,0,auto_approved,0.2898,2022
10086ba3-81cc-4ea3-88ae-3a231dce5fee,U001087,2022-09-08 21:05:48,21:05:48,488941.47,transfer,M00341,VND,success,atm,D001281,108.139.137.187,credit_card,Da Nang,"17.386735,105.09059",32,F,2019-06-01,active,0.67,0,0,0,auto_approved,0.1853,2022
6236c376-6824-4e97-a3cc-a88cb11b8fad,U000787,2022-02-18 06:50:23,06:50:23,665674.73,bill_payment,M00281,VND,success,atm,D001200,248.62.8.225,credit_card,Singapore,"21.62774,108.865135",44,F,2017-07-28,active,0.84,0,0,0,auto_approved,0.1413,2022
323a6d58-ad1a-4a35-935a-a7404a6970e1,U000734,2022-01-27 14:34:52,14:34:52,81579.35,transfer,M00459,USD,success,desktop,D001109,193.24.211.33,mobile_wallet,Bangkok,"17.305549,106.520668",61,F,2019-05-07,active,0.59,0,0,0,auto_approved,0.1122,2022
dbfa83ee-d4e2-471e-a8bd-25e1b7e9d532,U001174,2022-01-27 06:55:32,06:55:32,2017048.18,transfer,M00247,USD,success,pos,D002155,110.123.16.177,mobile_wallet,Bangkok,"17.953175,102.352427",36,M,2016-01-03,active,0.72,0,0,0,auto_approved,0.2469,2022
32ee458c-0ac0-4d85-ba7a-304de0befbf7,U000953,2022-08-18 18:22:52,18:22:52,373100.17,bill_payment,M00400,VND,success,pos,D002903,243.40.5.157,debit_card,Hanoi,"8.138243,106.736863",23,F,2021-04-06,active,0.94,0,0,0,auto_approved,0.4205,2022
e9473d65-3742-41c0-ae38-2473dfe241e0,U000550,2022-01-30 11:48:19,11:48:19,514415.49,cash_withdrawal,M00148,VND,success,pos,D002584,33.46.119.33,credit_card,Kuala Lumpur,"20.763788,103.17731",60,M,2014-06-13,active,0.77,0,0,0,auto_approved,0.3719,2022
663bcfe7-8b26-4bbb-aaf5-0a1c804fb84d,U001831,2022-07-01 21:24:15,21:24:15,343764.93,transfer,M00004,USD,success,atm,D000487,40.228.64.150,mobile_wallet,Singapore,"12.388252,106.537364",24,M,2016-08-29,blocked,0.85,0,0,0,auto_approved,0.3051,2022
49632480-596a-40b8-9736-75482b209161,U000846,2022-03-19 01:23:10,01:23:10,125039.36,purchase,M00473,VND,success,mobile,D000243,83.223.49.64,bank_transfer,Ho Chi Minh City,"10.806792,103.847342",68,F,2014-12-03,active,0.74,0,0,0,auto_approved,0.0422,2022
d906a9fe-8210-4c3b-ab82-aa70665b8abd,U001477,2022-10-24 03:43:28,03:43:28,3416574.76,online_payment,M00132,USD,success,atm,D002000,33.252.104.5,bank_transfer,Hanoi,"10.10869,104.996386",41,F,2017-08-27,active,0.45,0,1,0,auto_approved,0.5632,2022
0ce51abd-988a-44bf-b896-74df4e1619a1,U001759,2022-11-16 16:45:17,16:45:17,1260087.82,online_payment,M00363,USD,success,atm,D002543,190.93.236.185,mobile_wallet,Kuala Lumpur,"14.425049,104.431143",68,F,2018-09-05,active,0.78,0,0,0,auto_approved,0.046,2022
0ce48909-3a9a-48dc-865b-e071f92e9a3c,U000563,2022-02-22 03:33:14,03:33:14,2208.33,bill_payment,M00314,VND,success,desktop,D000199,46.23.146.196,debit_card,Kuala Lumpur,"19.917366,107.053024",44,F,2015-02-01,active,0.77,0,0,0,auto_approved,0.2305,2022
c89be682-2cfc-4849-b7e8-c14fd9f20574,U000684,2022-03-26 02:15:06,02:15:06,133499.51,transfer,M00065,VND,success,atm,D002313,16.16.119.19,debit_card,Ho Chi Minh City,"19.281269,107.659926",36,F,2015-07-12,active,1.0,0,0,0,auto_approved,0.1401,2022
293c07c5-33dd-40aa-be0f-298128c793e1,U001912,2022-10-08 18:48:23,18:48:23,627906.61,bill_payment,M00371,VND,success,pos,D000745,83.77.155.223,debit_card,Ho Chi Minh City,"12.099025,105.555394",50,F,2016-11-09,active,0.84,2,1,0,auto_approved,0.3399,2022
d5561318-3f4e-4368-8b64-c7b816ab798e,U001468,2022-03-18 03:26:45,03:26:45,290864.13,online_payment,M00030,VND,success,mobile,D000429,85.12.82.172,mobile_wallet,Ho Chi Minh City,"18.256124,106.485385",51,F,2017-05-15,active,0.82,0,0,0,auto_approved,0.328,2022
4ec1ff57-2e3e-4fb2-9143-3fe163556972,U001136,2022-03-03 17:03:25,17:03:25,555043.08,bill_payment,M00471,VND,success,mobile,D000393,131.115.65.202,mobile_wallet,Singapore,"11.556185,108.813524",44,F,2021-03-03,active,0.49,0,0,0,auto_approved,0.4223,2022
afcd9b5a-a854-4bb7-96ec-8ead29856cfe,U001461,2022-12-11 05:34:19,05:34:19,322096.38,cash_withdrawal,M00432,USD,success,mobile,D001368,221.104.223.151,debit_card,Bangkok,"16.169895,103.514924",56,F,2020-10-16,active,0.69,0,0,0,auto_approved,0.3835,2022
69b4a8c4-924b-4146-975d-1c208d3dd840,U001236,2022-11-06 17:55:56,17:55:56,336123.43,online_payment,M00435,USD,success,desktop,D002578,135.42.90.189,debit_card,Singapore,"11.246186,103.033394",59,F,2019-07-13,under_review,0.46,0,0,0,auto_approved,0.1582,2022
491c4eb5-4ab9-4eca-8324-fa4a1d748b0e,U001241,2022-11-08 15:19:37,15:19:37,68501.32,bill_payment,M00211,USD,success,pos,D001831,234.212.164.50,mobile_wallet,Da Nang,"21.876064,107.507476",39,F,2015-10-10,active,0.53,0,0,0,auto_approved,0.2968,2022
1bbd0914-4586-46be-a23e-45edbdf9bd4d,U001281,2022-12-05 07:32:12,07:32:12,144484.32,transfer,M00393,USD,success,pos,D002544,68.236.1.193,bank_transfer,Kuala Lumpur,"20.557452,102.667129",62,F,2022-10-29,active,0.54,0,0,0,auto_approved,0.2645,2022
62e460da-5ee3-48dc-b284-f3418bf462e8,U000905,2022-03-09 09:49:16,09:49:16,767923.82,purchase,M00386,VND,failed,pos,D000754,160.188.243.178,mobile_wallet,Bangkok,"11.799044,106.677691",66,F,2014-06-14,active,0.75,2,1,0,auto_approved,0.26,2022
9f143b9f-532b-4551-ae4b-b90c922394d5,U000254,2022-12-23 06:32:40,06:32:40,559018.47,online_payment,M00366,VND,success,atm,D000519,31.250.229.179,debit_card,Ho Chi Minh City,"20.021194,107.620616",29,F,2016-05-10,active,0.65,0,1,0,auto_approved,0.3792,2022
16737902-00c2-43ab-a755-eb97d5a074dd,U000793,2022-06-02 05:14:06,05:14:06,414697.83,online_payment,M00279,VND,success,mobile,D000335,138.139.34.125,mobile_wallet,Kuala Lumpur,"9.436021,104.827267",19,M,2020-12-15,active,0.78,0,0,0,auto_approved,0.1969,2022
e06491e8-c2d9-4894-bb36-ccc190ee318e,U001101,2022-08-15 16:00:31,16:00:31,665063.03,transfer,M00162,VND,success,desktop,D002512,118.154.115.25,debit_card,Singapore,"11.949336,103.899118",43,M,2018-08-25,active,0.52,0,0,0,auto_approved,0.1221,2022
c724e38d-2ac9-4108-8591-9f313d366679,U001868,2022-07-30 05:50:18,05:50:18,129986.91,bill_payment,M00111,USD,success,desktop,D001086,243.145.145.55,debit_card,Singapore,"18.109809,102.536651",30,F,2015-09-02,active,0.75,0,0,0,auto_approved,0.3147,2022
f0e4f236-ab5e-4433-bbcf-c72895123cb1,U000810,2022-01-24 10:48:26,10:48:26,48203.11,cash_withdrawal,M00416,USD,success,atm,D002891,197.51.108.36,mobile_wallet,Kuala Lumpur,"14.658273,107.073131",46,F,2017-09-28,active,0.72,0,0,0,auto_approved,0.0636,2022
bdd07c1c-885f-42ee-bc04-2bfae5e4c777,U001167,2022-02-26 18:15:19,18:15:19,396718.81,bill_payment,M00206,VND,success,atm,D000752,252.245.17.229,credit_card,Singapore,"20.443618,105.987526",61,F,2017-06-04,active,0.62,0,1,0,auto_approved,0.4025,2022
42d253f5-a88c-4052-88bd-00cdcba70cb1,U001785,2022-11-23 12:50:43,12:50:43,179026.14,transfer,M00098,VND,success,atm,D002591,57.199.60.92,bank_transfer,Hanoi,"21.275956,105.242923",56,M,2021-03-15,active,0.64,0,0,0,auto_approved,0.2798,2022
59f3398d-699b-44ce-afa3-a24cffe2bacc,U000379,2022-03-04 10:02:00,10:02:00,871572.74,cash_withdrawal,M00149,USD,success,atm,D000697,199.53.142.124,credit_card,Hanoi,"16.82104,103.621122",28,F,2020-03-29,active,0.75,0,0,0,auto_approved,0.083,2022
f52e9e70-9427-4913-8e09-c29978c92a56,U000481,2022-12-24 12:11:06,12:11:06,1071436.61,bill_payment,M00034,USD,success,pos,D002424,163.85.74.132,bank_transfer,Singapore,"9.372373,102.645993",22,F,2017-04-10,under_review,0.49,0,0,0,auto_approved,0.4268,2022
32f216c0-ffd2-4daf-8b4e-42b44b4c877f,U000003,2022-09-08 16:27:24,16:27:24,312034.2,transfer,M00249,VND,success,desktop,D001744,49.153.2.192,debit_card,Hanoi,"15.342075,107.640995",67,F,2020-10-23,active,0.74,0,0,0,auto_approved,0.2632,2022
fb1da456-da73-461e-901c-f7828143f6e1,U000198,2022-01-13 19:29:02,19:29:02,558759.05,transfer,M00120,VND,success,atm,D001416,99.86.61.12,mobile_wallet,Bangkok,"9.714713,106.396779",63,F,2020-12-23,active,0.46,0,0,0,auto_approved,0.1048,2022
6772dd58-07ab-49bc-8301-63d1896133da,U001663,2022-02-25 12:50:44,12:50:44,411220.48,transfer,M00266,USD,failed,desktop,D000450,146.119.88.136,mobile_wallet,Hanoi,"19.099626,107.380445",64,M,2016-11-20,active,0.66,0,0,0,auto_approved,0.0626,2022
40f5ca8f-75ad-4f05-954f-ec6c3bc0bc4d,U000181,2022-06-01 23:02:36,23:02:36,945373.17,cash_withdrawal,M00264,VND,success,pos,D002207,206.23.132.234,debit_card,Singapore,"14.596614,102.855983",65,F,2016-02-07,active,0.86,0,0,0,auto_approved,0.3832,2022
df03c672-249d-49fa-8a54-d8f272d0a19d,U000024,2022-11-13 00:55:37,00:55:37,458434.64,purchase,M00305,VND,failed,mobile,D001553,94.232.80.205,credit_card,Hanoi,"19.089336,108.344829",28,F,2018-08-03,active,0.52,0,0,0,auto_approved,0.0573,2022
af6990ae-9c3b-4627-8236-210cb0e016eb,U001903,2022-05-06 05:34:00,05:34:00,419102.69,purchase,M00143,VND,success,mobile,D001242,98.13.121.158,bank_transfer,Bangkok,"12.83001,108.893589",43,M,2017-03-15,active,0.93,1,0,0,auto_approved,0.3762,2022
7738ff20-d137-4ff8-a59b-67ddc51a1367,U000719,2022-09-02 16:18:47,16:18:47,421412.31,bill_payment,M00128,USD,pending,pos,D002707,8.118.92.161,bank_transfer,Ho Chi Minh City,"20.539814,108.969369",66,M,2015-07-10,active,0.56,0,0,0,auto_approved,0.3572,2022
c58e7c1a-c29c-4d17-a072-8cfdb487c32f,U001928,2022-02-11 12:44:32,12:44:32,874514.04,bill_payment,M00364,USD,success,mobile,D002918,182.66.187.105,credit_card,Ho Chi Minh City,"19.393974,106.250422",41,F,2021-01-12,active,0.51,0,0,0,auto_approved,0.3083,2022
3a820da3-e8ce-4340-bce7-915f5bbf2cbc,U000358,2022-06-01 16:11:35,16:11:35,100870.26,online_payment,M00462,USD,success,desktop,D002909,203.27.24.162,mobile_wallet,Ho Chi Minh City,"10.397865,107.859161",25,M,2019-06-07,active,0.78,0,0,0,auto_approved,0.1087,2022
68cdd3d8-f6d0-4f81-aa6e-c750658d9cb7,U001334,2022-12-02 09:46:37,09:46:37,762303.01,bill_payment,M00453,VND,success,pos,D002930,110.225.80.59,bank_transfer,Bangkok,"18.888584,106.577128",69,M,2017-11-29,active,0.52,0,0,0,auto_approved,0.3299,2022
f9b853cb-a3f2-498d-84e8-d88474576816,U001950,2022-03-01 23:10:13,23:10:13,68789.79,purchase,M00350,USD,success,pos,D000980,218.50.208.42,credit_card,Hanoi,"8.891748,104.379771",23,M,2016-12-25,active,0.86,0,0,0,auto_approved,0.4065,2022
c0896900-63e1-402a-93c3-13ca9528310e,U001864,2022-12-08 09:55:17,09:55:17,92075.01,online_payment,M00199,VND,success,desktop,D000537,103.22.198.218,debit_card,Da Nang,"15.772826,108.946058",57,M,2020-11-24,active,0.71,0,0,0,auto_approved,0.3776,2022
0a875338-6e83-4882-9145-0da0f6b6c651,U000553,2022-11-16 21:15:45,21:15:45,1281801.65,cash_withdrawal,M00135,VND,pending,atm,D002069,91.164.244.240,mobile_wallet,Kuala Lumpur,"14.643825,103.462324",65,F,2019-08-21,active,0.7,0,0,0,auto_approved,0.1273,2022
c8100a4b-7326-4a61-ad15-a53a4064adb9,U001403,2022-06-18 14:13:57,14:13:57,876948.57,purchase,M00494,USD,success,atm,D001438,15.35.164.87,mobile_wallet,Ho Chi Minh City,"13.085292,103.693463",48,M,2021-11-03,active,0.84,0,0,0,auto_approved,0.0148,2022
7f4606af-1ddb-45f7-99d3-93701b0de579,U001740,2022-10-18 08:14:20,08:14:20,60709.04,bill_payment,M00347,USD,success,mobile,D001279,66.70.236.32,mobile_wallet,Da Nang,"19.961425,105.873231",35,M,2017-08-12,active,0.76,0,0,0,auto_approved,0.2269,2022
5ffaa75f-5c47-4037-ac77-6d1538d8a0ac,U001215,2022-03-24 08:56:39,08:56:39,561483.0,bill_payment,M00151,USD,success,atm,D000345,160.27.52.135,credit_card,Hanoi,"10.572968,105.068082",18,M,2014-05-15,active,0.61,2,1,0,auto_approved,0.4958,2022
87548aca-a420-48db-9593-1a3eb98f5256,U001605,2022-06-27 23:28:18,23:28:18,1436590.7,bill_payment,M00135,VND,success,atm,D000318,211.169.74.171,debit_card,Da Nang,"19.173721,103.106346",49,F,2018-12-25,active,0.96,0,0,0,auto_approved,0.0627,2022
2bd769be-dcf5-4f63-b489-f6ff2cf08433,U000660,2022-09-19 18:56:34,18:56:34,256917.18,transfer,M00207,VND,success,pos,D000280,168.180.114.16,bank_transfer,Hanoi,"10.672914,106.170807",32,F,2016-04-15,active,0.91,1,0,0,auto_approved,0.3694,2022
736c3b7d-8d4f-4730-8d6c-664e9846ab08,U001705,2022-03-10 00:10:31,00:10:31,573716.29,cash_withdrawal,M00371,USD,success,pos,D002233,196.135.100.22,debit_card,Bangkok,"10.518396,107.609893",66,M,2016-05-25,active,0.75,0,0,0,auto_approved,0.1202,2022
f31188d8-b1b6-4c98-86c0-975b026a56a9,U001686,2022-11-05 08:30:17,08:30:17,1392449.4,cash_withdrawal,M00356,VND,success,mobile,D001664,254.25.187.88,credit_card,Ho Chi Minh City,"19.409036,108.156136",44,F,2017-04-20,active,0.72,0,0,0,auto_approved,0.3246,2022
bfa7a831-f92e-434c-b0aa-a9b970385a4f,U000396,2022-10-17 11:29:43,11:29:43,755816.4,bill_payment,M00274,USD,success,desktop,D002732,181.72.237.92,debit_card,Singapore,"18.291548,103.189811",51,M,2015-10-21,active,0.94,0,0,0,auto_approved,0.0146,2022
f977bb95-05e2-444b-8cb8-da79927a57fa,U000665,2022-06-23 06:21:02,06:21:02,999687.56,online_payment,M00167,VND,success,desktop,D000083,68.167.235.76,bank_transfer,Singapore,"11.514816,106.067537",52,M,2017-05-14,active,0.73,0,0,0,auto_approved,0.3371,2022
292d2642-a625-427d-a170-962469c5db73,U000850,2022-06-09 23:59:47,23:59:47,171008.1,bill_payment,M00045,VND,pending,mobile,D002836,39.216.50.36,debit_card,Singapore,"8.970341,106.322861",70,F,2017-02-18,active,0.53,0,0,0,auto_approved,0.0591,2022
097456fb-6707-4397-a3b6-2657f32d0e73,U001453,2022-02-05 18:19:00,18:19:00,532317.51,transfer,M00088,USD,success,mobile,D002571,234.80.148.108,mobile_wallet,Ho Chi Minh City,"8.53081,108.911705",27,F,2021-01-07,active,0.9,0,0,0,auto_approved,0.3166,2022
c9d8860c-1f6e-40a9-9f5b-640b0a2f61b6,U001682,2022-08-16 14:33:35,14:33:35,310963.44,online_payment,M00054,VND,success,mobile,D001628,252.149.118.39,debit_card,Kuala Lumpur,"9.662977,106.761878",52,M,2020-08-01,active,0.79,0,0,0,auto_approved,0.2824,2022
f19d92c1-120d-4243-8e43-ac4c71be62fd,U001712,2022-12-04 11:24:41,11:24:41,312191.98,online_payment,M00481,USD,success,mobile,D001463,167.190.36.210,debit_card,Hanoi,"8.191779,106.232262",39,M,2018-06-27,active,0.59,0,0,0,auto_approved,0.1401,2022
c363ddbf-0f22-4581-832b-44222a15fe47,U001608,2022-12-03 23:05:01,23:05:01,189908.37,bill_payment,M00434,USD,success,mobile,D000233,123.36.84.21,mobile_wallet,Hanoi,"19.332012,102.8203",68,M,2019-03-24,active,0.56,0,0,0,auto_approved,0.252,2022
56a5c9b5-40f3-4263-97a9-be3b7680ca57,U000768,2022-02-22 18:45:01,18:45:01,1165342.29,bill_payment,M00302,USD,success,mobile,D000409,129.0.39.23,debit_card,Hanoi,"10.445099,105.514088",60,M,2017-01-21,active,0.71,0,0,0,auto_approved,0.3245,2022
0882bc17-61b4-449c-8788-043184304c28,U001285,2022-03-10 05:38:35,05:38:35,107179.61,online_payment,M00183,VND,success,mobile,D001592,246.249.62.137,credit_card,Bangkok,"12.893886,108.531937",20,F,2017-10-18,active,0.83,1,1,1,pending_review,0.6628,2022
2edb6635-1d49-4e16-b946-b175004d0798,U000136,2022-04-02 05:25:14,05:25:14,708779.43,bill_payment,M00433,VND,success,desktop,D002153,17.196.223.226,debit_card,Bangkok,"16.412209,106.753793",65,F,2016-10-17,active,0.9,0,0,0,auto_approved,0.0502,2022
5226df09-2c17-4c41-9ade-f14d1095191e,U000009,2022-12-30 15:46:57,15:46:57,920423.23,transfer,M00079,VND,success,pos,D002100,98.225.164.192,debit_card,Ho Chi Minh City,"20.472227,107.845971",24,M,2021-02-06,active,0.68,0,0,0,auto_approved,0.422,2022
04fa6313-5d7f-4a64-a824-107d0437d9a6,U000266,2022-09-15 16:50:48,16:50:48,775882.03,bill_payment,M00435,USD,success,desktop,D000201,70.34.81.69,debit_card,Singapore,"12.006478,107.656025",61,F,2014-09-12,active,0.91,1,0,0,auto_approved,0.5178,2022
bbe9639b-c90a-4757-baaf-ef5e38661d2a,U001560,2022-10-29 15:19:41,15:19:41,567228.94,cash_withdrawal,M00262,USD,success,atm,D000214,214.193.231.206,bank_transfer,Ho Chi Minh City,"20.214038,108.974514",41,F,2022-02-09,active,0.61,0,0,0,auto_approved,0.3288,2022
22ee8c3d-305d-434b-8634-732b013f686c,U000284,2022-11-28 19:49:29,19:49:29,19330.99,cash_withdrawal,M00003,USD,success,desktop,D002771,39.163.19.150,bank_transfer,Singapore,"20.782666,103.092846",29,M,2015-11-25,active,0.79,0,0,0,auto_approved,0.3944,2022
b3dbc3c9-0557-4685-8c25-af1048d16552,U000623,2022-12-10 09:37:59,09:37:59,608757.17,purchase,M00398,VND,failed,pos,D001778,214.152.44.70,debit_card,Da Nang,"13.846343,105.602428",66,M,2020-12-21,active,0.84,0,0,0,auto_approved,0.1363,2022
7d68e1ab-ffe2-4880-baa5-93d4e9a09451,U000672,2022-07-18 06:13:26,06:13:26,101647.49,cash_withdrawal,M00304,USD,success,desktop,D000423,109.142.137.91,mobile_wallet,Kuala Lumpur,"19.970208,107.160248",32,F,2021-10-17,active,0.69,0,0,0,auto_approved,0.3231,2022
4facf32a-2bdf-480c-9d35-3eb589c05425,U001961,2022-01-28 06:35:22,06:35:22,355680.61,online_payment,M00491,USD,success,mobile,D002053,231.152.93.228,credit_card,Hanoi,"13.491589,106.857806",27,M,2017-02-11,under_review,0.86,0,0,0,auto_approved,0.3688,2022
af2c41f3-4fb6-4cc3-a8bb-7c06a12c496c,U001649,2022-04-26 06:22:38,06:22:38,182888.14,bill_payment,M00158,USD,success,desktop,D000032,211.147.209.224,bank_transfer,Kuala Lumpur,"20.227619,104.41099",70,F,2022-03-23,active,0.85,0,0,0,auto_approved,0.0721,2022
4ef56835-9978-476a-a992-6e7130aeb17e,U001516,2022-04-05 16:50:10,16:50:10,283172.85,cash_withdrawal,M00173,USD,success,pos,D001568,199.13.208.17,credit_card,Ho Chi Minh City,"11.728366,105.086363",22,M,2021-08-16,active,0.67,3,1,0,auto_approved,0.5625,2022
d7937857-7743-4acd-ac90-759798a1e973,U000002,2022-10-25 07:28:15,07:28:15,183674.59,online_payment,M00024,VND,success,pos,D002286,56.37.88.31,credit_card,Da Nang,"19.938639,107.959794",45,M,2019-04-10,active,0.57,0,0,0,auto_approved,0.3529,2022
c81b96ad-5059-43cf-802f-1f233201419e,U001587,2022-06-09 03:52:09,03:52:09,85111.43,transfer,M00247,USD,success,desktop,D002224,217.197.55.250,mobile_wallet,Hanoi,"19.700953,103.676687",43,M,2017-01-13,active,0.56,0,0,0,auto_approved,0.1345,2022
5704ac86-2bb9-4ec4-b89f-c99e6b437ac4,U000471,2022-01-25 03:33:55,03:33:55,1645968.55,transfer,M00225,USD,success,mobile,D000573,45.200.37.101,mobile_wallet,Ho Chi Minh City,"8.43162,103.076297",69,M,2021-10-28,active,0.94,0,0,0,auto_approved,0.449,2022
e9833e9b-a270-4808-a19d-a8852663af8e,U001665,2022-09-25 02:34:48,02:34:48,243920.45,online_payment,M00196,USD,success,desktop,D001906,119.116.253.129,credit_card,Bangkok,"17.19718,103.642844",69,F,2020-01-02,active,0.84,0,0,0,auto_approved,0.0268,2022
72f67661-de11-4d31-b789-7686e4744571,U001427,2022-04-07 12:36:52,12:36:52,2169523.91,online_payment,M00170,USD,success,atm,D001394,239.238.121.84,credit_card,Kuala Lumpur,"11.862848,103.171004",19,M,2017-04-26,active,0.68,0,0,0,auto_approved,0.3454,2022
877a5f64-ebca-4b7d-b8b4-24ea70a1a909,U001380,2022-09-15 09:46:01,09:46:01,255273.76,bill_payment,M00337,USD,success,desktop,D000139,57.41.215.205,debit_card,Bangkok,"15.802155,105.229121",50,M,2019-07-15,under_review,0.86,1,0,0,auto_approved,0.4974,2022
e6022050-8a16-4949-870e-b729950ebe0d,U000396,2022-01-16 00:08:41,00:08:41,397595.57,cash_withdrawal,M00259,USD,success,desktop,D001724,68.56.203.118,debit_card,Kuala Lumpur,"12.273458,106.927859",70,F,2017-10-28,active,0.65,0,0,0,auto_approved,0.0325,2022
439671f0-72b6-4900-8c21-a739deac7e27,U000679,2022-06-16 14:00:55,14:00:55,165595.21,purchase,M00185,VND,success,atm,D000357,117.25.39.90,credit_card,Singapore,"19.037238,106.009828",36,M,2015-09-15,active,0.74,0,0,0,auto_approved,0.443,2022
5c8c4023-367b-4e2b-9851-c920027317a5,U000338,2022-03-05 16:02:51,16:02:51,134611.41,transfer,M00346,VND,success,atm,D000935,227.32.97.71,debit_card,Bangkok,"19.76491,103.624051",44,F,2021-05-03,active,0.72,2,1,0,auto_approved,0.3169,2022
ff1b2d50-b89b-40fe-ac5c-39da7cda3d53,U000272,2022-02-18 02:16:34,02:16:34,755598.14,purchase,M00294,USD,success,desktop,D000250,106.253.136.241,credit_card,Ho Chi Minh City,"9.633617,108.941908",31,F,2016-05-08,active,0.53,1,0,0,auto_approved,0.2566,2022
89ecc9cd-2095-46fb-9927-8ec293df5231,U000883,2022-12-04 23:12:41,23:12:41,1093524.45,online_payment,M00063,USD,success,atm,D000261,184.9.130.117,bank_transfer,Bangkok,"12.263518,105.185636",48,F,2018-11-11,active,0.95,0,0,0,auto_approved,0.124,2022
6d6119ca-c1b4-4508-9f48-b585ad91c4d7,U000678,2022-10-29 15:39:43,15:39:43,155005.66,online_payment,M00246,VND,success,atm,D002731,11.243.93.160,credit_card,Kuala Lumpur,"10.66499,103.096966",34,F,2015-01-01,active,0.83,2,1,1,pending_review,0.4878,2022
1c9c4a75-6519-4d88-9cc0-1915742e29c4,U001553,2022-09-18 15:16:28,15:16:28,306623.81,transfer,M00084,USD,success,pos,D000881,110.7.141.26,mobile_wallet,Hanoi,"13.576132,102.302279",42,F,2015-02-16,active,0.63,0,0,0,auto_approved,0.4481,2022
9ea93e5c-6734-44eb-8a8e-1d1220cc2548,U001742,2022-09-06 21:43:00,21:43:00,278665.76,purchase,M00184,USD,success,mobile,D002419,29.117.20.142,mobile_wallet,Singapore,"19.532403,103.445448",32,M,2021-02-15,active,0.65,0,0,0,auto_approved,0.252,2022
851b780f-67e1-4403-9e23-f119677c00f7,U001569,2022-09-18 11:24:19,11:24:19,1169121.63,online_payment,M00390,VND,success,mobile,D000984,178.148.82.179,debit_card,Singapore,"9.317478,104.552735",46,M,2016-06-01,active,0.9,0,0,0,auto_approved,0.0573,2022
7d2c87bc-f7aa-4719-865b-9c5e6d44636f,U001772,2022-08-25 09:57:44,09:57:44,216187.43,online_payment,M00284,VND,success,mobile,D002351,209.110.26.78,bank_transfer,Kuala Lumpur,"13.043442,105.363007",30,M,2016-02-18,active,0.8,0,0,0,auto_approved,0.2333,2022
e89b3dad-7f3f-47d5-af70-59f56527e95e,U001805,2022-03-12 06:58:32,06:58:32,160718.8,cash_withdrawal,M00210,USD,success,pos,D000573,54.202.86.178,bank_transfer,Da Nang,"16.255303,103.535504",60,F,2014-08-07,active,0.51,0,0,0,auto_approved,0.3193,2022
f6544a34-1625-432c-8354-317b0bce13f3,U001459,2022-01-25 20:29:16,20:29:16,956329.5,cash_withdrawal,M00124,USD,success,atm,D002040,51.33.108.92,bank_transfer,Bangkok,"18.143404,106.930303",41,M,2018-05-19,active,0.57,0,0,0,auto_approved,0.3146,2022
ef59526e-68c1-464a-adb1-d74892e884a5,U001624,2022-11-17 21:59:50,21:59:50,158860.53,transfer,M00487,USD,success,atm,D002635,135.143.57.169,mobile_wallet,Kuala Lumpur,"20.352367,103.5086",57,M,2021-10-21,active,0.8,0,0,0,auto_approved,0.4457,2022
f87d273d-11a2-4b7c-81bf-dd1f3b7e4214,U001964,2022-09-02 16:30:39,16:30:39,249754.69,purchase,M00489,VND,success,pos,D002514,58.102.72.188,bank_transfer,Kuala Lumpur,"17.967268,102.340726",48,M,2018-04-30,active,0.67,1,0,0,auto_approved,0.4692,2022
850a916c-47c6-4c5d-a98d-2c78a01cf32f,U001546,2022-11-26 12:16:33,12:16:33,919530.07,purchase,M00133,VND,success,pos,D002106,148.139.7.150,mobile_wallet,Singapore,"17.123704,102.289334",31,F,2022-04-06,active,0.46,0,0,0,auto_approved,0.1763,2022
086bd480-7d22-4db1-a356-826ab5075531,U000538,2022-03-29 17:35:23,17:35:23,636433.7,bill_payment,M00055,VND,success,desktop,D001675,169.113.39.173,mobile_wallet,Da Nang,"18.950657,105.250359",34,F,2017-11-27,blocked,0.97,0,0,0,auto_approved,0.339,2022
42ec56e6-adc4-4251-aeb8-5a5df72f0ea5,U000693,2022-04-29 13:07:11,13:07:11,188305.3,cash_withdrawal,M00490,USD,success,atm,D000536,21.195.5.73,mobile_wallet,Ho Chi Minh City,"15.463764,108.0984",66,M,2021-04-19,active,0.94,0,1,0,auto_approved,0.364,2022
633c98d4-6025-4208-bdbb-23520a04f71a,U001467,2022-12-24 22:40:27,22:40:27,154223.04,cash_withdrawal,M00298,VND,success,mobile,D000362,29.174.138.34,credit_card,Kuala Lumpur,"14.020621,106.690686",33,M,2021-01-01,active,0.56,0,0,0,auto_approved,0.3453,2022
5d67bd02-c736-445f-9e02-d9bf312b02b5,U001985,2022-08-22 19:49:58,19:49:58,398354.93,bill_payment,M00411,USD,success,pos,D001129,57.37.86.100,bank_transfer,Bangkok,"14.9368,107.909608",62,M,2015-10-19,active,0.91,0,0,0,auto_approved,0.0197,2022
d02e0844-0d55-4fbf-8e02-c7d99875baee,U000892,2022-06-14 11:38:21,11:38:21,322399.53,purchase,M00343,USD,failed,mobile,D001962,240.141.177.158,mobile_wallet,Hanoi,"21.1218,103.90798",23,M,2022-04-07,active,0.79,0,0,0,auto_approved,0.262,2022
fd84130a-7df7-4fc3-9472-9f97cbda96a0,U001512,2022-09-29 09:14:25,09:14:25,1528795.11,purchase,M00093,VND,success,desktop,D000751,8.129.149.229,mobile_wallet,Da Nang,"20.933396,105.953361",33,F,2019-09-12,active,0.89,0,1,0,auto_approved,0.6189,2022
d9ce9b09-0b9c-4a9a-a60d-665bdc48546d,U000757,2022-09-26 09:14:00,09:14:00,109449.09,transfer,M00378,USD,success,mobile,D000196,246.20.38.93,debit_card,Kuala Lumpur,"10.869465,105.139879",57,F,2019-08-07,active,0.67,0,0,0,auto_approved,0.1748,2022
854aa932-7ac0-438b-af1a-e9e94e4f77c0,U000598,2022-07-22 12:32:54,12:32:54,478370.24,online_payment,M00117,USD,success,desktop,D001137,6.176.57.3,debit_card,Bangkok,"12.418575,108.214731",48,M,2016-08-20,active,0.83,0,0,0,auto_approved,0.1469,2022
0668b60b-b14a-4d13-9e8e-1ba2d9f9f14b,U001315,2022-04-27 13:21:39,13:21:39,2136636.29,online_payment,M00312,VND,success,desktop,D000817,128.163.69.199,credit_card,Bangkok,"11.184547,104.07419",70,M,2015-01-03,active,0.85,0,0,0,auto_approved,0.1726,2022
0fd1c18e-8426-4055-9cf5-87bd1ee72f12,U001274,2022-06-25 20:03:30,20:03:30,1602826.9,cash_withdrawal,M00016,VND,success,desktop,D001727,58.244.49.23,debit_card,Singapore,"14.103795,103.553843",29,F,2020-10-02,active,0.57,1,0,0,auto_approved,0.5365,2022
95fadbfc-a8f0-4992-85ca-69ca86070b80,U001127,2022-02-08 14:33:09,14:33:09,799797.42,purchase,M00319,USD,success,desktop,D002437,194.191.7.152,bank_transfer,Singapore,"14.767111,107.196916",29,F,2021-06-03,active,0.85,0,0,0,auto_approved,0.0162,2022
26380437-5b17-4824-94b9-b7276405fe31,U001172,2022-06-16 22:03:15,22:03:15,120536.37,bill_payment,M00278,USD,failed,desktop,D002875,228.113.49.181,bank_transfer,Bangkok,"18.008162,104.399574",45,M,2017-06-16,active,0.51,1,0,0,auto_approved,0.2768,2022
6859ba5e-0836-45c4-812b-2f73cd8c15bd,U001006,2022-09-03 10:00:36,10:00:36,1038796.27,cash_withdrawal,M00379,VND,success,mobile,D002666,99.206.29.21,debit_card,Kuala Lumpur,"10.760975,107.669489",65,F,2014-12-13,active,0.65,1,0,0,auto_approved,0.3889,2022
176bc747-6b8c-49ca-8032-b1db95fa4660,U001122,2022-06-23 17:30:26,17:30:26,964291.81,bill_payment,M00255,VND,success,mobile,D000212,41.182.114.14,credit_card,Da Nang,"17.413986,105.953369",46,M,2019-12-10,active,0.76,0,0,0,auto_approved,0.3928,2022
3092430f-e10b-4fa8-b1bb-4ac84b696cd7,U001109,2022-08-15 04:23:15,04:23:15,4791231.29,purchase,M00274,USD,success,atm,D002392,113.197.120.237,debit_card,Hanoi,"18.401121,106.986499",59,F,2021-03-15,active,0.72,0,1,0,auto_approved,0.536,2022
742b7fb6-2885-4985-8591-76f78ae12ed6,U000438,2022-08-14 12:33:41,12:33:41,60995.18,transfer,M00424,USD,failed,mobile,D001698,203.53.245.105,bank_transfer,Ho Chi Minh City,"8.707287,108.360348",23,F,2019-09-17,active,0.74,1,0,0,auto_approved,0.3345,2022
47bde5e8-c47b-4135-86a0-1687f456d3f5,U001277,2022-03-14 17:40:08,17:40:08,370688.89,online_payment,M00244,USD,success,desktop,D002815,26.118.22.146,bank_transfer,Ho Chi Minh City,"19.252594,107.922403",36,M,2016-08-14,active,0.96,0,0,0,auto_approved,0.3429,2022
eb6157ff-c4b7-4a80-9a96-cc8e45a8d90a,U000272,2022-04-22 15:30:56,15:30:56,1248262.66,online_payment,M00272,USD,pending,desktop,D000474,84.40.213.161,bank_transfer,Da Nang,"18.626752,103.948627",68,M,2020-05-01,active,0.68,0,0,0,auto_approved,0.4361,2022
a78c40bd-72a2-4549-b63b-5918f1241eba,U001787,2022-03-24 03:02:53,03:02:53,1067534.79,transfer,M00082,USD,success,mobile,D002383,204.225.162.178,credit_card,Singapore,"12.829998,106.830417",38,M,2021-12-13,active,0.69,1,1,0,auto_approved,0.4816,2022
e16c32be-b3fe-41d4-82b0-5f720f630122,U001511,2022-10-23 08:36:20,08:36:20,117406.05,cash_withdrawal,M00416,USD,success,mobile,D001467,237.177.169.193,credit_card,Hanoi,"15.597995,108.978651",39,F,2019-05-22,active,0.77,0,0,0,auto_approved,0.3033,2022
2c867275-107d-41a0-8578-1bc8e3a4d648,U000533,2022-03-15 12:50:42,12:50:42,1091483.93,cash_withdrawal,M00009,VND,success,pos,D002104,59.107.138.210,bank_transfer,Bangkok,"19.071244,107.735817",61,F,2020-08-29,active,0.78,0,0,0,auto_approved,0.0432,2022
719c5f8e-515a-4f7a-9f57-59ac8abbd27b,U000916,2022-10-31 13:42:36,13:42:36,1914812.45,bill_payment,M00372,USD,success,desktop,D002363,226.168.53.248,debit_card,Da Nang,"21.261679,106.411197",54,M,2018-07-02,active,0.49,0,0,0,auto_approved,0.1043,2022
4522e517-2392-4499-b910-84ce58095823,U000117,2022-10-25 18:49:36,18:49:36,389256.26,purchase,M00013,VND,success,mobile,D001510,90.108.139.238,credit_card,Singapore,"12.305362,102.160776",56,F,2014-10-01,blocked,0.75,0,0,0,auto_approved,0.3015,2022
3cf5f245-19f8-4c3f-bb2e-f0e533db49c0,U001185,2022-10-09 03:43:46,03:43:46,138412.49,cash_withdrawal,M00308,USD,success,atm,D002311,241.204.122.139,debit_card,Bangkok,"16.584578,105.217948",64,M,2020-09-30,active,0.53,0,1,0,auto_approved,0.6153,2022
10baa6cc-d8ec-49b9-bb5b-cde33282e7d1,U001611,2022-05-26 16:07:57,16:07:57,421286.88,bill_payment,M00048,VND,success,mobile,D000065,183.91.26.115,credit_card,Kuala Lumpur,"14.354842,108.275739",35,F,2016-07-12,active,0.95,0,0,0,auto_approved,0.1707,2022
d0731e2e-cbb9-40f5-a242-a9a54988dab4,U001712,2022-11-02 04:23:10,04:23:10,168024.5,transfer,M00441,USD,success,atm,D002880,113.52.181.109,credit_card,Ho Chi Minh City,"20.406718,103.696024",39,M,2021-11-18,active,0.83,1,0,0,auto_approved,0.1271,2022
ffbfd607-3a4e-43f6-90f1-e3b8aa0a6df3,U000449,2022-12-11 23:33:48,23:33:48,1227111.78,online_payment,M00258,VND,success,desktop,D001335,206.162.83.131,credit_card,Ho Chi Minh City,"12.870281,106.840858",62,M,2016-02-27,active,0.94,0,1,0,auto_approved,0.2359,2022
95005e84-4e0f-4ea9-ba55-f18440630770,U001073,2022-11-15 22:35:40,22:35:40,681575.87,purchase,M00422,USD,success,desktop,D002849,8.48.194.255,credit_card,Kuala Lumpur,"13.224581,107.796529",54,F,2020-09-28,under_review,0.69,0,0,0,auto_approved,0.0827,2022
6fa7489b-b965-4857-89c1-7f190de9c127,U000701,2022-07-06 17:40:47,17:40:47,1346140.35,transfer,M00050,USD,success,desktop,D000597,206.65.88.3,debit_card,Da Nang,"15.82374,105.67505",33,F,2019-12-23,active,0.78,0,0,0,auto_approved,0.0943,2022
0d8d126a-8246-4f40-853e-20cc225facfd,U000039,2022-11-05 23:23:30,23:23:30,29334.03,cash_withdrawal,M00298,USD,success,pos,D000038,91.155.115.6,bank_transfer,Hanoi,"19.419236,103.558431",55,M,2022-02-11,active,0.95,1,1,1,pending_review,0.6789,2022
0b67530d-c0ca-43f9-8b9c-6f908397a754,U001762,2022-05-21 00:59:04,00:59:04,368159.0,purchase,M00041,USD,success,desktop,D002248,61.220.45.48,bank_transfer,Hanoi,"16.604871,103.857607",24,M,2019-03-29,active,0.98,0,0,0,auto_approved,0.0429,2022
1fa3f2ab-5804-448d-84ac-9764fb338e58,U001675,2022-12-26 10:55:14,10:55:14,1429062.59,cash_withdrawal,M00434,VND,success,mobile,D002861,16.114.9.186,mobile_wallet,Hanoi,"18.732724,108.119515",59,M,2016-03-22,active,0.6,0,1,0,auto_approved,0.3522,2022
c6b7cd80-2305-4db4-8dda-c178564bb579,U000219,2022-07-08 09:11:26,09:11:26,686123.02,cash_withdrawal,M00159,USD,success,pos,D001097,42.8.199.168,mobile_wallet,Singapore,"11.759975,105.646052",43,M,2018-12-16,active,0.89,0,0,0,auto_approved,0.1161,2022
33422383-a78e-462b-a74d-18179d9be81e,U001809,2022-01-17 18:50:52,18:50:52,752565.2,bill_payment,M00339,VND,success,mobile,D002533,201.130.186.28,mobile_wallet,Singapore,"13.897612,107.065859",39,M,2016-07-01,active,0.81,0,0,0,auto_approved,0.1112,2022
dbfaae9e-400d-4955-b9e3-df8b5fed9a00,U000467,2022-05-05 06:40:04,06:40:04,1523308.61,bill_payment,M00271,VND,success,desktop,D000389,218.18.104.128,debit_card,Singapore,"9.712762,107.620381",51,M,2016-05-29,active,0.77,0,1,0,auto_approved,0.4007,2022
1d7534b0-6ca0-46d8-a04f-f1f4ffb93c29,U001535,2022-12-04 03:34:43,03:34:43,153813.28,online_payment,M00218,VND,success,desktop,D001504,106.145.200.10,debit_card,Da Nang,"20.259381,104.196004",41,M,2017-03-18,active,0.53,3,1,0,auto_approved,0.5685,2022
28f37d93-9559-4bcf-a9cd-00a3b9bddbd2,U001965,2022-08-24 15:15:44,15:15:44,54575.61,cash_withdrawal,M00037,VND,success,atm,D002997,227.55.120.25,debit_card,Ho Chi Minh City,"17.791807,108.645509",46,F,2019-09-27,active,0.88,0,0,0,auto_approved,0.4485,2022
8d180599-7814-4895-9eae-d84db28339a9,U001175,2022-02-09 22:40:30,22:40:30,479.64,cash_withdrawal,M00355,VND,success,desktop,D000283,100.254.136.51,debit_card,Hanoi,"8.143721,107.352538",41,M,2020-12-18,active,0.94,1,0,0,auto_approved,0.4639,2022
fdc62036-3054-472f-bc67-6f13d46541c4,U001422,2022-10-20 02:02:12,02:02:12,1017773.05,purchase,M00419,VND,success,atm,D000310,234.177.184.147,mobile_wallet,Hanoi,"9.229736,104.825465",44,M,2022-04-21,active,0.68,0,0,0,auto_approved,0.126,2022
ea4a3520-bcb7-4213-91ef-66c1ffc64e9d,U000651,2022-11-18 00:31:58,00:31:58,635555.14,purchase,M00206,VND,success,desktop,D002730,192.49.242.133,mobile_wallet,Kuala Lumpur,"19.96906,107.666759",62,M,2017-07-24,active,0.89,0,0,0,auto_approved,0.0519,2022
05144daa-c764-4b96-b0ba-c9004b5ab89e,U001330,2022-06-22 22:19:48,22:19:48,2662237.24,purchase,M00142,USD,success,atm,D001456,174.167.166.24,debit_card,Bangkok,"9.250893,103.532394",59,F,2018-10-21,active,0.9,0,0,0,auto_approved,0.3337,2022
26c5326d-3e96-46ef-b082-a7c9848c067d,U000481,2022-10-10 02:45:10,02:45:10,25513.94,transfer,M00483,USD,success,desktop,D002943,251.68.24.91,mobile_wallet,Hanoi,"10.173216,102.853883",52,F,2020-07-09,active,0.93,0,0,0,auto_approved,0.3935,2022
12379dde-7a5f-4744-9828-cd95ec23a8ec,U000570,2022-07-15 04:38:14,04:38:14,693591.69,bill_payment,M00437,VND,success,mobile,D001474,39.251.30.226,bank_transfer,Singapore,"17.19165,107.032011",25,M,2020-05-28,active,0.73,0,0,0,auto_approved,0.0288,2022
8c14ee9b-ab60-4e0d-bbba-2d7b626033a7,U000899,2022-09-25 03:29:08,03:29:08,114929.91,bill_payment,M00023,VND,success,pos,D001876,78.105.126.61,credit_card,Bangkok,"10.369365,103.060555",29,M,2017-03-07,active,0.98,0,0,0,auto_approved,0.3005,2022
dd223854-6f26-4f07-b69a-a01dbe661fa7,U001536,2022-07-11 13:04:56,13:04:56,92476.04,bill_payment,M00183,VND,failed,atm,D001561,151.113.148.128,bank_transfer,Singapore,"10.080289,105.993646",48,M,2014-09-14,active,0.8,0,1,0,auto_approved,0.1858,2022
5c5f8cc7-d0d4-4837-8476-91a2a9b19eb7,U001553,2022-01-11 08:44:30,08:44:30,2322226.08,bill_payment,M00132,VND,pending,pos,D001509,125.208.125.37,credit_card,Ho Chi Minh City,"21.114652,108.030977",39,M,2016-05-02,active,0.46,0,0,0,auto_approved,0.0252,2022
2960fb60-3910-402e-ae2a-a478d9db86f4,U000525,2022-05-09 21:45:37,21:45:37,145900.45,cash_withdrawal,M00233,USD,success,mobile,D002114,24.154.251.118,credit_card,Ho Chi Minh City,"9.795322,106.833679",19,M,2017-04-06,active,0.72,0,1,0,auto_approved,0.2269,2022
299ad13c-dbe7-4627-92fb-d06b98daf92c,U000677,2022-12-19 20:39:37,20:39:37,1008924.77,cash_withdrawal,M00240,VND,success,desktop,D000520,37.201.157.155,bank_transfer,Kuala Lumpur,"13.091201,104.036896",47,M,2021-08-31,active,0.98,1,0,0,auto_approved,0.2372,2022
186e2d6d-49f7-455d-a8f0-89c9047c02f9,U000865,2022-11-06 16:47:15,16:47:15,1690123.7,cash_withdrawal,M00066,USD,success,atm,D002556,247.112.137.9,credit_card,Bangkok,"17.132445,102.807671",28,F,2020-10-21,active,0.94,0,0,0,auto_approved,0.0202,2022
1a564097-5a29-4ccc-ba95-3b3b423e1697,U001044,2022-07-16 00:25:38,00:25:38,411323.39,cash_withdrawal,M00222,USD,success,atm,D002964,8.196.59.70,bank_transfer,Da Nang,"8.681218,105.940014",43,F,2016-10-09,active,0.83,2,1,0,auto_approved,0.536,2022
074359a9-5401-4e6b-82be-d41e10bd4314,U000025,2022-03-20 07:25:21,07:25:21,121943.53,purchase,M00224,USD,success,mobile,D000070,221.189.42.216,bank_transfer,Singapore,"11.219791,103.85122",57,M,2021-07-11,active,0.47,0,0,0,auto_approved,0.0615,2022
8ec913c9-899f-4329-8726-e718f53ddfb2,U001819,2022-02-24 07:18:09,07:18:09,848675.2,cash_withdrawal,M00400,VND,success,pos,D001375,207.133.11.121,bank_transfer,Singapore,"18.210629,103.93305",34,F,2018-05-23,active,0.52,1,0,0,auto_approved,0.1287,2022
15546758-189c-440d-8fd1-be393c70de3f,U001400,2022-06-28 20:47:39,20:47:39,854999.68,cash_withdrawal,M00284,VND,success,mobile,D002697,204.16.128.134,debit_card,Singapore,"17.847462,108.151339",28,M,2017-03-15,active,0.72,0,0,0,auto_approved,0.1073,2022
79d08caf-91d6-49ac-8542-7feb1299e780,U001372,2022-06-30 20:11:26,20:11:26,9808.23,online_payment,M00375,VND,success,desktop,D000838,90.245.248.118,mobile_wallet,Singapore,"21.318423,107.036567",50,F,2018-06-28,active,0.71,0,0,0,auto_approved,0.3254,2022
dcbcbb3a-974b-445e-b000-85652ec7eca1,U001804,2022-07-24 10:47:38,10:47:38,915906.07,purchase,M00103,USD,success,atm,D001152,162.255.53.108,debit_card,Kuala Lumpur,"10.32227,106.46346",54,F,2018-08-19,active,0.87,0,0,0,auto_approved,0.0887,2022
5fa80abd-9de8-4fc4-a401-e5245fbe2921,U001724,2022-02-17 02:26:10,02:26:10,1750887.8,cash_withdrawal,M00138,USD,success,mobile,D000472,3.138.85.90,debit_card,Singapore,"14.355925,107.769921",33,F,2015-01-13,active,0.98,0,0,0,auto_approved,0.1834,2022
99d070e9-c364-4e61-8da3-60c608151205,U000562,2022-09-12 08:13:43,08:13:43,367058.17,bill_payment,M00125,USD,success,desktop,D000623,155.169.51.145,debit_card,Ho Chi Minh City,"12.067974,107.879943",69,M,2021-09-09,active,0.46,0,0,0,auto_approved,0.0243,2022
90ab64a9-6b06-44a6-9498-b62a5cb57a38,U000215,2022-03-22 04:07:57,04:07:57,400685.95,bill_payment,M00056,VND,success,atm,D001776,124.87.195.210,debit_card,Kuala Lumpur,"9.413449,107.224242",22,F,2019-01-27,active,0.95,0,0,0,auto_approved,0.1236,2022
11d46afc-53eb-4924-bacc-d8b02cac4970,U001905,2022-09-28 15:30:34,15:30:34,156151.32,cash_withdrawal,M00367,USD,success,desktop,D001686,91.12.194.193,mobile_wallet,Bangkok,"14.101142,105.949806",54,F,2019-11-20,active,0.52,0,0,0,auto_approved,0.2497,2022
08e4ea47-847a-4b9a-8556-885f2dd1128b,U001479,2022-07-14 00:07:15,00:07:15,458799.77,bill_payment,M00211,USD,success,pos,D000773,58.187.213.13,credit_card,Ho Chi Minh City,"20.206599,106.571614",28,M,2020-11-21,active,0.82,0,0,0,auto_approved,0.2378,2022
7f934cfd-7d57-4973-97c0-714bacf084a2,U000581,2022-11-17 21:30:29,21:30:29,105178.67,transfer,M00297,VND,failed,mobile,D002566,15.36.212.176,mobile_wallet,Hanoi,"20.002951,105.716305",49,M,2019-02-21,active,0.64,0,1,0,auto_approved,0.4843,2022
36d82db9-0799-439d-9901-00c9e38693bf,U000485,2022-11-11 10:53:41,10:53:41,472309.06,transfer,M00444,VND,success,mobile,D000677,171.77.230.75,bank_transfer,Da Nang,"9.456324,105.473107",54,F,2018-03-24,under_review,0.88,2,1,0,auto_approved,0.1683,2022
bf8e77ae-4b53-4705-87e4-ebf24cd38bbb,U001979,2022-10-30 17:55:19,17:55:19,223052.47,transfer,M00288,USD,success,mobile,D001860,15.215.223.161,debit_card,Bangkok,"12.725582,105.780174",49,M,2015-05-04,active,0.92,0,0,0,auto_approved,0.2059,2022
6d5beefe-87e4-4d94-8c89-43b341ef672f,U000253,2022-05-03 13:36:49,13:36:49,391690.83,bill_payment,M00258,USD,success,atm,D001874,110.13.34.214,bank_transfer,Kuala Lumpur,"20.083506,105.814094",65,F,2014-12-03,active,0.53,1,0,0,auto_approved,0.4271,2022
86cb0096-c66c-4600-90ea-47667574e5f3,U000864,2022-06-27 17:52:30,17:52:30,1810550.26,cash_withdrawal,M00128,VND,success,desktop,D001484,109.164.118.175,debit_card,Da Nang,"10.449259,104.042192",26,F,2022-04-15,active,0.69,0,0,0,auto_approved,0.4457,2022
6e48abff-6d47-4e60-8d42-472893a0be1a,U000787,2022-08-05 22:46:46,22:46:46,660727.86,cash_withdrawal,M00170,USD,success,pos,D000394,103.116.102.92,debit_card,Hanoi,"19.484607,103.457157",47,F,2020-06-14,active,0.9,0,0,0,auto_approved,0.443,2022
8a7d2c23-1673-466c-a9bb-14fa5052ac2b,U000308,2022-10-23 16:37:25,16:37:25,17694.89,bill_payment,M00070,USD,success,desktop,D001866,247.224.31.15,debit_card,Kuala Lumpur,"20.643669,103.064998",70,M,2017-02-21,active,0.87,0,1,0,auto_approved,0.6402,2022
e27edd4e-d4a0-4a50-8039-174c006d3490,U000267,2022-07-24 03:14:55,03:14:55,1112707.31,cash_withdrawal,M00226,VND,success,pos,D002367,95.222.57.8,bank_transfer,Bangkok,"19.411821,104.494747",70,F,2015-10-28,active,0.65,1,0,0,auto_approved,0.5126,2022
ad0e30e2-39d1-47d4-a895-0613192878a2,U001630,2022-05-12 20:53:14,20:53:14,17694.01,bill_payment,M00366,USD,success,pos,D000989,247.166.137.39,debit_card,Da Nang,"9.216432,104.410498",20,F,2014-06-26,active,0.85,0,1,0,auto_approved,0.5559,2022
227feaeb-8d63-4b4a-b526-78a8d7e2b0b8,U001486,2022-02-23 23:55:07,23:55:07,442753.93,purchase,M00096,USD,success,mobile,D002781,231.136.63.162,credit_card,Da Nang,"21.350607,104.382952",67,F,2014-07-24,active,0.55,1,0,0,auto_approved,0.5433,2022
c2501244-661d-4cb1-a600-51c55c15f2bb,U000438,2022-11-12 14:34:01,14:34:01,296772.61,cash_withdrawal,M00350,VND,success,pos,D001717,217.90.223.224,debit_card,Bangkok,"17.043101,106.518882",64,F,2019-03-30,active,0.77,1,0,0,auto_approved,0.1999,2022
861f6a5b-75fd-4d58-ad8d-3165ddce94ec,U001865,2022-09-08 19:56:05,19:56:05,956683.14,cash_withdrawal,M00441,USD,success,atm,D002067,172.211.36.63,credit_card,Ho Chi Minh City,"10.94597,104.917293",51,F,2020-11-23,active,0.93,0,0,0,auto_approved,0.3891,2022
bbff5ddd-7c01-4d53-8a4b-7397a55b6582,U000324,2022-01-27 08:01:10,08:01:10,92288.64,purchase,M00099,USD,success,pos,D000879,144.236.8.65,debit_card,Ho Chi Minh City,"9.07901,103.634559",46,F,2021-11-20,active,0.64,0,1,0,auto_approved,0.2403,2022
78ffeccc-72b6-4c50-9772-0bfd4f3dd72e,U001053,2022-09-08 07:03:49,07:03:49,945249.66,cash_withdrawal,M00087,USD,success,mobile,D002565,193.154.110.152,credit_card,Da Nang,"10.687864,107.468311",22,M,2022-01-17,active,0.83,0,0,0,auto_approved,0.0208,2022
1b934303-6176-4ab2-a1fe-4091bed8d461,U000914,2022-08-11 06:06:29,06:06:29,164867.27,cash_withdrawal,M00035,VND,success,mobile,D000187,83.41.169.49,mobile_wallet,Bangkok,"20.745416,105.060787",31,M,2018-06-03,active,0.73,0,0,0,auto_approved,0.2105,2022
979911c6-d4d8-4d7e-8773-c68a439949cb,U001602,2022-02-21 19:59:16,19:59:16,573930.79,cash_withdrawal,M00295,VND,success,pos,D000100,91.32.226.233,credit_card,Da Nang,"16.183629,108.231977",33,M,2021-01-26,active,0.65,0,0,0,auto_approved,0.3661,2022
852ddd53-a4b0-4123-a389-2c082355b56b,U000134,2022-11-27 15:03:23,15:03:23,218930.64,online_payment,M00437,USD,success,atm,D002820,197.17.220.108,bank_transfer,Singapore,"8.901026,104.796339",27,M,2020-01-21,active,0.89,0,0,0,auto_approved,0.1244,2022
0548a617-50ce-435a-89c6-6498014750a7,U001051,2022-04-27 01:56:48,01:56:48,45655.83,cash_withdrawal,M00491,VND,success,mobile,D001272,184.34.62.37,mobile_wallet,Hanoi,"19.954277,104.690677",41,M,2015-12-31,active,0.81,0,0,0,auto_approved,0.2514,2022
6eff05af-59b4-4e2b-9e1d-69cf6e2749a3,U001927,2022-04-12 02:58:31,02:58:31,2196663.79,purchase,M00217,USD,success,mobile,D002415,26.118.37.187,bank_transfer,Hanoi,"12.927139,104.517098",32,M,2018-05-05,under_review,0.83,0,0,0,auto_approved,0.2713,2022
5dc04a91-97ae-4ef0-b093-4dbab60dc587,U000350,2022-07-04 10:44:24,10:44:24,419442.06,purchase,M00177,USD,success,mobile,D000349,174.165.40.28,mobile_wallet,Kuala Lumpur,"14.601497,107.081076",27,M,2016-09-08,active,0.62,0,0,0,auto_approved,0.4377,2022
c11b5990-8ca0-4995-839d-76188499a69e,U001020,2022-04-09 00:26:50,00:26:50,68882.15,cash_withdrawal,M00159,VND,success,desktop,D000780,217.213.29.162,mobile_wallet,Da Nang,"11.734524,105.024047",30,M,2021-01-24,active,0.66,0,0,0,auto_approved,0.165,2022
e723e92d-1db9-40ba-af23-23321b1d88b3,U001746,2022-11-08 04:57:19,04:57:19,2263225.04,online_payment,M00221,USD,success,pos,D001697,249.242.188.63,bank_transfer,Da Nang,"20.895084,108.248509",70,M,2017-08-04,active,0.46,0,0,0,auto_approved,0.0148,2022
44bab06a-ad88-41e5-86a5-3f56e3fb6cf7,U000250,2022-02-20 13:21:58,13:21:58,610690.81,cash_withdrawal,M00424,USD,success,mobile,D002872,85.135.144.78,debit_card,Da Nang,"10.506783,106.978154",26,M,2014-01-25,active,0.9,0,0,0,auto_approved,0.2346,2022
4bd700e0-5b96-452e-83c5-ee06d82e4bdf,U001894,2022-01-24 05:55:52,05:55:52,256622.07,bill_payment,M00335,USD,success,desktop,D002461,100.20.28.185,mobile_wallet,Da Nang,"16.528653,103.961922",36,M,2016-09-22,active,0.81,0,0,0,auto_approved,0.1162,2022
3976398a-e037-4116-8bd6-d18d1d929867,U001707,2022-06-04 21:59:15,21:59:15,2361282.79,purchase,M00310,VND,success,desktop,D002008,251.111.190.48,debit_card,Da Nang,"18.610069,103.415797",22,M,2021-04-24,active,0.46,0,0,0,auto_approved,0.3696,2022
53a2ad01-9773-4f17-a206-2180307e8e2e,U001238,2022-01-15 18:55:01,18:55:01,178712.22,online_payment,M00312,USD,success,desktop,D001851,161.58.16.174,bank_transfer,Bangkok,"16.196495,103.483338",45,F,2019-05-02,active,0.67,0,1,0,auto_approved,0.5815,2022
42bfddd6-9f61-40d7-b03a-bb1b26a4fcf8,U001646,2022-08-10 02:14:12,02:14:12,921131.15,bill_payment,M00265,VND,success,pos,D002381,105.54.133.142,bank_transfer,Ho Chi Minh City,"20.332032,104.661127",38,M,2019-08-30,active,0.65,0,0,0,auto_approved,0.3366,2022
99610728-2374-4937-b65c-0fe8cb481cd5,U000558,2022-04-19 02:21:52,02:21:52,950713.89,online_payment,M00223,USD,success,atm,D001770,201.246.18.176,debit_card,Singapore,"8.458406,107.386612",35,F,2014-02-04,active,0.94,0,0,0,auto_approved,0.1332,2022
a7a9bde1-2bb3-414f-80a8-245d891380da,U001741,2022-04-03 02:08:43,02:08:43,174731.92,online_payment,M00271,USD,success,pos,D000146,80.236.36.129,credit_card,Bangkok,"19.264267,108.865393",67,F,2021-06-05,active,0.85,0,0,0,auto_approved,0.3298,2022
41cf7320-a354-48ae-ac3c-b61c3ade51ab,U001589,2022-03-29 03:49:39,03:49:39,127888.49,online_payment,M00017,VND,success,pos,D000247,147.64.234.70,bank_transfer,Ho Chi Minh City,"15.908036,106.747183",52,F,2018-11-30,active,0.55,0,0,0,auto_approved,0.0552,2022
acf8d554-8ee4-4b94-a8b8-788e3991860c,U000158,2022-07-07 00:40:26,00:40:26,59503.7,purchase,M00008,VND,failed,pos,D001553,41.170.55.202,mobile_wallet,Da Nang,"21.603601,107.003789",45,F,2022-05-31,active,0.81,2,1,0,auto_approved,0.5664,2022
a8f686c6-066e-4fe0-ab32-b6377649603f,U000793,2022-01-26 00:03:53,00:03:53,90230.27,online_payment,M00021,USD,success,desktop,D000236,153.170.104.38,debit_card,Hanoi,"8.881664,105.116339",48,M,2016-05-12,active,0.48,0,0,0,auto_approved,0.0441,2022
a7f97143-8cbb-456b-9697-9ccb0d8b78cb,U001227,2022-06-10 11:38:53,11:38:53,296417.07,transfer,M00094,VND,success,pos,D001534,50.49.40.119,bank_transfer,Singapore,"16.315846,102.016572",50,M,2020-03-29,active,0.8,0,0,0,auto_approved,0.0765,2022
571eb319-a699-430b-af76-16b9beaf161d,U000196,2022-03-02 22:14:07,22:14:07,1246263.48,online_payment,M00095,VND,success,mobile,D001477,159.253.233.39,credit_card,Singapore,"10.059313,103.463844",37,M,2020-11-24,active,0.76,0,0,0,auto_approved,0.1086,2022
e9b47bc9-1cab-49a2-a820-49f77aea76a8,U000493,2022-11-08 10:14:51,10:14:51,410467.28,online_payment,M00451,USD,success,mobile,D000146,253.11.179.181,credit_card,Bangkok,"18.58142,107.802356",49,M,2021-09-02,under_review,0.71,0,1,0,auto_approved,0.5937,2022
75538bb6-a43b-41bb-b0d9-952f0ce2fdbf,U000964,2022-04-18 01:32:06,01:32:06,1998607.49,purchase,M00218,USD,success,desktop,D001516,163.169.18.60,debit_card,Da Nang,"21.695981,106.760229",31,F,2016-10-15,active,0.46,0,0,0,auto_approved,0.448,2022
ac4468b5-9726-41ab-9846-06efc435efde,U001306,2022-09-18 16:11:36,16:11:36,1016232.55,cash_withdrawal,M00463,USD,success,atm,D002215,255.240.57.163,bank_transfer,Bangkok,"11.44552,108.061722",39,M,2021-08-18,active,0.85,0,0,0,auto_approved,0.1118,2022
d9d91d16-f388-4ded-a4fd-7c409effde4a,U000562,2022-05-17 07:00:33,07:00:33,758172.97,bill_payment,M00016,VND,success,desktop,D002541,22.30.71.202,debit_card,Bangkok,"10.364447,108.561206",60,M,2020-04-24,active,0.77,0,0,0,auto_approved,0.0275,2022
c859ecc2-aa9c-4ec0-b711-a8f0c2007714,U001904,2022-11-19 23:56:45,23:56:45,119294.54,bill_payment,M00079,VND,success,mobile,D002814,87.175.192.243,debit_card,Ho Chi Minh City,"11.175224,108.267369",26,F,2022-04-19,active,0.92,2,1,1,pending_review,0.3635,2022
bf958a21-c563-40c4-b140-5536dcc1bb64,U000100,2022-01-07 16:07:36,16:07:36,180247.63,purchase,M00285,VND,success,atm,D002279,8.52.52.104,debit_card,Da Nang,"17.859484,107.671434",39,M,2013-11-20,active,0.55,0,0,0,auto_approved,0.202,2022
90ae3b9c-35ba-4a31-8745-a9070c928647,U001396,2022-08-14 12:23:57,12:23:57,98107.53,purchase,M00125,VND,success,desktop,D000923,224.102.95.52,bank_transfer,Da Nang,"16.859532,102.782801",33,M,2020-07-01,active,0.55,0,0,0,auto_approved,0.1729,2022
6244a833-72c5-4ff4-830d-8e48c98795d3,U000968,2022-04-04 10:19:42,10:19:42,446382.69,online_payment,M00234,USD,success,desktop,D002549,248.210.223.6,mobile_wallet,Da Nang,"14.133967,107.872338",42,M,2019-06-17,active,0.98,0,0,0,auto_approved,0.3779,2022
707b99d2-af2c-455d-ad2d-12ea6e9d9885,U001264,2022-01-26 10:38:01,10:38:01,429575.34,bill_payment,M00230,USD,success,mobile,D002882,254.161.170.210,bank_transfer,Da Nang,"9.563217,106.675218",57,M,2016-01-06,active,0.7,0,0,0,auto_approved,0.2725,2022
9241d06a-493e-4a7f-8a8b-76fd172eb113,U000729,2022-06-05 21:24:40,21:24:40,2098346.76,cash_withdrawal,M00109,VND,success,atm,D002295,241.175.250.31,bank_transfer,Singapore,"19.307765,108.534029",33,F,2020-09-16,active,0.86,0,0,0,auto_approved,0.0899,2022
6f5915cb-fbe4-4a3e-a40f-126da2c37643,U000603,2022-07-09 21:26:45,21:26:45,264222.76,cash_withdrawal,M00487,VND,success,pos,D000398,106.7.143.165,mobile_wallet,Singapore,"20.367015,108.421945",69,F,2018-02-17,active,0.87,0,0,0,auto_approved,0.3066,2022
f694ccc3-e2ad-4998-94be-bb6e9e1d34ee,U001187,2022-09-06 06:38:50,06:38:50,424967.47,cash_withdrawal,M00399,VND,success,mobile,D001873,32.235.245.24,mobile_wallet,Hanoi,"19.391766,107.295231",45,F,2021-03-20,active,0.51,1,0,0,auto_approved,0.1796,2022
ffbad92d-1d87-427c-833d-4c21715ddf3b,U001683,2022-02-09 17:24:16,17:24:16,868018.47,online_payment,M00299,VND,success,atm,D001261,208.165.177.70,bank_transfer,Hanoi,"10.04268,108.010169",66,M,2015-11-15,active,0.95,0,0,0,auto_approved,0.3001,2022
c089b99c-c3cb-42e6-803e-8d5567e37227,U001660,2022-06-08 02:45:28,02:45:28,494765.05,transfer,M00258,VND,success,desktop,D002167,34.180.89.138,bank_transfer,Da Nang,"21.4232,106.525678",51,M,2021-01-02,active,0.65,0,0,0,auto_approved,0.0503,2022
63dceb5b-0882-4a27-b95e-dea91f85ba3e,U000122,2022-02-08 10:44:04,10:44:04,1657639.83,purchase,M00173,USD,success,mobile,D002412,252.94.77.182,credit_card,Kuala Lumpur,"15.948769,107.304885",57,F,2014-11-26,active,0.63,2,1,0,auto_approved,0.2211,2022
14ec8ab3-2b26-4ded-b780-774b4fa9c148,U001688,2022-01-31 23:18:35,23:18:35,1454756.83,transfer,M00432,USD,success,desktop,D001822,85.212.106.103,mobile_wallet,Ho Chi Minh City,"18.265916,105.636598",38,M,2017-05-23,under_review,0.5,1,0,0,auto_approved,0.1559,2022
932917c9-30d1-460b-adc9-8452a7743274,U000723,2022-05-20 18:25:30,18:25:30,577101.69,online_payment,M00012,USD,success,pos,D000637,177.80.227.30,mobile_wallet,Hanoi,"9.601806,108.462467",45,M,2022-03-09,active,0.94,0,1,0,auto_approved,0.2796,2022
67703902-e031-48d5-8bdf-b87f7522640f,U000805,2022-06-30 05:08:36,05:08:36,116897.39,purchase,M00107,VND,success,atm,D002960,136.94.2.59,bank_transfer,Ho Chi Minh City,"10.590466,102.380128",43,M,2018-09-20,active,0.75,2,1,1,pending_review,0.313,2022
baa155d0-7807-4de2-9a3f-ce2c62350e8b,U000463,2022-07-08 11:32:14,11:32:14,1217321.06,cash_withdrawal,M00014,VND,success,pos,D002890,118.71.242.184,debit_card,Kuala Lumpur,"18.370424,106.333963",30,F,2017-10-29,active,0.86,0,0,0,auto_approved,0.299,2022
29908c2e-9a12-4418-bcc9-34248a40f2b4,U001294,2022-04-11 11:14:16,11:14:16,286018.67,purchase,M00017,USD,success,desktop,D001356,83.133.193.99,credit_card,Singapore,"19.658207,106.212137",68,F,2021-06-25,active,0.91,1,0,0,auto_approved,0.4759,2022
984328aa-9f7e-499d-ac70-42be9378e093,U000950,2022-07-13 18:52:32,18:52:32,630214.93,transfer,M00320,VND,success,mobile,D000269,77.5.12.223,mobile_wallet,Da Nang,"19.507709,108.876615",56,F,2014-09-10,active,0.76,0,0,0,auto_approved,0.2813,2022
c7c8e63c-ca9b-4291-9b65-7bfe5d0f1bfc,U001358,2022-05-13 11:17:16,11:17:16,234778.07,bill_payment,M00445,USD,success,mobile,D002946,86.190.224.216,mobile_wallet,Da Nang,"20.486223,103.239949",68,M,2014-09-20,active,0.51,0,0,0,auto_approved,0.3791,2022
a7303b45-1cc6-4856-b041-1e6cee2b04ec,U001318,2022-04-14 16:14:49,16:14:49,167839.89,cash_withdrawal,M00308,VND,success,mobile,D002111,126.55.232.9,mobile_wallet,Ho Chi Minh City,"15.591539,103.814973",48,M,2017-11-26,active,0.73,1,0,0,auto_approved,0.4081,2022
2b3ea686-ac9f-4a61-92dc-816e64394bfe,U001136,2022-08-25 03:07:53,03:07:53,741160.88,bill_payment,M00377,USD,success,desktop,D000729,37.238.229.51,debit_card,Ho Chi Minh City,"20.25542,107.434805",61,F,2022-02-09,active,0.82,0,1,0,auto_approved,0.385,2022
e70b93d8-744d-4730-9730-a623215d7c9c,U001848,2022-07-07 02:28:45,02:28:45,34084.66,cash_withdrawal,M00106,VND,success,pos,D001410,83.67.228.160,mobile_wallet,Singapore,"8.32438,104.771238",62,F,2020-05-29,active,0.66,0,0,0,auto_approved,0.3072,2022
011c4f9e-03de-4f0e-a5f4-c1a558ce43fe,U001082,2022-10-20 11:42:27,11:42:27,896513.18,transfer,M00142,VND,success,mobile,D002321,199.53.191.2,credit_card,Kuala Lumpur,"9.555592,108.025573",49,F,2016-04-27,active,0.55,2,1,0,auto_approved,0.0866,2022
98fcf017-9edc-4f28-ae6a-2fe8906bf89d,U001642,2022-08-05 23:31:14,23:31:14,111717.97,transfer,M00211,USD,success,desktop,D002436,31.107.143.198,bank_transfer,Da Nang,"10.331037,107.107142",40,F,2019-08-24,active,0.93,0,0,0,auto_approved,0.3148,2022
da370c63-f72f-4c50-b687-97dd34a11b7f,U000378,2022-12-11 13:49:11,13:49:11,478432.99,bill_payment,M00211,USD,success,atm,D001438,10.53.110.22,bank_transfer,Singapore,"8.839587,103.64124",61,M,2021-01-02,active,0.79,0,0,0,auto_approved,0.4334,2022
8812ef2a-c37c-4fad-9bea-3118d4c35930,U000558,2022-05-09 01:36:58,01:36:58,217047.27,transfer,M00394,USD,success,atm,D000212,29.235.50.163,bank_transfer,Hanoi,"17.261957,105.530566",70,F,2022-01-09,active,0.81,0,1,0,auto_approved,0.5003,2022
48df403f-fb12-472e-86c7-7510faf067a2,U000960,2022-12-08 18:37:02,18:37:02,449498.29,online_payment,M00496,VND,success,mobile,D000958,233.49.53.182,mobile_wallet,Bangkok,"19.365962,107.855476",31,F,2020-06-07,active,0.57,0,0,0,auto_approved,0.2706,2022
111b8775-89fb-44b5-8bf0-6fd1815c606a,U001120,2022-03-31 07:05:49,07:05:49,572410.35,purchase,M00144,USD,success,pos,D001448,130.202.222.192,credit_card,Da Nang,"10.181203,108.87034",50,F,2015-12-01,active,1.0,0,0,0,auto_approved,0.2808,2022
c678aa8d-2b8f-4351-b161-6b4c8a66d01a,U001097,2022-07-26 19:56:11,19:56:11,198546.34,purchase,M00129,USD,success,desktop,D001897,47.181.114.132,debit_card,Singapore,"14.339407,105.531823",25,M,2021-11-26,active,0.69,0,0,0,auto_approved,0.1548,2022
e04a6392-1e5e-474e-8fb2-6969102218a8,U000611,2022-08-31 01:41:17,01:41:17,519913.61,online_payment,M00290,USD,success,desktop,D002182,82.195.169.22,credit_card,Da Nang,"16.826786,108.97182",64,M,2020-01-01,active,0.6,2,1,0,auto_approved,0.2713,2022
9ef324ff-d515-4f2e-a4b8-c029006d384c,U000877,2022-07-21 06:07:20,06:07:20,881341.31,purchase,M00319,USD,success,pos,D000492,114.82.182.90,bank_transfer,Ho Chi Minh City,"10.907385,107.598147",70,F,2018-06-20,active,0.73,0,0,0,auto_approved,0.3859,2022
6564403e-5ba7-4486-bd04-12e4b6378ddf,U000060,2022-01-12 21:15:57,21:15:57,494748.73,purchase,M00196,VND,success,atm,D002998,206.232.229.223,bank_transfer,Ho Chi Minh City,"15.193637,102.848046",40,F,2014-06-25,active,0.77,0,1,0,auto_approved,0.3533,2022
9651e003-7ce2-40d7-a387-f05441df4c7c,U000611,2022-08-31 14:56:45,14:56:45,622026.56,cash_withdrawal,M00326,USD,success,pos,D001176,207.107.182.178,bank_transfer,Hanoi,"20.738153,102.991756",37,F,2021-09-18,active,0.81,0,1,0,auto_approved,0.388,2022
531bf981-587e-40f0-aa05-4dc06950e92d,U000215,2022-01-17 04:12:46,04:12:46,631989.94,online_payment,M00410,VND,success,desktop,D000206,100.27.73.164,credit_card,Singapore,"11.876698,105.830807",46,M,2016-02-06,active,0.53,0,0,0,auto_approved,0.0401,2022
cf34fa15-6daa-4ed8-a70c-6d18b5c75a15,U001103,2022-10-23 14:22:13,14:22:13,292377.36,purchase,M00433,VND,success,pos,D002653,243.31.36.236,credit_card,Hanoi,"10.26557,107.6783",64,M,2022-05-23,active,0.63,3,1,0,auto_approved,0.4373,2022
3efdd217-7e9a-4b96-bfc0-b39ce0e45c06,U000955,2022-01-12 23:57:35,23:57:35,1260564.31,bill_payment,M00001,USD,success,pos,D000297,104.185.133.23,mobile_wallet,Hanoi,"13.360092,105.469217",57,M,2021-01-05,active,0.78,2,1,0,auto_approved,0.2367,2022
1aa65023-34a7-465c-a433-3e2d3b36ca1c,U000142,2022-12-05 18:42:52,18:42:52,150458.33,transfer,M00325,USD,success,atm,D000558,216.143.149.254,bank_transfer,Da Nang,"10.026041,106.633113",29,M,2019-04-10,active,0.96,0,0,0,auto_approved,0.3183,2022
f011b588-988f-4ef7-adbe-d35d5d0a4f15,U000272,2022-08-20 18:40:12,18:40:12,853543.1,online_payment,M00293,VND,success,atm,D002717,3.244.2.65,mobile_wallet,Hanoi,"15.066087,108.565679",62,M,2014-07-23,active,0.92,0,0,0,auto_approved,0.4404,2022
35eb9f97-917f-4725-9f8d-fa737740dc85,U000467,2022-10-22 03:58:52,03:58:52,6232.55,bill_payment,M00423,USD,pending,atm,D000147,50.91.149.64,bank_transfer,Kuala Lumpur,"19.343121,104.285203",34,F,2015-04-06,active,0.45,0,0,0,auto_approved,0.4159,2022
4d520ed5-c0ff-4644-8814-dcd710f2418d,U001434,2022-05-18 23:50:37,23:50:37,11640.41,purchase,M00077,VND,success,pos,D002705,100.34.136.86,credit_card,Hanoi,"14.28324,105.057017",24,F,2016-06-01,active,0.61,0,0,0,auto_approved,0.3016,2022
1ff5ac6a-42df-4b9a-a7ee-5c8dc3a5c8c2,U001582,2022-11-13 23:11:29,23:11:29,896221.58,cash_withdrawal,M00039,VND,success,desktop,D002989,130.36.39.13,mobile_wallet,Bangkok,"9.519623,108.258346",18,M,2017-08-24,active,0.67,0,0,0,auto_approved,0.326,2022
d72e22d8-357d-4506-bf2c-15d0057c6979,U001613,2022-06-12 09:04:25,09:04:25,261022.82,bill_payment,M00412,VND,success,desktop,D001597,4.60.136.114,credit_card,Singapore,"15.371021,106.285597",19,F,2021-07-19,active,0.6,0,0,0,auto_approved,0.4217,2022
0d095f57-62a6-4c1f-8780-285f67adb85c,U001264,2022-10-25 18:40:08,18:40:08,1471413.88,cash_withdrawal,M00495,USD,success,desktop,D000553,29.108.218.164,debit_card,Singapore,"21.874019,106.262048",29,M,2015-01-25,active,0.64,0,0,0,auto_approved,0.4219,2022
6a218b71-ae63-4412-9c93-3285d7c9a320,U001689,2022-12-15 20:08:39,20:08:39,2315520.37,cash_withdrawal,M00329,VND,pending,atm,D001170,197.194.12.20,credit_card,Da Nang,"16.751779,104.349953",22,F,2022-09-08,active,0.85,0,0,0,auto_approved,0.0165,2022
3c1cc74f-9d4f-4cf1-af72-f1ceda253447,U001452,2022-09-28 23:49:39,23:49:39,619556.83,transfer,M00467,VND,success,pos,D000923,3.85.40.83,debit_card,Kuala Lumpur,"8.376308,102.21605",58,M,2021-06-01,active,0.67,0,0,0,auto_approved,0.0117,2022
b2d1c1de-4cd0-48bd-9538-a1f8efe8042e,U001342,2022-04-15 12:07:35,12:07:35,56202.18,transfer,M00314,VND,success,pos,D002101,182.77.176.48,credit_card,Kuala Lumpur,"10.21478,106.805938",32,F,2019-06-09,active,0.96,0,0,0,auto_approved,0.0336,2022
e7652142-31ec-4620-9b83-602e3b92956d,U000731,2022-11-11 06:35:21,06:35:21,258027.08,purchase,M00368,USD,success,desktop,D002573,95.100.221.211,debit_card,Ho Chi Minh City,"11.214944,104.515196",64,M,2021-04-22,active,0.67,0,0,0,auto_approved,0.2827,2022
6e220fd2-443e-490e-96df-b0b59df5bddd,U000247,2022-12-30 01:39:37,01:39:37,649849.35,bill_payment,M00419,VND,success,pos,D001637,58.129.66.174,bank_transfer,Da Nang,"18.845696,106.819421",30,M,2021-11-22,active,0.94,0,1,0,auto_approved,0.6277,2022
08b123f6-62b3-4ba7-af75-265cd36329b7,U000310,2022-04-24 01:55:27,01:55:27,2396690.21,purchase,M00442,USD,success,pos,D002822,122.14.109.105,mobile_wallet,Singapore,"18.023203,108.875274",44,F,2017-02-09,active,0.71,1,0,0,auto_approved,0.1978,2022
530b65c1-6ab2-4b00-abd6-aa9f87ac7aa8,U001357,2022-05-18 03:35:52,03:35:52,110976.0,purchase,M00250,USD,success,mobile,D002873,135.243.96.23,credit_card,Bangkok,"18.618839,104.578563",34,F,2021-01-05,active,0.74,0,0,0,auto_approved,0.2664,2022
4eca788c-964d-409a-87bc-b2ff9f8e36b6,U000033,2022-04-17 20:17:51,20:17:51,305620.85,online_payment,M00262,VND,success,mobile,D001561,45.133.46.150,mobile_wallet,Da Nang,"16.066726,105.818433",21,M,2014-09-11,active,0.47,0,0,0,auto_approved,0.2017,2022
d86cafcd-7577-4604-8ca7-9f1ddbc734cb,U001859,2022-02-09 20:24:50,20:24:50,619044.06,bill_payment,M00071,VND,success,desktop,D002698,16.173.72.61,mobile_wallet,Bangkok,"12.957142,106.366891",34,M,2020-01-08,active,1.0,0,0,0,auto_approved,0.1758,2022
1a90aa83-97e8-48e4-a5ee-3de4fc6ad6b2,U001305,2022-12-16 04:02:40,04:02:40,392633.66,purchase,M00093,VND,failed,mobile,D001868,215.227.91.183,credit_card,Hanoi,"9.751114,104.182115",23,F,2022-08-06,active,0.58,0,0,0,auto_approved,0.0688,2022
9ded9ce3-ba93-4076-b88a-69b2e34867c3,U000425,2022-11-04 20:27:10,20:27:10,213081.49,online_payment,M00073,USD,failed,desktop,D002792,137.172.145.171,mobile_wallet,Bangkok,"9.331338,107.868234",57,F,2019-03-13,blocked,0.78,0,0,0,auto_approved,0.4035,2022
1a85253d-4e0c-4e16-970e-cbb7acb49bfd,U000148,2022-03-06 06:30:57,06:30:57,487589.92,bill_payment,M00076,USD,success,desktop,D001428,93.213.8.212,mobile_wallet,Singapore,"17.760304,107.354305",26,F,2019-03-16,active,0.72,0,0,0,auto_approved,0.1936,2022
c78e9296-71c3-4404-8acf-15cb14128745,U000611,2022-08-20 02:28:51,02:28:51,937970.49,transfer,M00081,VND,success,desktop,D000110,134.147.19.103,bank_transfer,Da Nang,"11.179849,108.127071",33,F,2019-07-07,active,0.88,0,0,0,auto_approved,0.1891,2022
da54e2dd-2387-4792-af38-6f96078b653f,U000304,2022-04-21 11:43:35,11:43:35,631557.01,cash_withdrawal,M00460,VND,success,pos,D000743,205.33.214.70,credit_card,Bangkok,"9.220939,106.00734",61,M,2015-08-06,active,0.7,0,0,0,auto_approved,0.0873,2022
72c6af03-b0e0-4db6-92e3-2ec775c084b6,U001106,2022-11-23 03:31:59,03:31:59,1317744.59,purchase,M00047,USD,success,desktop,D001995,206.79.19.105,credit_card,Kuala Lumpur,"21.147627,106.827453",51,M,2020-12-29,active,0.45,0,0,0,auto_approved,0.3679,2022
fd7505b3-2b99-45ac-acee-71325ae2f181,U000497,2022-05-21 02:25:02,02:25:02,79407.43,cash_withdrawal,M00175,VND,success,desktop,D002635,34.37.207.62,bank_transfer,Ho Chi Minh City,"11.939783,106.68013",28,M,2018-01-21,active,1.0,0,1,0,auto_approved,0.3183,2022
ae25c943-25c0-48e8-86d3-8f11443e17b3,U000587,2022-06-28 15:17:46,15:17:46,522441.82,bill_payment,M00254,VND,success,desktop,D000896,224.163.169.219,mobile_wallet,Ho Chi Minh City,"9.097932,102.52994",32,F,2016-03-14,active,0.81,0,0,0,auto_approved,0.2869,2022
436abeee-adbb-4bcd-9da9-5a3e1cd24ebd,U000814,2022-01-03 12:06:20,12:06:20,226989.26,bill_payment,M00144,VND,success,atm,D001926,22.4.101.114,mobile_wallet,Ho Chi Minh City,"15.65205,103.075699",52,M,2015-11-25,active,0.55,0,0,0,auto_approved,0.244,2022
eca99e28-5b5c-4cdd-a888-ecd4dd4ef8ee,U001632,2022-10-11 01:40:46,01:40:46,1337520.83,cash_withdrawal,M00153,USD,failed,mobile,D002702,180.62.144.197,bank_transfer,Hanoi,"18.426605,108.756659",54,M,2018-04-16,under_review,0.69,0,0,0,auto_approved,0.1407,2022
4f13093b-0d4e-4848-8f95-4527d3205828,U000062,2022-08-12 21:33:24,21:33:24,475443.97,purchase,M00360,VND,success,pos,D001669,74.212.109.188,debit_card,Hanoi,"17.414287,105.575333",52,F,2022-04-29,active,0.94,0,0,0,auto_approved,0.0759,2022
beff4fa5-57cd-495f-9d9a-3f2e59cd01c5,U000104,2022-12-31 15:40:30,15:40:30,190311.16,purchase,M00412,USD,success,atm,D002845,137.151.128.55,debit_card,Hanoi,"15.748219,108.658801",38,M,2022-06-01,active,0.84,0,0,0,auto_approved,0.3139,2022
ac704ddf-582d-4904-ab28-59e844d4ad32,U000802,2022-01-23 06:18:29,06:18:29,84946.15,purchase,M00316,VND,success,mobile,D002369,62.82.164.67,debit_card,Bangkok,"19.771447,108.182488",64,M,2013-11-07,active,0.66,0,0,0,auto_approved,0.0183,2022
21a2ca14-8c55-4232-aaff-9ecf2ed0af8f,U000776,2022-01-15 03:49:24,03:49:24,425299.98,transfer,M00242,USD,success,pos,D002752,53.92.160.140,bank_transfer,Da Nang,"14.565571,104.597091",70,M,2020-08-06,active,0.51,0,0,0,auto_approved,0.0655,2022
6f6acc96-b1ac-471e-93ad-5770768ae611,U001844,2022-06-15 03:07:26,03:07:26,84473.42,online_payment,M00270,USD,success,mobile,D002318,129.177.22.167,credit_card,Kuala Lumpur,"12.047315,108.213667",38,M,2018-11-13,active,0.48,0,0,0,auto_approved,0.1902,2022
6974dcdf-b68e-4721-8e69-2f8de4fa69a5,U001004,2022-03-25 02:53:08,02:53:08,429942.22,online_payment,M00267,VND,success,mobile,D002667,28.102.0.113,credit_card,Singapore,"18.68776,106.308746",49,M,2020-09-26,blocked,0.96,2,1,1,pending_review,0.2428,2022
e53fd004-5c21-4a96-b9e6-12469ac8f473,U000950,2022-12-28 11:44:48,11:44:48,492165.16,cash_withdrawal,M00023,USD,success,atm,D000181,14.106.149.54,bank_transfer,Da Nang,"8.08297,108.70354",60,F,2021-05-04,active,0.63,2,1,1,pending_review,0.3129,2022
e1234003-0234-4f77-b188-c4e4823f77bc,U001801,2022-11-23 16:46:09,16:46:09,388850.7,purchase,M00326,USD,success,atm,D002473,97.134.33.52,mobile_wallet,Hanoi,"12.744299,106.966685",42,M,2016-12-08,active,0.89,0,0,0,auto_approved,0.3669,2022
b5304451-0a36-41d9-a2ee-5dfd40d690c5,U001595,2022-06-16 10:43:56,10:43:56,404480.49,transfer,M00112,VND,success,desktop,D000093,11.177.59.211,mobile_wallet,Bangkok,"20.358282,103.070834",65,M,2017-03-28,active,0.48,0,0,0,auto_approved,0.3796,2022
ac20614c-92e3-4fa1-b102-86dc5f9de06e,U001131,2022-04-20 22:38:44,22:38:44,590647.08,bill_payment,M00139,USD,success,pos,D002508,93.128.80.105,bank_transfer,Ho Chi Minh City,"21.915076,105.630322",25,M,2015-01-18,active,0.51,0,0,0,auto_approved,0.3904,2022
cbd44633-2d06-4d24-8bec-25e62e4c8a0d,U000277,2022-01-17 19:35:38,19:35:38,936408.99,cash_withdrawal,M00109,VND,success,mobile,D000365,214.6.242.49,mobile_wallet,Bangkok,"11.810088,105.284647",33,M,2014-11-22,active,0.6,3,1,0,auto_approved,0.4709,2022
9ced788d-5f2f-439f-a8df-c87a219201a0,U000301,2022-08-21 16:38:08,16:38:08,364549.12,online_payment,M00119,VND,success,pos,D002978,253.126.181.160,debit_card,Singapore,"19.598607,104.89055",22,F,2020-10-19,active,0.95,0,0,0,auto_approved,0.341,2022
c8b07523-a91e-4c7b-a55b-3fe2e333b398,U001185,2022-04-15 12:11:55,12:11:55,586883.89,online_payment,M00269,VND,success,pos,D001848,141.100.9.193,credit_card,Da Nang,"20.710538,102.522618",33,F,2017-05-08,active,0.59,0,0,0,auto_approved,0.1166,2022
62d4d4db-a1f2-4721-b555-d4e7ab849097,U001593,2022-11-09 09:35:05,09:35:05,564.74,purchase,M00370,USD,success,desktop,D002179,12.132.109.220,mobile_wallet,Bangkok,"14.628628,107.076127",18,M,2017-06-27,under_review,0.6,0,0,0,auto_approved,0.2055,2022
0437317b-6571-4cbd-a1aa-d462152562a8,U001274,2022-02-10 01:04:12,01:04:12,689631.1,cash_withdrawal,M00133,VND,success,desktop,D000928,216.253.194.164,credit_card,Singapore,"19.303675,107.650521",38,M,2020-03-05,active,0.69,0,0,0,auto_approved,0.216,2022
7cbfcf7e-7c69-4749-be9b-3a65d76b2664,U001748,2022-02-07 20:23:50,20:23:50,1146519.81,bill_payment,M00469,USD,success,pos,D001686,85.118.224.124,mobile_wallet,Singapore,"19.877082,106.983516",37,F,2020-09-24,active,0.81,0,0,0,auto_approved,0.2764,2022
ee9207b9-9624-4cc8-80df-144983c7154f,U001259,2022-03-18 01:31:38,01:31:38,157086.95,transfer,M00146,VND,success,pos,D000707,89.31.146.66,mobile_wallet,Kuala Lumpur,"21.167892,104.514519",35,F,2014-03-27,active,0.86,0,0,0,auto_approved,0.3149,2022
0c2e9d1f-02ae-4b82-9584-67538d08a61d,U001348,2022-02-23 09:37:27,09:37:27,774827.12,transfer,M00172,USD,failed,desktop,D002901,87.134.190.70,debit_card,Bangkok,"11.642398,108.580072",30,M,2014-09-04,active,0.74,1,0,0,auto_approved,0.5498,2022
4debc699-73e6-4a43-a768-2257f9a41e86,U000817,2022-05-03 04:18:44,04:18:44,1064689.23,cash_withdrawal,M00154,USD,success,atm,D002286,45.156.245.43,mobile_wallet,Hanoi,"15.443499,108.104438",35,M,2015-05-21,active,0.49,0,0,0,auto_approved,0.0437,2022
61ce653f-f4d6-4b1b-9b67-7bb1b4669167,U001061,2022-04-20 21:58:41,21:58:41,311387.53,cash_withdrawal,M00006,VND,success,desktop,D001629,141.150.195.66,debit_card,Da Nang,"9.725561,105.456825",50,M,2019-11-26,active,0.58,0,0,0,auto_approved,0.0306,2022
9bbdf253-332e-430b-8bba-97e5e1750d39,U000750,2022-07-19 19:57:42,19:57:42,1548702.85,purchase,M00138,USD,success,pos,D000731,167.24.44.56,credit_card,Da Nang,"21.073772,103.761031",38,F,2015-12-05,active,0.61,0,0,0,auto_approved,0.2087,2022
60f639f8-0796-4d5b-9823-9499266d7c9d,U000400,2022-06-24 13:18:21,13:18:21,539189.28,cash_withdrawal,M00045,VND,success,mobile,D002296,234.213.66.2,debit_card,Singapore,"13.321989,107.198303",24,M,2015-07-21,active,0.77,0,0,0,auto_approved,0.2665,2022
f81e5d2e-a9f5-45a6-84ab-a5ec59ed7e0d,U001302,2022-05-03 21:08:27,21:08:27,2321711.03,transfer,M00149,USD,success,atm,D001695,186.17.196.76,debit_card,Hanoi,"8.203731,108.023824",57,F,2020-07-10,active,0.74,1,0,0,auto_approved,0.217,2022
b1a076be-3225-492e-af93-d1f89e025223,U001801,2022-05-13 08:19:04,08:19:04,4917.39,purchase,M00187,VND,success,atm,D001694,116.145.116.14,bank_transfer,Bangkok,"11.996443,107.551708",28,M,2015-06-19,active,0.91,0,0,0,auto_approved,0.4298,2022
237dc1d3-dbe7-45f0-a139-e9cb0827b32e,U000069,2022-08-12 08:21:25,08:21:25,362924.7,transfer,M00321,USD,success,desktop,D002288,14.117.28.235,credit_card,Bangkok,"19.630937,106.361218",34,F,2016-01-17,active,0.84,0,0,0,auto_approved,0.3433,2022
46137d81-d126-46f5-9c77-c5154b98e81c,U000069,2022-07-29 18:29:55,18:29:55,1267343.23,bill_payment,M00120,USD,success,mobile,D001716,23.245.18.50,credit_card,Da Nang,"16.397632,103.70521",56,M,2016-03-25,active,0.95,0,0,0,auto_approved,0.26,2022
98bc291e-a1ce-4381-934e-4c097fa31477,U001466,2022-10-12 10:17:18,10:17:18,51961.26,online_payment,M00394,VND,success,mobile,D001412,180.49.235.190,credit_card,Kuala Lumpur,"14.843742,103.457356",41,M,2018-01-17,under_review,0.6,0,1,1,pending_review,0.3355,2022
1a4d304e-56cc-4434-b4f9-21d10d1a2193,U001640,2022-12-11 23:38:27,23:38:27,786194.51,cash_withdrawal,M00004,USD,failed,atm,D002589,187.37.199.59,mobile_wallet,Da Nang,"13.069907,103.746737",54,M,2014-10-24,active,0.99,1,0,0,auto_approved,0.5151,2022
37b2cc03-b1c1-49e6-947e-6c97fe259a69,U000179,2022-04-22 12:10:08,12:10:08,1814814.26,transfer,M00265,USD,success,pos,D001772,183.168.39.124,mobile_wallet,Ho Chi Minh City,"20.700135,103.99418",18,F,2018-06-18,active,0.65,0,0,0,auto_approved,0.2352,2022
9723b8c3-e256-4df8-bdc3-fb7e525a52ef,U001016,2022-10-28 01:07:28,01:07:28,2500605.72,bill_payment,M00441,VND,success,pos,D001666,8.176.160.142,bank_transfer,Da Nang,"14.050163,107.532165",44,M,2021-06-04,active,0.88,0,0,0,auto_approved,0.3074,2022
c3ef783a-91dd-47ca-87c8-03a5383558b7,U000923,2022-01-14 07:22:29,07:22:29,429381.74,purchase,M00169,USD,success,desktop,D000919,182.154.50.94,credit_card,Kuala Lumpur,"18.877433,108.040446",61,M,2014-03-22,active,0.55,0,0,0,auto_approved,0.1435,2022
b9ec112f-ee74-49ef-8273-54015dc6afae,U000480,2022-02-05 08:23:24,08:23:24,1584547.45,online_payment,M00283,USD,success,desktop,D002310,244.39.19.132,debit_card,Kuala Lumpur,"16.404403,107.997343",55,M,2018-05-06,active,0.81,1,0,0,auto_approved,0.2885,2022
986f3633-2d14-4a4a-a6a7-4877f36a2081,U000369,2022-11-28 03:33:11,03:33:11,998874.94,purchase,M00277,VND,success,atm,D001339,196.164.183.101,bank_transfer,Bangkok,"11.297866,106.648022",34,M,2014-11-04,active,0.94,0,0,0,auto_approved,0.4498,2022
b21fc524-9c35-402c-86bf-f0d7db2827a5,U001211,2022-08-24 00:38:56,00:38:56,790527.92,online_payment,M00002,USD,success,pos,D001365,161.183.161.231,bank_transfer,Kuala Lumpur,"19.059411,102.606903",32,F,2020-02-16,active,0.97,0,0,0,auto_approved,0.1608,2022
5cd01eac-df63-4822-8aed-9b6493396acd,U000336,2022-10-03 17:55:16,17:55:16,485206.71,transfer,M00397,USD,success,desktop,D000657,63.65.186.160,mobile_wallet,Ho Chi Minh City,"8.833181,104.356154",59,M,2020-05-14,active,0.54,0,0,0,auto_approved,0.1893,2022
fc253323-115c-4e48-ba0d-e05cfc99cd42,U000006,2022-06-15 12:43:12,12:43:12,2375235.17,transfer,M00063,USD,success,atm,D001922,159.111.135.69,bank_transfer,Da Nang,"14.163611,102.687444",32,F,2020-03-20,active,0.62,0,0,0,auto_approved,0.3378,2022
41936fb7-0d3d-47c3-a047-53f392dc1c28,U000578,2022-01-26 18:15:32,18:15:32,1104445.58,transfer,M00429,VND,success,atm,D002036,82.238.92.254,debit_card,Hanoi,"14.539544,106.320281",65,F,2017-08-18,active,0.7,0,0,0,auto_approved,0.3923,2022
857ba22a-2039-4626-addd-154c16e5b244,U001112,2022-02-13 02:43:33,02:43:33,175806.02,cash_withdrawal,M00033,VND,success,pos,D000692,123.214.80.146,credit_card,Hanoi,"11.584515,108.721534",66,F,2018-02-10,active,1.0,0,1,0,auto_approved,0.6412,2022
17ea8472-1c4d-4ea6-b6b8-713f58a41170,U000543,2022-09-02 19:08:38,19:08:38,453088.6,transfer,M00335,VND,success,pos,D001409,181.48.219.215,credit_card,Kuala Lumpur,"11.077925,106.266249",26,M,2021-12-21,active,0.58,0,0,0,auto_approved,0.3936,2022
f0188f8a-1458-486e-84e3-64f295506578,U001319,2022-03-26 11:35:26,11:35:26,173058.21,online_payment,M00133,USD,pending,pos,D000926,80.15.96.142,bank_transfer,Da Nang,"10.982229,105.267985",66,F,2016-08-16,active,0.67,0,0,0,auto_approved,0.0726,2022
95e61190-0063-4ea1-bb21-fa4f7b042bae,U001259,2022-12-31 00:57:40,00:57:40,501520.44,transfer,M00025,USD,success,pos,D001176,136.6.183.198,bank_transfer,Hanoi,"19.548389,103.365857",66,F,2020-09-05,active,0.89,0,0,0,auto_approved,0.3706,2022
2fef4951-9e3b-47e6-9ede-886c97f64214,U000973,2022-02-21 10:32:05,10:32:05,2676553.4,purchase,M00022,USD,success,pos,D001951,42.248.20.61,credit_card,Ho Chi Minh City,"12.067229,104.769702",22,M,2016-09-23,active,0.45,1,0,0,auto_approved,0.5412,2022
afc99b71-c82c-4879-966e-db5d623f0957,U001752,2022-11-10 07:00:12,07:00:12,90221.58,online_payment,M00068,USD,success,desktop,D002799,112.15.113.7,bank_transfer,Da Nang,"20.713281,104.99037",47,M,2017-04-23,active,0.77,0,0,0,auto_approved,0.243,2022
6010c0bf-32f8-4590-906b-9f1d2e0ef5ae,U000576,2022-08-11 13:56:49,13:56:49,696512.03,transfer,M00478,USD,success,pos,D001350,140.252.84.121,mobile_wallet,Bangkok,"18.012472,102.562952",47,M,2014-07-26,active,0.98,1,0,0,auto_approved,0.33,2022
1341b504-c285-4adc-bd2e-7e039d17e12e,U000979,2022-10-25 06:20:48,06:20:48,96461.69,bill_payment,M00205,VND,failed,desktop,D000682,104.60.200.160,mobile_wallet,Kuala Lumpur,"18.288529,103.489877",49,F,2021-11-09,active,0.46,0,0,0,auto_approved,0.2818,2022
2021e621-6f3f-4656-a425-1a51fa08dbb2,U000189,2022-03-16 13:57:36,13:57:36,569312.73,transfer,M00402,USD,success,pos,D002250,19.113.14.208,credit_card,Ho Chi Minh City,"19.152587,103.433654",63,M,2020-03-24,active,0.97,0,0,0,auto_approved,0.062,2022
1779a8db-2d20-45c8-8732-2d9bdca26af1,U000677,2022-12-29 19:53:19,19:53:19,342210.3,online_payment,M00498,USD,failed,atm,D002798,164.49.140.30,credit_card,Hanoi,"10.757212,108.796109",29,F,2016-10-29,active,0.69,0,0,0,auto_approved,0.1647,2022
0a7da340-0424-4b46-93ae-ced1d7261554,U000216,2022-08-31 18:15:33,18:15:33,2102670.27,purchase,M00246,USD,success,atm,D002523,57.101.219.238,debit_card,Kuala Lumpur,"14.735444,106.22848",28,M,2021-01-03,active,0.8,0,1,1,pending_review,0.4796,2022
7d671b05-0d74-4e3b-a7cb-426ca97c2e30,U001616,2022-07-17 03:09:09,03:09:09,1826038.91,bill_payment,M00365,VND,success,mobile,D002459,112.248.146.252,bank_transfer,Hanoi,"14.471628,108.530009",20,F,2022-01-12,active,0.99,0,0,0,auto_approved,0.135,2022
f7c836f1-e811-4642-a107-e73bb6969eea,U000160,2022-10-27 13:49:50,13:49:50,127040.1,transfer,M00392,USD,success,atm,D002353,251.86.19.142,bank_transfer,Da Nang,"9.783497,103.102381",61,F,2022-01-02,active,0.59,0,0,0,auto_approved,0.2208,2022
3630ab0b-b672-435e-b509-9615fcec0458,U001313,2022-09-17 08:58:40,08:58:40,1929479.72,cash_withdrawal,M00344,USD,success,pos,D000557,184.252.143.25,mobile_wallet,Da Nang,"9.484544,107.026235",59,M,2022-02-09,active,0.54,0,0,0,auto_approved,0.4294,2022
98635663-efbc-4881-9993-d45eb5227ed0,U001181,2022-06-29 02:07:02,02:07:02,645219.62,online_payment,M00229,USD,success,desktop,D002064,32.36.184.203,mobile_wallet,Kuala Lumpur,"13.464921,102.442663",42,M,2015-08-30,active,0.78,0,1,0,auto_approved,0.5505,2022
7ed17e3d-6459-440c-badf-78c1709db6e9,U001140,2022-06-16 01:54:05,01:54:05,1698404.36,bill_payment,M00396,USD,success,pos,D000907,221.247.79.239,bank_transfer,Hanoi,"18.967462,107.229244",36,F,2020-11-23,active,0.73,0,0,0,auto_approved,0.203,2022
7b5b3657-55d9-4f89-8c38-a3b0334b5178,U001341,2022-09-22 21:57:34,21:57:34,236543.07,purchase,M00199,USD,success,atm,D001557,189.248.196.105,bank_transfer,Bangkok,"12.904572,104.376724",31,M,2016-05-12,active,0.47,0,0,0,auto_approved,0.368,2022
6df42910-719c-40cb-9ab1-47264ad3230f,U001008,2022-08-13 03:16:02,03:16:02,1317963.09,purchase,M00277,VND,success,atm,D002763,210.125.91.82,debit_card,Da Nang,"11.487334,106.238324",33,F,2021-07-29,active,0.51,0,0,0,auto_approved,0.1671,2022
c4fccae0-7fe0-4361-8df3-e50b7fc07cff,U001909,2022-03-23 17:51:26,17:51:26,135987.98,bill_payment,M00359,VND,success,atm,D000155,197.125.160.149,bank_transfer,Singapore,"9.72404,105.092931",47,F,2020-10-02,active,0.8,0,0,0,auto_approved,0.3857,2022
968ee92b-bd3d-41b4-a0e7-9f98ce475625,U000893,2022-10-07 13:39:06,13:39:06,1161191.82,purchase,M00294,USD,success,atm,D001315,205.194.108.139,debit_card,Hanoi,"15.90352,104.21931",52,F,2020-05-29,active,0.77,0,0,0,auto_approved,0.0975,2022
7e06058c-c170-4f63-9ea1-1f0c1b5e0ad3,U000670,2022-01-27 08:50:31,08:50:31,256185.28,cash_withdrawal,M00237,USD,success,mobile,D001044,150.153.110.113,debit_card,Da Nang,"12.188807,107.372748",34,F,2018-08-03,active,0.87,0,0,0,auto_approved,0.4114,2022
fbfbee4b-2306-4a2e-9393-44103ae68889,U001535,2022-04-06 22:16:45,22:16:45,226338.1,purchase,M00429,USD,success,mobile,D001330,195.209.17.111,credit_card,Ho Chi Minh City,"13.312708,105.496237",55,M,2021-05-20,under_review,0.57,0,0,0,auto_approved,0.3928,2022
7fa5b550-25d2-4d4e-8607-d4184f97200e,U000770,2022-04-23 16:23:50,16:23:50,28660.57,cash_withdrawal,M00016,VND,success,mobile,D000264,8.44.167.250,debit_card,Da Nang,"8.126825,105.423915",39,M,2015-09-08,active,0.71,0,0,0,auto_approved,0.354,2022
8be6b548-fb7d-42c5-9229-6c399b3a342e,U001820,2022-12-04 19:40:00,19:40:00,414104.44,bill_payment,M00049,USD,success,pos,D001706,244.75.54.21,credit_card,Singapore,"18.821172,102.607089",39,F,2019-04-08,active,0.46,0,0,0,auto_approved,0.362,2022
db13a972-f046-4537-9133-3be33a9fd098,U001822,2022-05-07 01:07:31,01:07:31,38946.89,bill_payment,M00167,USD,success,pos,D000009,62.50.148.204,bank_transfer,Bangkok,"13.156236,107.998047",69,F,2020-06-01,active,0.46,2,1,0,auto_approved,0.4964,2022
33f4c819-4aab-47d1-a0c2-df0790a327d0,U001941,2022-09-23 14:31:32,14:31:32,1733913.43,bill_payment,M00488,USD,success,pos,D002174,254.191.69.72,debit_card,Ho Chi Minh City,"14.530498,108.59729",40,M,2018-08-24,blocked,0.71,0,0,0,auto_approved,0.1023,2022
69f7d37e-2418-4277-892d-ab376f599bd4,U000800,2022-06-25 17:05:53,17:05:53,2518334.37,cash_withdrawal,M00158,VND,success,desktop,D002346,124.71.233.217,bank_transfer,Bangkok,"18.791061,102.004491",63,M,2019-03-13,active,0.52,0,0,0,auto_approved,0.0851,2022
ea8c02c4-d023-44d4-88e0-b19167ff4bea,U001651,2022-11-21 11:48:50,11:48:50,655514.5,cash_withdrawal,M00422,VND,success,mobile,D001518,242.115.190.121,debit_card,Da Nang,"13.496479,102.322266",60,F,2022-07-12,under_review,0.94,0,0,0,auto_approved,0.0161,2022
e2f383e3-259c-4da1-93e2-c7451d382f06,U000755,2022-07-20 17:55:38,17:55:38,157944.72,transfer,M00409,USD,success,desktop,D000715,161.49.20.149,debit_card,Da Nang,"20.654087,108.095472",24,M,2018-10-21,active,0.99,0,0,0,auto_approved,0.1354,2022
2aa9a9af-feef-4e66-85a0-9a5f6215aa9d,U001729,2022-11-19 02:03:17,02:03:17,538242.27,cash_withdrawal,M00309,USD,success,atm,D000909,84.131.55.171,mobile_wallet,Kuala Lumpur,"19.128225,108.856397",64,F,2018-08-03,active,0.63,2,1,0,auto_approved,0.1381,2022
2609c8f9-0589-4864-968e-c841973fd471,U001112,2022-11-30 16:20:24,16:20:24,176634.92,bill_payment,M00027,VND,success,atm,D002588,230.169.238.59,bank_transfer,Kuala Lumpur,"20.459143,107.735481",54,M,2014-09-28,active,0.59,0,0,0,auto_approved,0.1392,2022
e852731e-5a19-4442-9c6b-e3258d9cbc40,U001567,2022-09-01 20:05:30,20:05:30,1592212.76,bill_payment,M00164,VND,success,mobile,D001568,88.185.124.50,mobile_wallet,Singapore,"17.852543,106.705241",63,F,2019-05-17,active,0.53,0,0,0,auto_approved,0.0635,2022
21740510-2c7b-417e-81ee-7a9856112b43,U000447,2022-05-29 16:00:39,16:00:39,161013.33,transfer,M00436,VND,success,desktop,D000059,232.111.117.197,credit_card,Hanoi,"21.836041,103.017106",37,F,2017-03-04,active,0.62,1,0,0,auto_approved,0.5198,2022
fda5bf9b-38bd-4084-a208-60c9b7c7c052,U000415,2022-11-09 23:28:06,23:28:06,4108655.07,online_payment,M00361,USD,success,atm,D000954,165.139.171.156,bank_transfer,Bangkok,"20.099728,104.128439",66,M,2015-05-23,active,0.81,1,1,1,pending_review,0.9808,2022
05387aef-1f74-4d0e-9ffe-78bcb735a621,U001121,2022-11-14 16:48:32,16:48:32,241856.24,bill_payment,M00195,VND,success,mobile,D001078,208.39.196.219,bank_transfer,Ho Chi Minh City,"15.684662,106.266616",62,F,2020-09-11,active,0.67,0,0,0,auto_approved,0.3312,2022
1ae9dadf-cab8-4147-a2c0-33b7f7620dc2,U000688,2022-05-22 11:18:11,11:18:11,194427.44,online_payment,M00387,VND,success,pos,D002148,88.240.138.120,bank_transfer,Kuala Lumpur,"21.593536,105.899277",52,F,2020-05-21,active,0.91,0,0,0,auto_approved,0.2901,2022
8447e70f-e9c8-4d4c-8a9e-8bd77b61b80b,U001738,2022-01-26 19:45:39,19:45:39,398988.45,purchase,M00434,USD,success,atm,D001095,7.127.105.104,bank_transfer,Bangkok,"8.225952,107.838777",22,M,2021-11-11,active,0.96,0,0,0,auto_approved,0.3541,2022
3755bdf2-a0ab-4e82-9717-96dd00acf2d0,U001791,2022-05-31 07:48:45,07:48:45,104007.18,bill_payment,M00289,USD,success,desktop,D002313,218.215.8.32,credit_card,Singapore,"20.331258,104.724087",61,F,2019-01-10,active,0.61,0,1,0,auto_approved,0.5276,2022
a89c965e-9533-4dbc-a286-c387556a5225,U000846,2022-08-24 07:53:12,07:53:12,215385.42,transfer,M00480,USD,success,pos,D001737,11.86.200.49,mobile_wallet,Bangkok,"8.902964,108.619397",23,F,2017-07-08,active,0.47,0,0,0,auto_approved,0.3606,2022
8af0d66f-4ab0-4f9c-9999-d0a2c01f3209,U001080,2022-09-01 23:56:35,23:56:35,2001934.1,transfer,M00414,VND,success,mobile,D002021,158.70.253.230,bank_transfer,Ho Chi Minh City,"21.24381,105.64579",68,M,2020-02-16,active,0.63,0,0,0,auto_approved,0.2688,2022
b27dc447-2979-4d2c-b029-7c1981041e27,U001522,2022-04-23 14:38:39,14:38:39,147366.94,bill_payment,M00075,USD,success,desktop,D002222,228.157.254.27,mobile_wallet,Da Nang,"19.094848,107.425432",68,M,2019-03-02,under_review,0.57,1,0,0,auto_approved,0.3154,2022
c18b3c28-850e-41b1-89eb-b58dfbd39297,U001274,2022-01-16 01:24:16,01:24:16,1317895.51,bill_payment,M00484,USD,success,mobile,D001075,184.177.172.26,mobile_wallet,Bangkok,"9.997233,107.633088",46,F,2017-02-14,active,0.53,0,0,0,auto_approved,0.2605,2022
95627f71-9616-4dc1-85f3-0742ea4b964e,U001645,2022-12-31 09:55:13,09:55:13,33902.84,cash_withdrawal,M00248,USD,failed,pos,D002456,5.228.85.161,debit_card,Bangkok,"14.796378,105.540142",26,M,2020-05-03,active,0.91,0,0,0,auto_approved,0.3761,2022
390037c2-3a3c-400f-be71-3ab814479df3,U001819,2022-11-15 09:49:03,09:49:03,1223516.65,bill_payment,M00325,VND,success,pos,D001476,236.84.100.14,credit_card,Singapore,"11.083045,102.302782",19,M,2020-04-29,active,0.64,0,0,0,auto_approved,0.3453,2022
b69c87ed-1be7-4314-a067-ea7b8f5783dc,U000304,2022-01-22 01:32:54,01:32:54,125166.6,online_payment,M00366,VND,success,pos,D001185,196.232.249.143,mobile_wallet,Hanoi,"14.451078,103.769711",32,F,2020-05-31,under_review,0.9,0,0,0,auto_approved,0.4164,2022
d61f9ec0-dc68-4c0c-b2bf-9efe54f8982a,U001769,2022-03-06 00:02:39,00:02:39,377422.35,cash_withdrawal,M00061,VND,success,atm,D002027,171.133.236.196,credit_card,Kuala Lumpur,"12.573276,102.16907",42,M,2019-02-18,active,0.46,0,0,0,auto_approved,0.0893,2022
73b6634c-5d36-47b3-a180-88bf53266eb2,U000622,2022-09-07 11:29:41,11:29:41,201931.81,transfer,M00218,USD,success,atm,D000702,103.63.66.202,mobile_wallet,Da Nang,"8.705905,103.900682",34,F,2016-11-18,active,0.64,0,0,0,auto_approved,0.3431,2022
8112fc94-7041-4928-8efb-049127089d22,U000957,2022-05-22 17:44:41,17:44:41,667007.48,transfer,M00471,USD,success,pos,D001208,123.45.219.18,debit_card,Ho Chi Minh City,"14.43435,106.480523",60,M,2018-09-07,active,0.8,0,0,0,auto_approved,0.2415,2022
790e5c95-24e6-47d6-b518-a6153086f81f,U000969,2022-06-15 10:23:38,10:23:38,554208.49,bill_payment,M00149,USD,success,atm,D000882,72.123.3.230,bank_transfer,Singapore,"14.479551,103.316639",51,M,2021-01-30,active,0.92,0,0,0,auto_approved,0.1701,2022
bffd59a4-7382-42f3-8ce7-958b0693c6f2,U001266,2022-06-11 07:44:27,07:44:27,474712.16,bill_payment,M00412,USD,success,pos,D001713,10.186.99.119,bank_transfer,Kuala Lumpur,"12.871356,106.634673",34,F,2017-11-05,active,0.69,1,0,0,auto_approved,0.4532,2022
971f6dd1-be32-4d91-96cb-80c6a59007da,U000164,2022-10-10 07:24:52,07:24:52,734721.65,bill_payment,M00459,VND,success,pos,D000232,187.21.84.21,bank_transfer,Singapore,"9.639732,106.674446",46,M,2022-05-22,active,0.89,0,0,0,auto_approved,0.1426,2022
4f988a94-abff-4dd6-a09b-3d0d10bcea54,U000771,2022-07-13 05:48:53,05:48:53,799071.64,online_payment,M00114,USD,failed,atm,D002870,95.116.189.247,bank_transfer,Kuala Lumpur,"21.483609,107.740919",32,F,2017-04-09,active,0.89,0,0,0,auto_approved,0.0861,2022
9d85ecab-38af-4958-a218-bde700b8f6e1,U001725,2022-05-01 09:14:25,09:14:25,1051323.84,online_payment,M00391,VND,success,desktop,D000122,234.46.246.232,bank_transfer,Hanoi,"14.891825,108.760371",31,M,2016-10-05,active,0.97,0,0,0,auto_approved,0.123,2022
6e5ff200-f281-4c68-ba99-d68dbfe5d6dd,U001473,2022-08-13 06:08:58,06:08:58,318565.72,bill_payment,M00476,VND,success,desktop,D001250,193.3.167.20,credit_card,Bangkok,"17.117892,103.221482",49,F,2017-09-07,active,0.79,0,0,0,auto_approved,0.2182,2022
8cf15acc-4a14-4386-ba93-e797d38771b7,U001647,2022-02-01 16:16:35,16:16:35,307500.97,transfer,M00441,VND,success,pos,D002897,191.138.62.73,mobile_wallet,Bangkok,"9.520984,103.045323",68,M,2014-11-17,active,0.95,0,0,0,auto_approved,0.0408,2022
4dce9a39-d2a5-46ed-857b-d8021f45adef,U001480,2022-04-24 14:02:25,14:02:25,314176.22,transfer,M00381,USD,success,pos,D000394,83.12.8.60,mobile_wallet,Hanoi,"21.932489,102.641235",52,M,2022-01-09,active,0.97,0,0,0,auto_approved,0.1848,2022
8bd3412d-9687-49c1-a714-2f9515450d01,U000729,2022-08-02 10:04:54,10:04:54,691212.65,cash_withdrawal,M00002,VND,success,pos,D001620,144.250.121.112,debit_card,Da Nang,"20.137385,105.836063",56,F,2016-07-29,active,0.58,0,0,0,auto_approved,0.1268,2022
b4a7d4eb-b89d-4838-be30-abc523e38fbc,U000605,2022-04-05 23:20:14,23:20:14,197242.96,purchase,M00259,VND,success,atm,D002185,203.137.134.221,debit_card,Hanoi,"17.296502,105.354526",30,F,2017-01-12,active,0.72,0,0,0,auto_approved,0.0311,2022
b9ec4ad2-1c89-432f-b3d7-bf4eb8d4b7cf,U000954,2022-08-26 10:35:48,10:35:48,268775.16,bill_payment,M00318,VND,pending,atm,D002270,9.98.124.229,credit_card,Ho Chi Minh City,"19.748908,108.485978",28,M,2015-05-02,active,0.62,0,0,0,auto_approved,0.4053,2022
ff8f0ae6-e802-4c11-922d-2c9d7f193064,U000676,2022-08-03 18:27:39,18:27:39,92379.33,online_payment,M00143,USD,success,desktop,D000790,173.121.212.55,credit_card,Ho Chi Minh City,"14.87041,108.869446",58,F,2019-10-08,active,0.86,0,1,0,auto_approved,0.4363,2022
f506ee96-2428-454f-8bc1-1580a39bd4bf,U001314,2022-06-30 06:40:23,06:40:23,1346445.97,online_payment,M00496,USD,success,mobile,D001441,56.213.8.156,credit_card,Kuala Lumpur,"12.080664,103.85542",62,F,2018-10-26,active,0.55,0,0,0,auto_approved,0.3407,2022
cc3ac193-76e1-42ec-a45e-c98b59a95fde,U001130,2022-01-29 18:17:28,18:17:28,1926560.28,cash_withdrawal,M00348,USD,success,atm,D001838,121.204.124.12,debit_card,Kuala Lumpur,"9.424316,107.728849",28,F,2019-07-06,active,0.53,0,0,0,auto_approved,0.1345,2022
6c66b784-3d40-404c-ad36-09a891731de4,U000265,2022-05-25 15:36:48,15:36:48,76873.97,transfer,M00452,VND,success,mobile,D000917,1.170.73.1,bank_transfer,Hanoi,"9.298055,102.702696",49,M,2018-03-22,active,0.98,0,0,0,auto_approved,0.2278,2022
95ae8f68-658d-4745-af87-a6261939a416,U001014,2022-06-09 21:02:17,21:02:17,690826.24,online_payment,M00206,USD,success,pos,D000965,212.25.213.52,credit_card,Ho Chi Minh City,"8.084453,102.381909",63,M,2018-02-18,active,0.46,0,0,0,auto_approved,0.3921,2022
73503c2d-1db9-4d5d-8527-221d42c2ce31,U001571,2022-07-13 10:15:05,10:15:05,166176.72,transfer,M00215,USD,success,pos,D002746,34.220.33.109,credit_card,Singapore,"10.75619,105.851863",67,M,2015-11-16,active,0.51,0,0,0,auto_approved,0.3807,2022
26cb8ce5-c972-4272-b81d-e2d20a3a33ea,U001934,2022-03-22 02:31:31,02:31:31,331865.51,online_payment,M00238,USD,success,mobile,D000121,218.70.193.19,credit_card,Hanoi,"14.601988,105.833047",45,M,2019-03-15,under_review,0.53,0,0,0,auto_approved,0.2487,2022
490c8a94-ed8f-48fa-81f9-39ce62658d76,U001382,2022-10-13 10:09:25,10:09:25,262736.37,transfer,M00224,VND,success,atm,D000346,79.123.214.210,credit_card,Ho Chi Minh City,"8.732408,106.472973",56,M,2019-08-16,active,0.89,0,1,0,auto_approved,0.643,2022
53fe0f2c-d472-4d93-99b7-e385ccac840b,U001053,2022-11-17 15:30:54,15:30:54,301471.17,online_payment,M00355,USD,success,atm,D001731,54.123.226.227,credit_card,Bangkok,"11.412012,102.397694",34,F,2019-08-19,active,0.6,0,0,0,auto_approved,0.4331,2022
1f1d8b40-e0b7-4d02-b19b-258803578f36,U001598,2022-08-14 06:49:23,06:49:23,1419006.83,bill_payment,M00079,VND,success,desktop,D001607,18.67.141.53,bank_transfer,Kuala Lumpur,"15.288556,106.23663",41,F,2017-05-16,active,0.46,0,0,0,auto_approved,0.4222,2022
fd40fee4-36b7-4327-b7fc-479026637fe2,U001506,2022-03-15 23:59:22,23:59:22,505955.93,transfer,M00182,USD,success,mobile,D000812,96.222.139.5,bank_transfer,Singapore,"11.134953,103.198707",55,F,2022-02-06,active,0.73,0,0,0,auto_approved,0.2487,2022
bb14cfb1-ffc1-467c-8ce2-92ed8843cade,U000092,2022-07-12 20:51:20,20:51:20,41267.36,cash_withdrawal,M00005,USD,success,pos,D001232,94.188.79.206,debit_card,Hanoi,"20.563987,106.124762",51,F,2019-10-06,active,0.8,0,1,1,pending_review,0.3916,2022
7ba81ad1-b7ab-40e9-a21c-55300b57c788,U001022,2022-11-13 01:51:52,01:51:52,1972711.91,cash_withdrawal,M00500,USD,success,desktop,D001403,18.7.230.50,credit_card,Ho Chi Minh City,"21.956965,103.664647",53,F,2018-06-15,active,0.98,0,0,0,auto_approved,0.284,2022
bbd647ed-ee61-42fa-9b43-56ccafbe5ca3,U000458,2022-04-01 17:56:09,17:56:09,311094.04,online_payment,M00309,VND,success,pos,D000692,10.194.253.168,credit_card,Bangkok,"15.633308,104.656392",51,F,2018-01-28,active,0.75,0,0,0,auto_approved,0.2222,2022
ebf846d5-51e0-416d-8c40-e53ce82e1aad,U001455,2022-12-31 15:42:43,15:42:43,19059.36,transfer,M00224,USD,success,mobile,D002738,1.120.14.234,debit_card,Singapore,"12.125521,103.150134",40,M,2018-08-25,active,0.93,0,0,0,auto_approved,0.2925,2022
555f34c4-a266-40a0-a40a-f72d999c3bf5,U000283,2022-04-01 08:59:38,08:59:38,1682461.36,online_payment,M00204,USD,success,atm,D002973,215.216.181.144,mobile_wallet,Da Nang,"11.321763,102.376544",42,M,2019-10-04,active,0.97,0,0,0,auto_approved,0.2851,2022
ec1085ae-30a1-487e-b4ff-6ab1955bb1d6,U000195,2022-06-27 11:52:04,11:52:04,1604287.69,bill_payment,M00077,VND,failed,atm,D002825,136.40.208.45,mobile_wallet,Singapore,"16.81098,105.515012",29,F,2019-06-11,active,0.76,0,0,0,auto_approved,0.0929,2022
76dbaa9c-7138-4f8b-abe1-b0ed27ab0dc5,U000546,2022-06-18 00:25:15,00:25:15,239166.78,cash_withdrawal,M00342,VND,success,atm,D002128,32.205.104.142,debit_card,Kuala Lumpur,"21.18812,103.52263",60,F,2018-02-06,active,0.82,0,0,0,auto_approved,0.2221,2022
1c00a651-6bc1-4eaa-98ba-c195ce86c41b,U000042,2022-05-25 09:39:33,09:39:33,37988.42,online_payment,M00475,VND,success,pos,D000954,110.63.89.188,debit_card,Singapore,"21.611763,103.96073",66,F,2020-05-02,active,0.75,0,0,0,auto_approved,0.3808,2022
4a372f4c-c1e6-401e-89b7-aaff51701771,U000798,2022-06-02 00:11:30,00:11:30,2052854.61,purchase,M00320,USD,success,atm,D000118,247.0.225.93,bank_transfer,Da Nang,"9.020105,103.086092",25,F,2014-08-10,active,0.93,0,0,0,auto_approved,0.0473,2022
93e2fe8e-2050-40e7-a4c4-39840d38b6dd,U000812,2022-02-04 18:15:19,18:15:19,37870.83,bill_payment,M00473,VND,success,atm,D002137,175.182.25.69,debit_card,Singapore,"13.978597,102.480736",41,F,2018-10-18,active,0.55,0,0,0,auto_approved,0.2684,2022
398c0bb4-b8c1-4fdc-8dfb-3246541fb6ca,U001751,2022-09-05 06:54:32,06:54:32,143746.78,transfer,M00200,USD,success,mobile,D000830,7.63.109.98,bank_transfer,Singapore,"12.061225,106.569692",31,M,2016-08-28,active,0.49,0,0,0,auto_approved,0.0288,2022
3b9f4ad4-0a2e-4761-8ce4-7bf648bc8856,U000040,2022-05-21 07:29:34,07:29:34,229256.17,purchase,M00472,USD,success,mobile,D002614,68.57.132.50,mobile_wallet,Bangkok,"17.450529,102.03582",44,M,2014-05-03,active,0.74,0,0,0,auto_approved,0.3617,2022
d1dfd785-cda6-4d55-9399-d0b56b75e79d,U000344,2022-11-09 22:49:17,22:49:17,2177546.68,transfer,M00259,VND,success,desktop,D001342,77.171.203.89,bank_transfer,Da Nang,"15.054851,108.951091",39,F,2016-12-31,active,0.88,0,0,0,auto_approved,0.3401,2022
0d3a1530-911c-40e0-bb57-ba254df79e04,U000231,2022-03-22 03:30:24,03:30:24,492435.96,transfer,M00058,USD,success,atm,D002895,91.222.182.38,mobile_wallet,Hanoi,"17.089541,102.067656",48,M,2021-02-02,active,0.94,1,0,0,auto_approved,0.23,2022
43ecd88b-d5c3-4f0e-a478-bf4727ae0ca0,U000025,2022-05-11 01:31:04,01:31:04,284233.16,transfer,M00328,VND,success,desktop,D000859,26.117.1.65,credit_card,Ho Chi Minh City,"14.862127,104.057035",46,M,2016-08-30,active,0.59,0,0,0,auto_approved,0.0587,2022
df283820-f023-46ed-ad28-6db26be0aa2b,U001324,2022-05-29 08:05:19,08:05:19,1733047.07,cash_withdrawal,M00308,VND,success,mobile,D000532,242.119.226.174,credit_card,Ho Chi Minh City,"9.495014,105.581066",35,F,2019-09-02,active,0.74,0,0,0,auto_approved,0.155,2022
ccae70e2-a405-46bb-bf8c-afaa451d42b3,U001549,2022-01-02 21:49:21,21:49:21,298372.1,transfer,M00474,VND,success,pos,D000433,22.214.211.43,debit_card,Da Nang,"14.778667,107.352019",34,F,2014-06-10,active,0.85,0,0,0,auto_approved,0.067,2022
6131ac1f-8458-47b2-a78d-69f1d5e1a701,U000374,2022-09-25 04:07:24,04:07:24,705468.61,online_payment,M00053,USD,success,pos,D000726,8.105.76.95,credit_card,Singapore,"12.118762,105.367378",69,M,2014-07-25,active,0.72,0,0,0,auto_approved,0.3385,2022
92b4fb00-1336-43fc-8246-9ca6c66259e3,U000484,2022-04-07 19:33:15,19:33:15,1027390.39,transfer,M00248,USD,success,mobile,D000758,95.46.15.188,mobile_wallet,Singapore,"12.564592,108.382587",50,M,2019-03-10,active,0.7,0,0,0,auto_approved,0.3822,2022
972c9f6f-0eaf-4b97-b53a-363c995df533,U001667,2022-01-05 09:53:38,09:53:38,25406.34,purchase,M00133,USD,success,pos,D000765,234.250.30.61,debit_card,Hanoi,"17.037464,103.621771",36,F,2016-02-12,active,0.96,0,0,0,auto_approved,0.2745,2022
2d1c3892-34d3-4241-b4c3-0cab4c733107,U000195,2022-10-09 17:29:41,17:29:41,76525.46,purchase,M00356,USD,success,atm,D001789,179.226.122.34,credit_card,Ho Chi Minh City,"11.700304,106.593482",24,M,2014-09-06,active,0.96,0,0,0,auto_approved,0.4248,2022
f07eb506-e081-47b4-802f-90b01080e3e1,U000855,2022-08-22 22:32:17,22:32:17,822283.46,online_payment,M00187,VND,success,desktop,D002995,226.122.133.75,debit_card,Singapore,"13.346967,103.927879",65,M,2015-12-26,active,0.75,1,0,0,auto_approved,0.514,2022
99b60ba4-7469-4221-8fdd-3160b9178f02,U001741,2022-01-28 16:25:20,16:25:20,540971.82,bill_payment,M00287,USD,success,mobile,D000425,114.158.155.98,debit_card,Kuala Lumpur,"10.324397,107.382602",47,M,2015-11-03,active,0.92,1,0,0,auto_approved,0.3578,2022
c16aaef8-b8ca-4b68-aebf-de1acf07c356,U001373,2022-06-30 05:13:39,05:13:39,1138225.31,transfer,M00132,VND,success,pos,D002799,211.36.49.4,debit_card,Ho Chi Minh City,"9.652117,106.923566",18,M,2019-05-22,active,0.89,0,0,0,auto_approved,0.3126,2022
6081ba69-c27d-4397-8dbd-1afbc32751cb,U001065,2022-05-07 01:02:32,01:02:32,25585.89,bill_payment,M00077,USD,success,desktop,D002071,82.226.136.47,bank_transfer,Hanoi,"8.31422,105.405639",60,M,2017-12-13,active,0.65,0,0,0,auto_approved,0.1765,2022
3413c32a-6b7b-49e5-9105-b2b8f924a783,U000824,2022-10-05 20:35:53,20:35:53,560458.86,purchase,M00182,USD,success,pos,D000510,220.221.36.73,credit_card,Singapore,"13.202923,105.104303",54,M,2018-02-26,under_review,0.65,0,0,0,auto_approved,0.2732,2022
2fdcc19e-913b-4f73-88e5-dbb0cb796dc0,U001150,2022-12-23 21:31:50,21:31:50,1118731.94,transfer,M00424,USD,success,pos,D001967,200.32.208.100,bank_transfer,Hanoi,"8.65891,103.768358",69,F,2018-09-22,active,0.86,0,0,0,auto_approved,0.2627,2022
5f5b9d3a-c086-48a4-bf56-6dd919c324e6,U001465,2022-09-21 06:42:13,06:42:13,2151067.24,bill_payment,M00063,USD,pending,desktop,D002316,179.247.255.38,debit_card,Bangkok,"10.00256,108.902799",65,M,2020-02-20,active,0.86,0,0,0,auto_approved,0.2437,2022
f35ba992-f6c3-4f13-9d2f-bbe5925f33ea,U000319,2022-10-28 23:49:49,23:49:49,116454.42,online_payment,M00415,USD,success,mobile,D001419,106.68.244.158,bank_transfer,Da Nang,"11.798505,102.108557",46,M,2018-12-02,active,0.75,0,1,1,pending_review,0.2624,2022
ab739aa3-c7e3-4a2c-8632-3efd3e4d1cc0,U001195,2022-05-10 15:35:19,15:35:19,140394.36,bill_payment,M00305,USD,success,pos,D001573,179.103.28.5,bank_transfer,Kuala Lumpur,"20.709899,107.758352",44,F,2021-06-05,active,0.62,0,0,0,auto_approved,0.1479,2022
d3b50e00-b77a-4dcd-8d3c-f0382384650f,U001034,2022-09-06 10:12:29,10:12:29,784266.87,purchase,M00291,USD,success,atm,D002596,206.70.90.120,credit_card,Bangkok,"8.942233,107.400451",66,F,2018-02-23,active,0.55,0,0,0,auto_approved,0.1005,2022
9d829e62-09d1-4c5b-aaee-57d8a7a4e121,U000832,2022-12-25 20:38:43,20:38:43,1465176.42,transfer,M00135,USD,success,desktop,D002710,236.237.71.31,credit_card,Ho Chi Minh City,"10.949997,107.275246",24,F,2019-03-18,active,0.52,0,0,0,auto_approved,0.281,2022
254708ef-4a25-44e2-ab80-7e3ef9eb53ad,U001739,2022-04-27 16:43:49,16:43:49,1144232.14,cash_withdrawal,M00160,USD,failed,mobile,D001822,126.8.153.26,debit_card,Ho Chi Minh City,"21.589802,105.143726",27,M,2015-12-19,active,0.97,0,0,0,auto_approved,0.3686,2022
fdefb6ab-8f06-4382-8e48-8d6bb25267e0,U000610,2022-04-21 20:19:33,20:19:33,2227109.2,bill_payment,M00296,USD,success,mobile,D001598,129.150.66.172,mobile_wallet,Bangkok,"21.239928,105.277819",59,F,2015-01-02,active,0.93,0,0,0,auto_approved,0.076,2022
f10d541c-a542-404d-95c6-983c91b76f20,U001932,2022-05-15 17:09:41,17:09:41,511800.48,transfer,M00208,VND,success,pos,D000349,34.144.105.66,debit_card,Da Nang,"10.489479,105.277218",48,M,2021-07-20,active,1.0,0,0,0,auto_approved,0.1094,2022
9c8747f9-e822-4c22-9641-21200b0e1631,U000123,2022-10-02 19:41:04,19:41:04,403024.7,purchase,M00151,USD,success,mobile,D002209,121.14.146.251,debit_card,Bangkok,"15.611453,103.01894",23,M,2021-03-14,active,0.45,0,1,0,auto_approved,0.2968,2022
6a0b59da-5415-4863-b1c9-c5287b39da9a,U000950,2022-09-17 10:32:15,10:32:15,1069029.07,transfer,M00072,VND,success,mobile,D000603,107.202.66.73,debit_card,Ho Chi Minh City,"18.828382,106.511263",29,M,2021-10-28,active,0.92,0,0,0,auto_approved,0.2256,2022
9ad4c72e-459b-4600-a6c1-9098a43edd43,U001509,2022-06-24 05:29:58,05:29:58,233931.45,cash_withdrawal,M00165,VND,success,desktop,D000979,91.180.92.219,debit_card,Ho Chi Minh City,"9.523458,107.401884",21,F,2016-09-18,active,0.46,0,1,0,auto_approved,0.556,2022
1bf056be-ffe8-45db-a046-6d891dd26c57,U001147,2022-06-13 00:00:23,00:00:23,653294.83,transfer,M00375,VND,success,pos,D000133,158.202.137.207,credit_card,Kuala Lumpur,"10.425525,104.426512",19,F,2018-09-24,active,0.52,1,0,0,auto_approved,0.4885,2022
8a039c13-0c43-493d-9e9c-c86446192196,U001389,2022-10-01 16:32:35,16:32:35,416671.54,bill_payment,M00181,VND,success,pos,D000780,51.59.155.193,credit_card,Bangkok,"21.174531,107.969401",32,F,2018-06-27,active,0.56,0,0,0,auto_approved,0.1719,2022
b9063364-226a-4ac4-bce1-6fc0bad9d503,U001316,2022-03-25 14:30:49,14:30:49,93947.97,cash_withdrawal,M00377,USD,success,mobile,D001666,174.220.2.185,credit_card,Ho Chi Minh City,"9.604501,102.947726",25,F,2016-03-07,active,0.47,1,0,0,auto_approved,0.259,2022
7427ab78-6c4f-4ed2-bdfb-5cdfc9cd2d1f,U001928,2022-06-12 07:56:04,07:56:04,354375.82,online_payment,M00047,VND,pending,desktop,D002359,155.142.153.92,mobile_wallet,Ho Chi Minh City,"20.960974,108.082243",24,M,2021-12-03,active,0.98,1,1,1,pending_review,0.5478,2022
acf411c7-b47a-4cbe-826f-9064a3015c9e,U001298,2022-01-04 20:12:59,20:12:59,1477513.18,purchase,M00284,VND,success,desktop,D000724,250.164.27.15,bank_transfer,Da Nang,"18.532516,108.812186",47,M,2021-07-14,active,0.78,1,0,0,auto_approved,0.4932,2022
3542aad4-4dc2-4f58-a1f8-97252616dd3a,U001136,2022-06-04 03:46:29,03:46:29,649409.07,online_payment,M00343,VND,success,atm,D002202,149.24.163.54,credit_card,Singapore,"15.67368,108.464385",24,M,2016-04-19,active,0.62,0,0,0,auto_approved,0.2935,2022
0d939a4c-4af8-443c-a6b4-ebb604750375,U000932,2022-09-14 10:33:53,10:33:53,568874.92,transfer,M00094,VND,success,atm,D002915,66.46.5.139,bank_transfer,Bangkok,"8.936889,108.926115",28,M,2014-08-24,active,0.78,0,0,0,auto_approved,0.3254,2022
b16af67f-da34-4ad1-958b-b9cfc1a2cff5,U000585,2022-01-10 01:19:08,01:19:08,219046.61,transfer,M00128,VND,success,desktop,D002493,37.155.115.129,bank_transfer,Bangkok,"21.945887,107.167413",49,M,2017-08-04,active,0.92,0,0,0,auto_approved,0.3175,2022
bc682f24-39eb-4766-964c-37ef070d0ffe,U001066,2022-09-24 15:24:30,15:24:30,1054527.21,purchase,M00231,USD,success,mobile,D000573,1.223.208.216,mobile_wallet,Ho Chi Minh City,"21.027659,104.653882",39,F,2016-10-13,active,0.74,0,0,0,auto_approved,0.2695,2022
73daaee8-4880-4121-9dec-c561490bde89,U000084,2022-11-11 05:38:31,05:38:31,1746532.25,purchase,M00446,USD,success,mobile,D002136,26.137.147.187,debit_card,Bangkok,"8.73637,102.288525",21,M,2021-07-20,active,0.94,0,0,0,auto_approved,0.1157,2022
34b537e2-d9b0-4c74-b69f-8697ae35a394,U000046,2022-06-16 15:26:19,15:26:19,909098.05,purchase,M00471,VND,success,mobile,D000165,213.190.68.98,debit_card,Bangkok,"10.822573,103.287803",27,F,2019-03-18,active,0.57,0,0,0,auto_approved,0.398,2022
82774504-3cdc-42dd-880c-104b9b7dfca5,U000548,2022-09-24 13:44:35,13:44:35,1278950.91,purchase,M00326,VND,success,atm,D000434,71.53.54.169,credit_card,Hanoi,"10.499856,105.700002",48,F,2018-10-29,active,0.73,0,0,0,auto_approved,0.4066,2022
aa4dbaad-d129-4226-a829-5fb054d874bd,U000055,2022-06-11 14:20:11,14:20:11,1164250.15,transfer,M00070,USD,success,pos,D002219,238.240.36.227,mobile_wallet,Ho Chi Minh City,"15.785796,105.904693",67,M,2017-12-30,active,0.91,1,0,0,auto_approved,0.3443,2022
7842be8d-5064-449d-86cd-a595dad443bb,U000982,2022-06-02 08:16:22,08:16:22,380341.15,online_payment,M00420,USD,success,desktop,D000826,208.58.84.93,credit_card,Singapore,"21.177884,107.81462",70,F,2019-10-11,active,0.73,0,0,0,auto_approved,0.3302,2022
383951fc-bc17-4ff0-9526-5f44d88eadc7,U000285,2022-11-09 02:26:06,02:26:06,247276.2,cash_withdrawal,M00106,VND,success,mobile,D002940,148.181.159.174,bank_transfer,Singapore,"10.719324,102.47303",37,M,2017-06-21,active,0.55,0,0,0,auto_approved,0.3741,2022
88a5671f-e8be-4266-961e-39712ce173b0,U000014,2022-10-16 16:07:00,16:07:00,1009770.36,transfer,M00495,VND,success,desktop,D001433,11.205.120.47,credit_card,Kuala Lumpur,"15.749264,103.033546",50,M,2014-10-06,under_review,0.63,0,0,0,auto_approved,0.0383,2022
1e9a3d4e-928e-4af3-8e98-1b701cc11c90,U000548,2022-12-23 07:27:28,07:27:28,136973.16,transfer,M00215,USD,success,pos,D001400,124.172.235.39,debit_card,Kuala Lumpur,"10.049594,104.558492",51,M,2015-09-07,active,0.97,0,0,0,auto_approved,0.113,2022
38310401-fa78-4659-b7a3-80c3f517c863,U000333,2022-12-29 21:39:53,21:39:53,201811.36,purchase,M00489,VND,failed,pos,D002332,70.142.84.153,mobile_wallet,Bangkok,"16.440988,106.510414",68,F,2015-01-14,active,0.75,0,0,0,auto_approved,0.3378,2022
632a4cde-8026-4854-b2c4-2b02efd1ae7d,U001619,2022-06-27 03:21:16,03:21:16,2198780.98,transfer,M00331,USD,success,desktop,D001740,113.29.181.252,debit_card,Bangkok,"19.552669,103.979793",43,M,2021-06-13,active,0.74,0,0,0,auto_approved,0.3686,2022
a9f60874-c806-4db2-a7a4-f3eea33da99a,U001326,2022-05-21 16:46:15,16:46:15,478818.9,transfer,M00392,USD,success,desktop,D002663,185.153.22.167,bank_transfer,Bangkok,"11.121284,102.932316",47,F,2017-07-01,active,0.85,0,0,0,auto_approved,0.0847,2022
de5b0612-3ce1-47cd-b13c-e0e407981160,U001390,2022-05-09 01:44:22,01:44:22,2373886.24,cash_withdrawal,M00484,USD,success,atm,D000481,131.46.85.129,bank_transfer,Kuala Lumpur,"13.12569,107.524288",32,F,2014-06-25,active,0.78,0,0,0,auto_approved,0.1833,2022
b130fc6f-fee8-455a-8edd-ca38d7ae6034,U000049,2022-01-03 02:58:45,02:58:45,185085.9,online_payment,M00073,VND,success,desktop,D001473,1.129.136.4,debit_card,Kuala Lumpur,"19.545279,102.982825",19,M,2017-08-10,active,0.74,0,0,0,auto_approved,0.0563,2022
ee4b2ec3-5fd6-4b11-8e3e-397b433d8d34,U000232,2022-12-21 08:52:26,08:52:26,3120774.11,transfer,M00239,VND,failed,atm,D000945,33.26.80.21,mobile_wallet,Da Nang,"8.243151,105.784901",49,F,2019-07-16,active,0.54,0,1,0,auto_approved,0.5055,2022
6193a099-32ea-4684-bbbc-37552c5c9b5d,U000668,2022-04-23 16:19:45,16:19:45,1281401.65,transfer,M00185,USD,success,desktop,D001918,158.196.212.188,mobile_wallet,Bangkok,"20.864205,102.908327",47,M,2015-08-23,active,0.71,0,0,0,auto_approved,0.1031,2022
963dd7b8-c53d-43bf-b803-e31ed71badbd,U001515,2022-06-08 11:02:31,11:02:31,76081.66,online_payment,M00133,USD,success,atm,D002287,50.247.147.145,credit_card,Hanoi,"14.508348,105.429066",67,F,2015-04-10,active,0.45,1,0,0,auto_approved,0.4395,2022
2ce1f7e8-1416-49d9-b321-c419a1b8f859,U001408,2022-10-06 11:57:36,11:57:36,266320.7,cash_withdrawal,M00205,VND,success,pos,D002136,137.14.103.191,bank_transfer,Hanoi,"20.15781,108.93851",68,F,2015-11-22,active,0.77,1,0,0,auto_approved,0.221,2022
1cb92a06-5f94-4b0a-890b-e7291fb291b4,U001475,2022-03-27 06:51:14,06:51:14,450524.82,online_payment,M00389,USD,success,atm,D000270,179.17.200.52,bank_transfer,Kuala Lumpur,"9.565117,105.234586",39,M,2018-01-10,blocked,0.98,1,1,0,auto_approved,0.5926,2022
5075bdfa-2687-4847-8f26-e06fcbe283a7,U001428,2022-03-30 05:29:57,05:29:57,770322.87,bill_payment,M00124,USD,success,atm,D000232,45.251.108.209,bank_transfer,Kuala Lumpur,"14.358984,104.166712",29,F,2018-08-20,active,0.76,0,0,0,auto_approved,0.3618,2022
ff8445fe-8f1f-4434-b3e4-caad8ef32b95,U000586,2022-07-29 14:08:12,14:08:12,1053105.57,bill_payment,M00306,USD,success,atm,D002858,112.224.14.157,debit_card,Ho Chi Minh City,"17.258183,108.92343",63,F,2017-03-30,active,0.67,0,0,0,auto_approved,0.3132,2022
9f5e8057-66dc-4aa7-a98c-9825f434823c,U001255,2022-01-20 12:02:22,12:02:22,243017.42,purchase,M00327,VND,success,mobile,D002146,42.76.111.248,credit_card,Da Nang,"10.758148,105.24914",61,F,2018-09-20,active,0.86,0,0,0,auto_approved,0.3464,2022
f48caa55-3fc6-4933-a809-9bd19ddab8a0,U001757,2022-06-27 23:49:03,23:49:03,85207.58,bill_payment,M00423,USD,success,atm,D000311,8.238.161.149,mobile_wallet,Kuala Lumpur,"17.405502,107.568334",28,F,2019-11-27,active,0.55,0,0,0,auto_approved,0.3182,2022
24977b78-56b9-41e6-a7ef-641f7a07a5e4,U000726,2022-06-08 21:42:53,21:42:53,657194.74,purchase,M00071,VND,success,pos,D001594,255.136.20.184,debit_card,Ho Chi Minh City,"19.525328,108.276701",21,F,2016-06-24,blocked,0.64,2,1,0,auto_approved,0.454,2022
def1f330-3e76-45e1-826d-47f81abe882b,U000944,2022-05-26 11:35:19,11:35:19,1034884.17,online_payment,M00375,USD,success,atm,D000704,199.162.57.88,debit_card,Singapore,"19.25443,105.753877",57,M,2014-06-23,active,0.73,2,1,0,auto_approved,0.1902,2022
4dc9fac1-4295-4db7-b1e8-24e871c16fa2,U000111,2022-03-08 16:46:44,16:46:44,260663.75,purchase,M00239,USD,success,mobile,D002016,144.90.141.249,credit_card,Da Nang,"16.930289,104.366639",38,M,2014-11-08,active,0.7,0,1,0,auto_approved,0.5238,2022
376aede7-3ae4-4529-878d-d5689e115880,U000164,2022-05-07 14:05:44,14:05:44,2329449.76,purchase,M00195,VND,success,desktop,D001189,93.238.104.228,bank_transfer,Singapore,"16.576971,105.990639",70,M,2018-02-02,active,0.47,0,0,0,auto_approved,0.238,2022
a672333a-e989-4416-a4b5-40730633b8f6,U000763,2022-02-04 23:03:17,23:03:17,673485.71,purchase,M00054,VND,success,desktop,D001449,123.99.56.159,bank_transfer,Ho Chi Minh City,"8.312478,102.478721",55,M,2015-08-04,active,0.59,0,0,0,auto_approved,0.1337,2022
bb55aff2-2799-42d3-bfe6-be1d95344c92,U000642,2022-03-24 10:44:52,10:44:52,872760.34,online_payment,M00118,VND,success,atm,D001784,79.249.229.161,debit_card,Hanoi,"11.863958,104.880135",65,F,2014-06-24,active,0.84,0,0,0,auto_approved,0.1025,2022
6de457af-a5b0-4095-9849-9005ada39f03,U000762,2022-01-23 03:36:02,03:36:02,2568071.77,bill_payment,M00152,VND,success,mobile,D000686,185.45.46.201,bank_transfer,Kuala Lumpur,"11.286515,103.055805",40,F,2014-07-15,active,0.52,0,0,0,auto_approved,0.1232,2022
d40f09c1-fc1d-4833-b77e-bc384b998f2a,U000189,2022-04-26 00:49:59,00:49:59,50091.77,cash_withdrawal,M00416,USD,success,pos,D000622,161.167.235.74,bank_transfer,Singapore,"9.065598,106.354216",58,F,2018-11-23,active,0.75,0,0,0,auto_approved,0.2091,2022
e8781131-ded4-42af-8f33-5743e0fd8b8d,U000631,2022-03-31 22:20:21,22:20:21,197432.79,bill_payment,M00125,VND,success,mobile,D001787,42.167.175.206,mobile_wallet,Kuala Lumpur,"8.771113,105.741888",25,F,2014-09-14,under_review,0.8,0,0,0,auto_approved,0.3203,2022
68a77bd0-7217-4d30-aaa7-3d1611d26456,U001260,2022-11-03 00:03:32,00:03:32,639841.36,online_payment,M00031,USD,success,pos,D002902,220.27.115.68,mobile_wallet,Da Nang,"15.187076,106.270696",64,F,2016-02-29,active,0.54,0,0,0,auto_approved,0.2135,2022
38b496c1-e88e-42d0-9329-5c3c883e90ea,U000850,2022-01-31 08:06:14,08:06:14,33311.8,online_payment,M00140,VND,success,pos,D001456,185.53.14.10,mobile_wallet,Ho Chi Minh City,"19.611836,102.683218",60,M,2017-06-13,active,0.92,0,0,0,auto_approved,0.086,2022
71585691-4ba7-4e5b-83f7-278b1c26b3bf,U001833,2022-01-12 22:20:44,22:20:44,158582.86,transfer,M00382,VND,success,desktop,D002234,86.126.246.37,mobile_wallet,Bangkok,"13.886418,106.296684",63,M,2016-05-30,active,0.61,0,0,0,auto_approved,0.1437,2022
0f7df5c3-2dd9-44bd-969a-0e5cba53da65,U000536,2022-04-17 04:16:00,04:16:00,51519.64,cash_withdrawal,M00418,USD,success,pos,D000178,242.122.159.131,credit_card,Da Nang,"18.704423,103.683653",25,M,2016-07-30,active,0.85,0,0,0,auto_approved,0.2023,2022
43c59c8a-3d56-4a96-85bf-1663e3c4f9df,U001363,2022-11-08 00:44:43,00:44:43,415700.23,transfer,M00490,VND,success,atm,D001585,61.175.255.233,credit_card,Singapore,"16.527797,106.126946",42,M,2016-02-03,active,0.97,0,1,0,auto_approved,0.6503,2022
c90686c4-bc0b-4eef-8df4-da23da9bf375,U000492,2022-05-26 17:48:45,17:48:45,379803.09,online_payment,M00212,USD,success,desktop,D002454,230.31.202.174,credit_card,Bangkok,"11.538746,103.02365",50,F,2016-10-31,active,0.97,1,0,0,auto_approved,0.2538,2022
78ed6998-e119-462e-9909-1e9087e6ca42,U000116,2022-11-18 22:37:43,22:37:43,872926.1,transfer,M00462,VND,success,pos,D002991,117.139.166.99,mobile_wallet,Bangkok,"8.890428,103.882208",25,F,2018-07-05,active,0.75,0,0,0,auto_approved,0.3553,2022
1cddeb33-98ad-4248-9db7-d7a818fe4ace,U000226,2022-02-20 01:02:39,01:02:39,518874.13,purchase,M00299,USD,failed,atm,D000654,23.31.43.164,bank_transfer,Hanoi,"11.694762,104.30873",19,F,2018-12-06,active,0.73,0,1,0,auto_approved,0.2462,2022
8f96ca9d-7c0a-45a5-a443-7b326a2ce371,U000764,2022-08-22 13:08:44,13:08:44,545734.58,transfer,M00158,USD,success,pos,D001684,142.124.101.185,debit_card,Da Nang,"11.253362,105.803535",52,F,2020-06-13,active,0.9,0,0,0,auto_approved,0.017,2022
9f462c7d-aab7-42ff-be33-00add4fd63fb,U000740,2022-06-23 02:06:18,02:06:18,263386.04,online_payment,M00092,USD,success,mobile,D000360,152.97.163.62,mobile_wallet,Singapore,"12.429657,108.703979",43,M,2014-04-27,active,0.48,0,0,0,auto_approved,0.3539,2022
d9987667-14fa-4ca1-97d7-042a6e1bfafa,U000688,2022-01-10 07:11:26,07:11:26,186535.47,transfer,M00383,USD,success,atm,D002141,219.148.185.152,credit_card,Singapore,"13.705296,107.915723",56,M,2018-07-01,active,0.98,0,0,0,auto_approved,0.1866,2022
1bcd4c17-6854-4cf2-b328-039696da11e9,U000744,2022-12-20 13:39:20,13:39:20,1256677.18,bill_payment,M00145,VND,success,atm,D002596,206.73.93.81,bank_transfer,Hanoi,"19.813646,108.183544",62,F,2016-01-28,active,0.92,0,0,0,auto_approved,0.0102,2022
5cfcf07e-ce67-4708-b035-aa2bf7222192,U001674,2022-06-28 04:12:16,04:12:16,493732.36,cash_withdrawal,M00162,VND,success,desktop,D001382,40.169.200.106,credit_card,Bangkok,"17.015858,102.779678",50,F,2018-06-21,active,0.94,0,0,0,auto_approved,0.1086,2022
262ff138-5ba2-489d-b51b-3deb17f86422,U000721,2022-10-08 09:33:05,09:33:05,1199742.3,bill_payment,M00364,USD,success,desktop,D001339,55.69.39.136,credit_card,Da Nang,"14.301978,103.454235",22,F,2015-08-01,active,0.51,0,0,0,auto_approved,0.1746,2022
395bd9f7-2050-4693-a60f-62b48a7f32aa,U001470,2022-09-06 04:20:52,04:20:52,633419.42,online_payment,M00497,USD,success,atm,D001306,219.17.34.98,mobile_wallet,Da Nang,"11.136405,107.247459",51,F,2020-08-28,active,0.77,0,0,0,auto_approved,0.1238,2022
b1f7e663-ad2b-4f17-b68a-32d363d50aa6,U001076,2022-06-13 18:50:35,18:50:35,93326.95,transfer,M00261,VND,success,mobile,D000925,53.85.188.14,debit_card,Bangkok,"8.738666,107.293503",22,F,2018-11-04,active,0.58,0,0,0,auto_approved,0.0283,2022
b877be4c-e500-4473-ae90-60d1a35e97fb,U001797,2022-04-16 12:24:03,12:24:03,337815.29,purchase,M00019,VND,failed,pos,D000640,205.34.118.86,credit_card,Bangkok,"19.507667,108.80183",64,M,2017-05-10,active,0.95,0,0,0,auto_approved,0.3072,2022
d3f17c29-94ef-4168-98a5-83a4b093223f,U001800,2022-12-18 07:49:56,07:49:56,2487197.46,purchase,M00395,VND,success,desktop,D002113,154.146.103.244,credit_card,Singapore,"10.638002,107.758665",37,F,2022-11-02,active,0.8,0,0,0,auto_approved,0.3474,2022
b01cab04-1f06-4fd2-b070-34f8dc1d4fa5,U001685,2022-09-29 15:15:50,15:15:50,474672.74,online_payment,M00395,VND,success,desktop,D002640,126.249.24.114,bank_transfer,Ho Chi Minh City,"12.472599,105.404479",35,F,2021-06-10,active,0.74,0,0,0,auto_approved,0.1467,2022
ee160f48-7562-4f08-baf5-1740bf4a56c8,U001728,2022-11-05 11:51:07,11:51:07,2364352.44,purchase,M00120,USD,success,mobile,D000512,91.105.148.64,debit_card,Da Nang,"11.279252,103.925204",18,F,2019-03-26,active,0.57,0,0,0,auto_approved,0.1109,2022
29bd0bbc-3734-4d58-ad59-b11bc9f5b36b,U001566,2022-10-30 21:08:36,21:08:36,871073.65,online_payment,M00482,VND,success,pos,D002234,93.77.242.189,debit_card,Kuala Lumpur,"13.322144,104.070007",18,F,2022-04-06,blocked,0.59,0,0,0,auto_approved,0.3076,2022
ac2b850f-2525-4295-b3af-83dd796495e3,U001820,2022-01-25 13:58:32,13:58:32,154357.84,transfer,M00213,USD,success,atm,D002240,122.1.131.164,debit_card,Bangkok,"15.708133,104.474128",49,M,2016-04-01,active,0.97,0,0,0,auto_approved,0.1839,2022
4dc303ed-1fca-4998-a92b-de932d1d659a,U000008,2022-11-29 08:12:57,08:12:57,1150012.97,cash_withdrawal,M00051,USD,success,pos,D002891,43.90.87.229,mobile_wallet,Hanoi,"14.318526,108.14865",68,M,2018-08-19,active,0.54,0,0,0,auto_approved,0.1257,2022
a38eb7ff-d626-4d5e-b78b-b106ccf35f7f,U000523,2022-08-12 04:14:46,04:14:46,231853.8,online_payment,M00395,VND,success,atm,D002787,254.141.200.27,mobile_wallet,Bangkok,"12.027128,104.824438",47,M,2016-03-03,active,0.91,0,0,0,auto_approved,0.2267,2022
b894d899-162c-4801-9485-9eccb33eae14,U000203,2022-06-06 12:42:07,12:42:07,257879.38,purchase,M00423,USD,success,mobile,D001063,95.5.112.215,mobile_wallet,Ho Chi Minh City,"8.937138,107.530347",50,M,2015-12-20,active,0.73,0,0,0,auto_approved,0.1559,2022
2dd02b0c-fb33-465d-9286-d7571585bb28,U000952,2022-05-10 23:30:00,23:30:00,373259.83,cash_withdrawal,M00186,USD,success,atm,D002042,204.230.75.201,debit_card,Singapore,"21.697405,102.61781",24,M,2017-05-19,active,0.61,0,1,0,auto_approved,0.413,2022
1f7e1c96-ed00-4477-ad0e-dc3829b4fb38,U001884,2022-01-20 00:01:54,00:01:54,46038.66,purchase,M00304,VND,success,pos,D000495,103.96.194.117,bank_transfer,Kuala Lumpur,"11.377278,108.751876",62,M,2018-01-02,active,0.82,0,0,0,auto_approved,0.0272,2022
f39f8889-085e-43b0-a7c1-fd1bff02368f,U001032,2022-09-10 06:33:16,06:33:16,684113.0,purchase,M00083,USD,success,pos,D001533,23.98.138.172,bank_transfer,Hanoi,"18.26861,102.618979",64,M,2017-05-27,active,0.45,0,1,0,auto_approved,0.4684,2022
eccb052b-85e8-4797-b969-aeb6cc765554,U001924,2022-10-20 07:54:50,07:54:50,1297406.48,bill_payment,M00274,VND,success,atm,D002381,160.169.62.118,credit_card,Da Nang,"18.66527,103.15156",28,M,2016-04-02,active,0.62,2,1,0,auto_approved,0.6187,2022
fa517296-378b-4c70-804d-75fda365c5da,U000750,2022-11-14 14:21:41,14:21:41,367502.48,bill_payment,M00361,USD,failed,mobile,D001757,158.71.248.180,credit_card,Hanoi,"13.62409,105.047203",20,M,2019-07-28,active,0.78,0,0,0,auto_approved,0.2873,2022
4f1a033c-fba0-4346-9ce1-5842cff06c4c,U001120,2022-09-10 00:24:52,00:24:52,1187549.48,cash_withdrawal,M00329,USD,success,pos,D002917,105.41.102.90,bank_transfer,Ho Chi Minh City,"18.162048,105.16229",28,M,2020-05-27,active,0.51,0,0,0,auto_approved,0.2399,2022
2d40fb50-2960-43c6-88aa-b77c15e351d7,U001350,2022-10-17 13:44:49,13:44:49,400741.25,purchase,M00417,USD,success,mobile,D002523,194.59.60.119,debit_card,Hanoi,"14.056247,107.107558",52,M,2014-10-24,active,0.66,0,0,0,auto_approved,0.2391,2022
6b1ba878-8e44-4f97-b36b-f8ad366171ef,U000244,2022-12-23 09:35:03,09:35:03,2144.84,purchase,M00189,USD,success,mobile,D000246,217.163.119.233,debit_card,Bangkok,"11.375001,107.883752",37,M,2022-01-19,active,0.99,0,0,0,auto_approved,0.3991,2022
b37ef2b6-8511-40f8-b225-85d31e040168,U000944,2022-11-04 06:42:11,06:42:11,652185.3,transfer,M00068,VND,success,mobile,D000268,124.144.56.92,debit_card,Ho Chi Minh City,"13.527056,107.343655",29,F,2020-12-13,active,0.81,0,0,0,auto_approved,0.0186,2022
26a65793-a942-44f9-adad-e0009446fb71,U001061,2022-10-30 08:54:34,08:54:34,737229.0,online_payment,M00095,VND,success,desktop,D001377,134.17.68.219,bank_transfer,Bangkok,"8.635668,103.673923",34,F,2020-06-15,active,0.56,2,1,0,auto_approved,0.2078,2022
40859e57-061f-4fdb-bd19-174801eed1dd,U001859,2022-04-12 01:12:19,01:12:19,1225828.38,online_payment,M00341,VND,success,mobile,D001245,217.26.204.28,mobile_wallet,Bangkok,"20.17609,103.116135",67,M,2021-05-20,active,0.63,0,0,0,auto_approved,0.0734,2022
a65cf982-42ba-43bb-9248-b31e3d524a2c,U001881,2022-07-29 22:05:40,22:05:40,914033.97,bill_payment,M00292,VND,success,atm,D001670,209.190.78.145,credit_card,Hanoi,"17.050638,103.098455",45,M,2014-12-19,active,0.68,0,0,0,auto_approved,0.1303,2022
76d059b1-2730-4f66-8be4-dd8438a47e21,U000406,2022-01-05 02:37:06,02:37:06,379890.89,cash_withdrawal,M00081,USD,success,desktop,D002031,247.224.63.56,mobile_wallet,Ho Chi Minh City,"19.285004,102.749646",44,F,2018-06-26,under_review,0.82,0,0,0,auto_approved,0.2657,2022
35738681-1fe0-4539-b513-0d1d6d9facab,U000676,2022-07-05 09:31:48,09:31:48,564417.37,cash_withdrawal,M00333,USD,success,pos,D001447,17.45.152.172,debit_card,Da Nang,"12.49736,103.310551",31,M,2019-08-14,active,0.66,0,1,0,auto_approved,0.3862,2022
1e14a7d1-d562-4cf1-872a-04c53b57c372,U000671,2022-05-31 13:25:44,13:25:44,527220.49,purchase,M00481,VND,success,mobile,D002623,228.237.9.47,debit_card,Hanoi,"17.102229,102.746062",57,F,2019-07-14,active,0.85,0,0,0,auto_approved,0.2058,2022
8e66c409-c79a-4f1b-9525-b81a88d1cb2b,U001421,2022-06-12 18:10:40,18:10:40,609722.36,purchase,M00380,VND,success,pos,D000682,160.254.250.190,credit_card,Singapore,"13.16944,108.333293",35,M,2015-11-03,active,0.49,0,0,0,auto_approved,0.4402,2022
cdae2fbb-8980-471d-a2bc-b6194bb46ebf,U001937,2022-03-12 15:26:06,15:26:06,73739.38,purchase,M00336,VND,success,pos,D002394,246.209.85.17,bank_transfer,Kuala Lumpur,"18.388487,107.949947",20,M,2018-07-13,active,0.55,0,0,0,auto_approved,0.285,2022
962b6cd1-61a4-45f1-92ff-f21cf064c7a8,U000432,2022-04-12 03:51:46,03:51:46,299795.93,transfer,M00398,USD,failed,desktop,D001673,236.41.86.168,debit_card,Bangkok,"13.954671,107.449738",51,M,2016-03-24,active,0.79,1,0,0,auto_approved,0.2449,2022
836402a2-ab07-4a2a-99d2-748bfc9db27a,U001910,2022-02-15 19:29:13,19:29:13,44588.4,online_payment,M00490,VND,success,mobile,D002870,112.59.72.202,mobile_wallet,Kuala Lumpur,"9.549231,102.393931",42,F,2015-04-28,active,0.93,0,0,0,auto_approved,0.04,2022
0ca10ed2-7cae-4573-a966-55f179fd7e0a,U000932,2022-01-04 01:31:59,01:31:59,237478.9,purchase,M00420,VND,success,atm,D000465,120.65.148.209,bank_transfer,Singapore,"17.216768,107.0872",60,F,2020-02-12,active,0.95,0,0,0,auto_approved,0.121,2022
f0833e09-3c10-44d4-9da6-73ce5672a4a5,U000644,2022-01-05 00:24:34,00:24:34,1726729.66,online_payment,M00163,USD,success,mobile,D001398,77.209.187.87,mobile_wallet,Ho Chi Minh City,"12.178915,105.809077",67,F,2020-12-07,active,0.88,0,0,0,auto_approved,0.3071,2022
5d14a789-7f1c-4163-8ad7-9d6de0e253b8,U000288,2022-04-16 12:02:29,12:02:29,544162.64,bill_payment,M00412,USD,success,atm,D002384,105.109.34.11,mobile_wallet,Kuala Lumpur,"16.356411,102.512275",54,M,2018-08-31,active,0.65,0,0,0,auto_approved,0.0461,2022
495b6191-58cf-46d6-a8f7-6e97006fa407,U001980,2022-04-16 22:08:54,22:08:54,335636.32,purchase,M00175,USD,success,mobile,D001747,248.28.247.112,credit_card,Bangkok,"12.481396,106.059642",54,M,2014-12-10,active,0.47,0,0,0,auto_approved,0.3687,2022
82edf134-6a70-4545-865e-09a45347296d,U000473,2022-01-10 18:47:10,18:47:10,871048.4,online_payment,M00325,USD,failed,pos,D002546,31.71.222.120,credit_card,Bangkok,"17.815057,107.262955",33,F,2017-07-03,active,0.61,0,0,0,auto_approved,0.3193,2022
40cce6ca-f8b3-4453-891c-459afb8301dc,U001773,2022-04-04 20:23:59,20:23:59,268601.87,transfer,M00102,VND,success,mobile,D001151,222.191.165.94,credit_card,Kuala Lumpur,"8.111906,107.389466",39,M,2015-11-27,active,0.95,2,1,1,pending_review,0.4759,2022
725b8aee-db85-420b-bde9-831314b24936,U001925,2022-11-28 13:49:55,13:49:55,416849.22,transfer,M00410,VND,success,atm,D000238,191.219.98.248,debit_card,Da Nang,"19.376097,104.096095",52,M,2019-04-06,active,0.64,0,1,0,auto_approved,0.4389,2022
9549baf8-dc5a-4b93-9a9e-cc97e8fa170e,U000775,2022-01-25 12:15:23,12:15:23,1563038.48,cash_withdrawal,M00299,VND,success,pos,D001868,162.246.14.175,bank_transfer,Bangkok,"15.792287,106.508147",48,F,2020-02-02,active,0.92,0,0,0,auto_approved,0.1914,2022
f77d4f92-b71a-48f0-9fe5-44a13fa28e68,U000885,2022-11-26 09:34:43,09:34:43,707053.49,transfer,M00091,VND,success,pos,D000285,41.85.18.41,credit_card,Kuala Lumpur,"14.951303,107.435724",35,M,2020-05-19,active,0.9,0,0,0,auto_approved,0.1856,2022
bc33a5d4-3c2e-4f0b-acc0-626caca3256f,U000850,2022-06-09 04:56:40,04:56:40,1374964.1,bill_payment,M00304,VND,success,pos,D002258,3.34.99.66,credit_card,Bangkok,"18.94615,106.883332",44,F,2014-08-10,active,0.64,0,1,0,auto_approved,0.5343,2022
4d3c4a16-3d01-4ce3-8f87-c889eb8fbdd3,U000603,2022-10-03 19:34:57,19:34:57,153204.94,transfer,M00075,USD,success,desktop,D000473,232.46.91.118,debit_card,Singapore,"17.258497,107.219288",47,F,2017-12-29,active,0.85,0,0,0,auto_approved,0.3325,2022
e2926e86-92ef-4d1d-a43f-d724a016af1e,U000839,2022-04-13 05:00:53,05:00:53,1973908.82,online_payment,M00037,VND,success,desktop,D002902,12.121.156.226,credit_card,Hanoi,"14.373631,102.033233",49,M,2021-08-08,active,0.69,0,0,0,auto_approved,0.2056,2022
84a3ee99-c6c9-4c5b-9682-cf05a5be39a3,U000105,2022-12-17 08:37:12,08:37:12,1485811.96,transfer,M00474,USD,success,desktop,D001508,86.112.147.25,bank_transfer,Kuala Lumpur,"15.392001,104.285077",70,M,2021-01-27,active,0.67,0,0,0,auto_approved,0.0895,2022
93237e19-6cb6-491c-a9ff-377dd62e4a82,U000523,2022-07-23 23:58:31,23:58:31,1684699.45,cash_withdrawal,M00356,USD,success,pos,D001691,132.119.174.19,debit_card,Kuala Lumpur,"20.299937,106.352538",53,M,2016-02-25,active,0.58,0,1,0,auto_approved,0.2175,2022
2c12bc27-6f50-4b50-980d-1e6bcaa920b4,U000425,2022-03-05 10:11:00,10:11:00,141169.12,cash_withdrawal,M00248,VND,success,atm,D001186,14.123.209.218,debit_card,Kuala Lumpur,"13.412411,106.991984",61,F,2016-12-21,active,0.85,0,1,1,pending_review,0.5852,2022
db69f378-adf9-4063-bded-565192821bc5,U000993,2022-04-21 12:45:21,12:45:21,1633404.14,online_payment,M00364,VND,success,mobile,D000439,106.43.62.230,credit_card,Ho Chi Minh City,"8.55657,104.049638",68,F,2017-05-17,active,0.71,0,1,0,auto_approved,0.3891,2022
d3f73437-676a-47c5-9b1b-809276828518,U001423,2022-05-04 10:47:24,10:47:24,488922.21,bill_payment,M00385,USD,success,desktop,D002994,231.187.64.21,credit_card,Hanoi,"11.56925,106.875827",40,F,2015-10-10,active,0.76,0,0,0,auto_approved,0.2623,2022
93577f36-27e0-4ce8-baf1-93a4ac9bf544,U000850,2022-05-09 20:43:08,20:43:08,844782.0,online_payment,M00084,USD,success,mobile,D001614,203.61.113.112,bank_transfer,Ho Chi Minh City,"21.566601,108.551989",70,M,2017-12-02,active,0.52,0,0,0,auto_approved,0.0779,2022
cd148e32-d237-44b7-a78f-8906543ec2ae,U000646,2022-11-26 10:51:13,10:51:13,1665897.72,online_payment,M00068,VND,success,mobile,D000241,210.92.240.117,debit_card,Singapore,"21.602752,108.263434",59,F,2020-07-10,active,0.89,0,0,0,auto_approved,0.1513,2022
a8487d39-3957-4cbe-8a7d-b25452591937,U001673,2022-12-19 17:38:10,17:38:10,1794034.99,cash_withdrawal,M00217,VND,success,desktop,D002070,183.104.220.96,credit_card,Ho Chi Minh City,"13.062832,103.574153",48,M,2022-11-09,active,0.55,0,0,0,auto_approved,0.3753,2022
35b3bd45-58bc-4ff4-a72a-85947370aee2,U000201,2022-12-29 17:30:32,17:30:32,739253.17,purchase,M00476,VND,success,atm,D001149,95.190.80.35,debit_card,Kuala Lumpur,"17.627149,107.850137",51,M,2020-04-27,active,1.0,0,0,0,auto_approved,0.3176,2022
d5179931-389e-464b-9fe6-3a97e6b429bf,U001298,2022-01-23 09:59:54,09:59:54,38271.04,purchase,M00496,VND,success,mobile,D001167,204.117.230.54,bank_transfer,Hanoi,"18.528925,106.800923",35,M,2020-07-13,active,0.6,2,1,1,pending_review,0.239,2022
562724b2-1f38-4591-9865-c16a9cd6549e,U000539,2022-05-30 18:53:58,18:53:58,426443.4,cash_withdrawal,M00010,USD,success,pos,D001915,43.220.240.214,credit_card,Da Nang,"8.400827,103.429761",46,F,2020-11-24,active,0.8,0,1,0,auto_approved,0.3257,2022
28cd8014-c8c2-40ad-b8aa-a038524ed141,U000631,2022-09-05 06:24:32,06:24:32,396242.61,purchase,M00328,USD,success,desktop,D001460,91.28.49.153,credit_card,Bangkok,"11.5888,103.798434",41,M,2019-12-12,active,0.56,0,0,0,auto_approved,0.2301,2022
b6cc40fa-1d79-447e-8d1c-a66e9b5ee403,U001496,2022-04-14 07:38:21,07:38:21,157797.38,purchase,M00068,VND,success,desktop,D001022,95.36.104.72,bank_transfer,Da Nang,"18.530859,106.021095",61,F,2019-08-26,active,0.73,0,0,0,auto_approved,0.2693,2022
6c5e224f-8155-42ea-805a-0889840a66e4,U000605,2022-11-05 05:06:18,05:06:18,221126.67,transfer,M00211,USD,success,mobile,D000663,14.158.194.154,credit_card,Bangkok,"15.363443,103.631647",37,F,2020-07-18,active,0.45,0,0,0,auto_approved,0.219,2022
18754626-273a-42f7-9c67-58496950179d,U000884,2022-10-22 03:57:48,03:57:48,385429.66,bill_payment,M00020,VND,success,mobile,D001399,68.241.43.92,credit_card,Kuala Lumpur,"13.205069,103.463622",48,F,2016-05-03,active,0.58,1,0,0,auto_approved,0.1074,2022
dc380760-aa52-4f2d-8496-f4d2909a86c5,U000512,2022-08-09 11:38:50,11:38:50,1306906.49,purchase,M00332,VND,success,mobile,D000670,151.86.5.212,bank_transfer,Hanoi,"8.489921,107.507585",40,M,2020-12-03,active,0.95,1,0,0,auto_approved,0.3022,2022
e89416c4-2ed4-4fca-9705-ec0dac277285,U001897,2022-06-29 20:23:51,20:23:51,317386.26,online_payment,M00034,USD,success,atm,D002716,41.53.233.47,bank_transfer,Bangkok,"18.805582,106.054206",32,M,2019-04-22,active,0.68,0,0,0,auto_approved,0.239,2022
fed52f0f-6b3b-400f-8fd5-ee7d1744fdab,U000975,2022-09-30 12:14:53,12:14:53,51134.31,cash_withdrawal,M00300,USD,success,atm,D001129,245.127.180.48,credit_card,Kuala Lumpur,"21.821799,102.135882",52,M,2015-05-31,under_review,0.98,1,0,0,auto_approved,0.4715,2022
2ae530af-a8de-4cde-8713-255c4af9bddc,U001695,2022-09-17 04:28:00,04:28:00,152746.3,cash_withdrawal,M00168,VND,success,pos,D001698,58.99.45.189,mobile_wallet,Bangkok,"12.626792,102.359105",55,F,2016-02-07,active,0.49,0,0,0,auto_approved,0.3081,2022
55689564-5419-4dd1-ad10-ad6094018121,U001116,2022-11-19 08:56:10,08:56:10,588436.45,cash_withdrawal,M00137,VND,success,mobile,D002822,119.135.35.10,mobile_wallet,Singapore,"15.311408,105.922756",63,M,2015-11-18,active,0.55,0,0,0,auto_approved,0.3363,2022
fc8c2d1c-bfe9-4d3a-ba61-8a730e311cd4,U001293,2022-05-19 23:15:05,23:15:05,1639708.5,bill_payment,M00340,USD,success,atm,D000704,250.155.46.83,mobile_wallet,Hanoi,"8.895537,102.521008",24,F,2017-01-09,active,0.88,0,0,0,auto_approved,0.0355,2022
f6f22db8-6932-42c9-ac13-e1b4a588ea3d,U000776,2022-04-15 08:39:46,08:39:46,613265.42,transfer,M00284,VND,success,pos,D000497,15.146.67.64,mobile_wallet,Ho Chi Minh City,"11.761106,107.353482",44,F,2016-10-10,active,0.56,0,0,0,auto_approved,0.0473,2022
e0165393-5cfa-445f-a7d9-9b5306e561b1,U000624,2022-03-17 01:23:50,01:23:50,664810.77,purchase,M00199,USD,success,atm,D002807,218.17.52.94,mobile_wallet,Bangkok,"8.603676,102.568888",38,F,2016-06-11,active,0.58,0,0,0,auto_approved,0.1016,2022
1f3295f8-0384-47c6-a184-5de6f2d33c14,U000888,2022-08-05 14:22:09,14:22:09,1322281.61,bill_payment,M00267,VND,success,pos,D001302,145.193.38.106,mobile_wallet,Bangkok,"10.019368,107.544166",20,M,2019-03-01,active,0.81,2,1,0,auto_approved,0.3569,2022
57dc55ec-be2f-45a3-b8e8-d2a82db77c9c,U000727,2022-11-01 22:56:28,22:56:28,764347.44,cash_withdrawal,M00201,VND,success,pos,D002942,103.64.73.72,mobile_wallet,Da Nang,"20.805661,102.930854",38,M,2021-05-18,active,0.88,0,0,0,auto_approved,0.4142,2022
d7395943-224b-4b76-9cc4-bb265fb05645,U000645,2022-11-23 21:09:30,21:09:30,16991.49,purchase,M00164,VND,success,atm,D002576,21.229.149.84,credit_card,Da Nang,"9.149839,102.226238",37,F,2016-06-12,active,0.99,0,0,0,auto_approved,0.2383,2022
99b058f8-889d-4e5a-9526-856c053bbd75,U001384,2022-08-11 04:13:34,04:13:34,1025771.2,online_payment,M00014,USD,success,desktop,D001157,36.84.118.48,credit_card,Singapore,"15.060319,104.358532",49,F,2021-01-12,active,0.66,1,0,0,auto_approved,0.224,2022
694c9b73-c5cd-4dde-8c2c-37ff4ab34524,U000263,2022-03-03 01:34:53,01:34:53,91584.44,bill_payment,M00021,VND,success,pos,D000798,97.229.10.151,credit_card,Ho Chi Minh City,"14.943372,108.419959",30,M,2015-11-06,active,0.8,0,0,0,auto_approved,0.333,2022
f7d8454a-de8d-48b6-96cd-a864aeb70300,U001965,2022-05-27 16:04:01,16:04:01,18156.64,cash_withdrawal,M00488,VND,success,mobile,D000413,52.173.23.194,credit_card,Da Nang,"18.260176,108.216955",53,M,2014-06-21,active,0.7,0,0,0,auto_approved,0.3659,2022
b43e2d63-69c1-451e-a2e2-6802cc163e08,U000244,2022-05-07 22:20:34,22:20:34,1104771.63,cash_withdrawal,M00062,VND,success,mobile,D001657,77.163.183.161,debit_card,Ho Chi Minh City,"8.468033,105.04435",40,F,2015-10-22,under_review,0.72,0,1,0,auto_approved,0.4954,2022
51eac75a-9f7b-4f6c-a681-df8a591be04a,U001017,2022-11-04 06:52:33,06:52:33,160515.09,bill_payment,M00181,USD,success,mobile,D002262,220.77.186.203,credit_card,Hanoi,"14.293575,102.613422",65,M,2020-12-17,active,0.89,0,0,0,auto_approved,0.25,2022
73e5cd82-3da4-4270-96fe-df605d0cfbe8,U001064,2022-09-08 02:46:39,02:46:39,1242473.75,online_payment,M00485,VND,success,pos,D002773,126.218.48.206,debit_card,Da Nang,"11.095753,106.315964",38,M,2020-07-31,active,0.99,3,1,1,pending_review,0.4178,2022
9fd694f0-5708-40ba-a85a-340a7be1718b,U000929,2022-11-07 18:53:54,18:53:54,21246.95,cash_withdrawal,M00374,USD,success,mobile,D001859,11.94.42.162,debit_card,Singapore,"10.503981,102.353388",38,M,2016-03-29,active,0.78,0,0,0,auto_approved,0.4088,2022
ec601ec3-a61e-44d4-8e32-0ff896319e88,U000297,2022-03-31 02:27:09,02:27:09,221029.86,bill_payment,M00267,VND,success,mobile,D001673,185.161.225.108,credit_card,Bangkok,"21.678102,108.071546",33,M,2014-10-06,active,0.65,0,0,0,auto_approved,0.2366,2022
9c0700ed-3eac-4c1f-a5f7-653f17450f4e,U001051,2022-09-12 13:09:13,13:09:13,325258.72,cash_withdrawal,M00097,VND,success,atm,D001949,111.77.182.232,mobile_wallet,Singapore,"12.331556,102.623089",49,F,2015-08-17,active,0.98,0,0,0,auto_approved,0.1216,2022
ee17185d-88eb-4600-b125-3939a0859420,U000952,2022-10-02 04:05:31,04:05:31,143616.88,transfer,M00475,USD,pending,mobile,D002382,197.47.201.173,debit_card,Da Nang,"15.111883,104.692949",69,F,2020-01-18,active,0.93,0,0,0,auto_approved,0.3128,2022
74cc5e04-e326-496e-be24-174082948ab0,U001128,2022-04-25 15:01:50,15:01:50,37050.18,cash_withdrawal,M00105,VND,success,desktop,D001356,113.251.253.47,debit_card,Kuala Lumpur,"8.698844,103.141825",69,F,2020-10-14,active,0.5,0,0,0,auto_approved,0.4001,2022
fc3428a1-7ab3-4a27-9d0c-871010bb411e,U000301,2022-11-24 13:37:00,13:37:00,171650.58,transfer,M00002,VND,success,desktop,D002292,102.211.25.58,mobile_wallet,Ho Chi Minh City,"9.069943,106.777686",40,F,2021-05-24,active,0.55,0,0,0,auto_approved,0.2169,2022
9d00f4d5-7c71-45e8-949c-660bfbb0ef38,U000254,2022-04-06 11:49:29,11:49:29,181262.79,purchase,M00315,USD,success,atm,D002174,233.233.4.216,debit_card,Hanoi,"13.769246,108.072722",37,F,2022-02-08,active,0.76,0,0,0,auto_approved,0.0499,2022
ba73ba7c-d00f-4216-aa3b-65b3e142f0b3,U001931,2022-06-06 10:41:00,10:41:00,474203.15,cash_withdrawal,M00451,VND,success,pos,D002953,20.220.178.165,credit_card,Hanoi,"16.127573,103.176176",60,M,2019-07-25,active,0.79,1,1,1,pending_review,0.7281,2022
781dffde-d96c-43e8-a89a-29949bbb2bb8,U000552,2022-08-17 15:51:27,15:51:27,351496.52,online_payment,M00399,USD,success,atm,D002164,50.110.194.75,credit_card,Hanoi,"9.417866,104.329468",63,F,2016-01-11,active,0.86,0,0,0,auto_approved,0.1626,2022
2ab54917-728d-464c-83cf-75f2d51e19d0,U000936,2022-10-28 21:31:29,21:31:29,1481482.4,purchase,M00178,VND,success,desktop,D002019,145.152.63.153,debit_card,Hanoi,"21.143654,108.489456",24,F,2015-08-03,active,0.81,0,0,0,auto_approved,0.4013,2022
527359db-f4c4-4424-9715-14ef386afcbc,U001306,2022-02-27 05:14:59,05:14:59,790423.3,transfer,M00372,VND,success,atm,D001239,97.60.101.178,mobile_wallet,Singapore,"21.342203,103.014655",22,F,2014-11-16,active,0.81,1,0,0,auto_approved,0.3562,2022
a3c66341-9373-445f-97a1-a8cbe6cca80f,U001775,2022-07-26 00:44:27,00:44:27,237957.41,online_payment,M00246,VND,success,atm,D000631,97.195.13.54,debit_card,Da Nang,"9.185488,105.569132",52,F,2017-06-23,active,0.52,0,0,0,auto_approved,0.3719,2022
346fd442-27fe-4fe2-99a1-aefe234a1490,U001928,2022-03-01 04:27:48,04:27:48,109528.88,bill_payment,M00306,USD,success,pos,D001140,181.24.79.164,debit_card,Bangkok,"9.63427,102.52297",40,F,2017-09-30,active,0.71,0,0,0,auto_approved,0.4073,2022
a5ab506b-8320-4925-8c6f-0095ba08af92,U000626,2022-03-10 03:19:43,03:19:43,278173.3,purchase,M00292,VND,success,atm,D002790,55.142.46.108,credit_card,Singapore,"20.563142,102.610477",56,F,2018-04-03,active,0.49,0,0,0,auto_approved,0.2797,2022
5f660f51-474b-4ece-849a-36445d2f38ae,U000162,2022-01-18 10:08:42,10:08:42,85667.18,transfer,M00336,VND,success,pos,D000219,62.60.56.34,mobile_wallet,Kuala Lumpur,"15.50702,102.341675",28,F,2020-11-26,active,0.54,0,0,0,auto_approved,0.0573,2022
7f4f1582-16ec-4768-bec3-e5456048ea42,U000455,2022-01-17 18:06:57,18:06:57,37051.86,online_payment,M00306,VND,success,atm,D000214,29.239.153.110,credit_card,Da Nang,"20.19431,108.598879",18,M,2017-05-13,active,0.92,0,0,0,auto_approved,0.1918,2022
dfac443a-094f-4317-bc8b-d83cdc557106,U000154,2022-09-27 02:53:18,02:53:18,1083472.04,online_payment,M00104,VND,success,desktop,D000842,68.12.144.97,mobile_wallet,Ho Chi Minh City,"20.272366,107.682222",34,M,2016-05-28,active,0.52,0,1,1,pending_review,0.5544,2022
a4bd9306-913b-4b2d-ab07-3a4da7b24140,U000599,2022-07-11 08:52:48,08:52:48,651758.65,purchase,M00215,USD,success,mobile,D001482,157.50.56.154,bank_transfer,Bangkok,"15.795038,108.083822",39,M,2016-05-06,active,0.66,0,1,1,pending_review,0.3633,2022
9ef2ed56-a18b-4ed0-8458-1f92b33b1ad8,U000796,2022-03-21 14:56:32,14:56:32,145755.99,cash_withdrawal,M00419,USD,success,pos,D002198,253.157.180.196,credit_card,Bangkok,"13.245145,102.527013",35,M,2015-02-27,active,0.51,0,0,0,auto_approved,0.0283,2022
64aefb8f-ed41-4ac1-a7e4-34a47c5fbd22,U000733,2022-07-01 03:25:10,03:25:10,233715.43,purchase,M00277,VND,failed,mobile,D000599,73.100.38.93,credit_card,Bangkok,"8.207629,106.49021",30,F,2020-05-14,active,0.8,0,0,0,auto_approved,0.2266,2022
99933bc3-c9cf-4e95-b0c3-c20f3f166494,U001564,2022-02-02 20:17:05,20:17:05,1016638.33,purchase,M00040,USD,success,pos,D002784,150.51.190.92,credit_card,Ho Chi Minh City,"14.497861,104.884955",56,F,2018-07-08,active,0.65,1,0,0,auto_approved,0.5369,2022
8acd92e2-e047-4a72-bd6a-a225b9ac58b8,U001692,2022-11-22 01:53:39,01:53:39,1014188.54,bill_payment,M00201,USD,success,atm,D002697,97.6.119.48,credit_card,Bangkok,"17.901852,105.522687",20,F,2015-12-13,active,0.58,1,0,0,auto_approved,0.3187,2022
47a8e47f-26b2-449b-a83b-4edfef4866aa,U001668,2022-08-24 08:51:31,08:51:31,144904.92,cash_withdrawal,M00037,VND,success,atm,D002442,160.193.228.42,mobile_wallet,Da Nang,"12.979131,105.368898",23,M,2016-06-26,active,0.94,0,0,0,auto_approved,0.2513,2022
9122d111-e508-4891-9589-0616de40e132,U001691,2022-03-07 10:33:00,10:33:00,825759.78,cash_withdrawal,M00257,USD,success,pos,D001300,239.188.253.231,bank_transfer,Ho Chi Minh City,"19.810843,102.674849",27,M,2014-07-17,active,0.95,0,0,0,auto_approved,0.2694,2022
3d0af066-9429-4444-a176-9d4f8bca0501,U000422,2022-12-30 22:27:47,22:27:47,22335.49,cash_withdrawal,M00116,VND,success,desktop,D001269,78.105.171.212,debit_card,Ho Chi Minh City,"13.590619,103.626019",26,F,2021-06-12,active,0.61,0,0,0,auto_approved,0.4029,2022
10d6df8c-6098-451a-a9c1-c8cb233b7da0,U000908,2022-02-20 03:18:07,03:18:07,585969.05,online_payment,M00029,VND,success,atm,D000414,236.80.220.42,debit_card,Bangkok,"11.780769,106.727389",48,F,2021-11-20,blocked,0.53,0,0,0,auto_approved,0.1205,2022
9909d0bc-26a8-4600-8390-be8a36ed1e87,U001552,2022-02-09 16:43:37,16:43:37,1818124.27,bill_payment,M00473,VND,success,desktop,D000629,234.36.0.57,bank_transfer,Kuala Lumpur,"15.412013,105.808882",45,M,2017-01-25,active,0.86,0,0,0,auto_approved,0.3049,2022
4908275b-b808-4a42-bda5-2b86aa430701,U001954,2022-07-23 03:47:08,03:47:08,383327.93,purchase,M00199,VND,success,desktop,D001401,137.32.137.149,mobile_wallet,Hanoi,"20.47491,108.808558",70,M,2017-01-21,active,0.52,0,0,0,auto_approved,0.0427,2022
bc744470-5e02-43b2-83a3-04fd6fd07903,U000909,2022-02-07 21:13:19,21:13:19,42738.73,bill_payment,M00177,USD,success,mobile,D000034,77.160.5.249,bank_transfer,Singapore,"13.170552,108.359073",59,M,2015-09-25,active,0.51,1,0,0,auto_approved,0.421,2022
4941e243-7b40-49cf-b640-b62be89568cf,U001764,2022-09-16 08:56:55,08:56:55,2373468.44,online_payment,M00144,VND,success,atm,D000106,1.15.46.246,debit_card,Singapore,"17.719132,102.423327",40,M,2018-07-05,active,0.52,0,0,0,auto_approved,0.2769,2022
34cd0b2b-f03f-4134-8dfa-8aaea6683033,U001220,2022-11-26 03:25:57,03:25:57,411279.1,purchase,M00455,VND,success,mobile,D000549,122.121.106.23,debit_card,Bangkok,"10.93925,108.085597",48,M,2015-10-18,active,0.62,0,0,0,auto_approved,0.2319,2022
fba822b7-cc72-4f1b-88cb-6297924866e4,U001291,2022-01-11 14:20:28,14:20:28,799840.8,bill_payment,M00458,VND,success,desktop,D001596,220.239.64.191,bank_transfer,Ho Chi Minh City,"8.486041,104.652354",64,M,2014-05-16,active,0.91,0,1,0,auto_approved,0.2606,2022
c80c4e6d-c833-49c5-828b-3dc060659c17,U001513,2022-07-26 21:26:19,21:26:19,843301.73,purchase,M00238,VND,success,pos,D000438,65.172.104.236,debit_card,Da Nang,"8.885514,103.925609",46,M,2019-05-10,active,0.96,0,1,0,auto_approved,0.5613,2022
5d51b05d-bac1-4462-b583-b242ea9a0e9b,U001900,2022-07-01 14:31:52,14:31:52,74896.02,purchase,M00087,USD,success,atm,D001687,135.230.102.45,mobile_wallet,Da Nang,"16.31877,106.616721",37,M,2015-01-10,active,0.88,0,0,0,auto_approved,0.0899,2022
181e2dd6-499b-4c14-ab16-1f4f15faa27e,U000649,2022-06-02 00:47:18,00:47:18,392603.66,purchase,M00500,USD,pending,desktop,D001216,173.18.109.111,debit_card,Singapore,"20.486466,104.550706",33,F,2022-01-23,active,0.82,0,0,0,auto_approved,0.0185,2022
7bff7a6c-b8c2-47fb-a69e-2089fb4e27e3,U001161,2022-10-21 02:19:43,02:19:43,1925613.25,transfer,M00424,USD,success,mobile,D000334,95.73.7.117,debit_card,Ho Chi Minh City,"14.876243,106.267174",27,M,2015-07-14,active,0.86,0,0,0,auto_approved,0.109,2022
ca59df15-a336-4178-a484-898c0b52848f,U000927,2022-10-12 21:46:50,21:46:50,97537.31,bill_payment,M00011,USD,success,mobile,D000476,165.165.153.5,bank_transfer,Ho Chi Minh City,"21.169638,107.846522",68,M,2018-06-25,active,0.72,0,0,0,auto_approved,0.2723,2022
a2f39019-ec32-4af8-8c79-8af04f64c9c2,U000262,2022-12-16 11:44:15,11:44:15,480063.42,cash_withdrawal,M00053,VND,success,atm,D002869,118.186.254.161,mobile_wallet,Ho Chi Minh City,"10.475409,108.196535",47,F,2018-03-30,active,0.55,0,0,0,auto_approved,0.1075,2022
8ff941d9-6c9a-4447-8101-f41fd4086575,U000670,2022-05-12 09:10:22,09:10:22,235196.64,bill_payment,M00062,USD,success,mobile,D000295,254.126.108.203,debit_card,Singapore,"9.777372,104.31174",47,M,2015-08-06,active,0.94,0,0,0,auto_approved,0.4403,2022
bbe278c4-6c77-4280-b941-fbef6123aed9,U000241,2022-01-28 07:18:03,07:18:03,1258302.9,online_payment,M00300,VND,success,atm,D001557,245.144.225.254,mobile_wallet,Singapore,"14.397599,105.671677",28,F,2021-09-24,active,0.79,2,1,0,auto_approved,0.2032,2022
a2a0e9bf-36de-4a63-860f-172707dc6b53,U001057,2022-09-12 02:47:13,02:47:13,833921.76,bill_payment,M00069,USD,failed,atm,D001062,145.184.42.96,credit_card,Singapore,"14.668361,106.190501",45,F,2021-10-15,active,0.77,2,1,0,auto_approved,0.4466,2022
7f8b2b9a-cdd0-42dd-81b6-e5eee871baed,U001919,2022-10-12 09:25:18,09:25:18,86456.14,online_payment,M00149,VND,success,atm,D001468,239.169.178.41,mobile_wallet,Singapore,"19.854442,106.235159",65,F,2016-09-11,active,0.65,1,0,0,auto_approved,0.4059,2022
b82e583e-81c8-45e2-b279-ca72914adb3c,U001157,2022-12-23 12:29:20,12:29:20,203468.18,bill_payment,M00256,USD,success,pos,D002152,153.138.227.151,bank_transfer,Hanoi,"17.701546,105.790249",45,F,2020-03-15,active,0.96,0,0,0,auto_approved,0.0707,2022
57884bd4-fe53-4017-b84a-3806dc685ea9,U001714,2022-04-23 14:36:54,14:36:54,467275.53,bill_payment,M00457,USD,success,pos,D001681,47.8.14.119,mobile_wallet,Bangkok,"12.402928,105.056711",21,F,2020-07-01,active,0.94,0,1,0,auto_approved,0.1952,2022
8842d4e6-ee02-4748-a281-1de17c06b54f,U001485,2022-01-16 13:58:00,13:58:00,791340.59,transfer,M00340,USD,success,pos,D000246,233.202.179.145,bank_transfer,Singapore,"17.201696,102.732036",32,M,2014-01-29,active,0.57,0,0,0,auto_approved,0.4125,2022
5e163ff1-7e14-48dd-bbd2-e057d21588f1,U001576,2022-05-24 23:49:30,23:49:30,351470.95,cash_withdrawal,M00414,USD,success,atm,D001255,177.80.76.107,debit_card,Hanoi,"9.577923,103.917057",49,M,2017-12-10,blocked,0.88,2,1,1,pending_review,0.2145,2022
0e175ead-c722-4a26-9d26-7e3ab302dac8,U000779,2022-12-24 18:18:26,18:18:26,792438.41,transfer,M00096,USD,success,mobile,D001175,159.228.247.244,mobile_wallet,Ho Chi Minh City,"18.93199,102.2632",60,F,2018-05-01,active,0.98,0,0,0,auto_approved,0.1624,2022
9f14ca1d-c147-49cf-921e-354e1835ad9e,U001267,2022-11-18 23:09:00,23:09:00,2588348.67,bill_payment,M00106,USD,success,pos,D002248,99.240.160.167,credit_card,Da Nang,"13.277804,102.246434",21,M,2022-06-14,active,0.57,0,0,0,auto_approved,0.0734,2022
f41e3c86-2b68-438a-82bf-d23ee9924131,U000853,2022-06-12 03:39:39,03:39:39,573247.49,transfer,M00286,VND,success,pos,D001939,60.139.244.17,credit_card,Bangkok,"21.425253,108.227774",30,F,2021-03-27,active,0.5,0,0,0,auto_approved,0.4054,2022
7b762da6-b4e8-46e6-8355-06515a7c81aa,U000014,2022-07-24 13:07:45,13:07:45,498571.84,bill_payment,M00081,VND,success,pos,D002980,107.194.124.90,bank_transfer,Da Nang,"17.510146,106.597425",21,F,2017-02-05,active,0.76,0,0,0,auto_approved,0.1666,2022
0070afcc-fc78-4a07-a32c-f643333900b3,U000505,2022-03-11 00:21:15,00:21:15,17156.78,transfer,M00248,VND,success,desktop,D002596,95.18.177.91,debit_card,Hanoi,"13.915171,102.569654",63,F,2019-07-25,active,0.84,2,1,0,auto_approved,0.4865,2022
bb23bc99-0070-4021-b9ba-c9db1496bcd3,U000433,2022-07-19 05:11:11,05:11:11,218004.19,bill_payment,M00449,VND,success,mobile,D001389,223.52.110.154,bank_transfer,Hanoi,"17.537927,103.156514",58,M,2016-08-12,active,0.46,1,0,0,auto_approved,0.2591,2022
6f741db8-d3af-4017-87eb-fc669e0b8229,U001379,2022-11-11 18:47:13,18:47:13,2016333.02,online_payment,M00194,USD,success,pos,D002327,31.70.1.138,mobile_wallet,Bangkok,"12.138531,102.452443",55,M,2021-11-04,active,0.89,0,0,0,auto_approved,0.3316,2022
cea3f1f1-4072-4f19-99d3-32b59afbae34,U001471,2022-08-08 21:23:30,21:23:30,1294516.81,bill_payment,M00316,USD,success,atm,D001577,74.199.108.89,bank_transfer,Ho Chi Minh City,"10.085919,107.325798",30,M,2016-05-03,active,0.55,0,0,0,auto_approved,0.0572,2022
3ae9ce73-bba6-4203-af41-48833a4172a7,U001263,2022-08-06 04:19:41,04:19:41,751136.99,transfer,M00175,VND,success,mobile,D002267,67.209.103.244,mobile_wallet,Da Nang,"16.122418,105.204811",27,F,2016-07-13,active,0.5,0,0,0,auto_approved,0.0433,2022
4b567cbf-274c-47f4-b72a-446445f0d589,U001400,2022-03-18 07:35:51,07:35:51,934136.74,purchase,M00091,VND,success,pos,D001461,208.143.130.117,mobile_wallet,Ho Chi Minh City,"19.374738,107.933487",52,F,2021-08-16,active,0.67,1,0,0,auto_approved,0.4228,2022
6430cb41-1529-4eef-be9e-913e8c58a411,U000361,2022-12-18 21:30:06,21:30:06,1069320.69,transfer,M00203,USD,success,desktop,D002123,70.74.248.147,credit_card,Hanoi,"17.346434,108.164946",59,M,2022-11-05,active,0.97,0,0,0,auto_approved,0.4234,2022
5662f766-79a0-414d-99da-bc04b72c731d,U001130,2022-09-25 00:02:17,00:02:17,1333589.95,cash_withdrawal,M00495,USD,success,pos,D001118,61.236.246.222,mobile_wallet,Singapore,"11.432366,106.576181",29,F,2016-06-08,active,0.78,0,0,0,auto_approved,0.0467,2022
2e36859c-d256-4fe4-b94a-1ba4fc874a57,U000952,2022-06-26 12:14:17,12:14:17,104081.31,cash_withdrawal,M00302,USD,failed,atm,D002518,172.90.238.219,bank_transfer,Kuala Lumpur,"10.759107,106.316304",31,F,2015-05-02,under_review,0.86,0,0,0,auto_approved,0.4151,2022
c706844c-63f3-49f8-ae39-55f97e356838,U000895,2022-10-11 20:13:49,20:13:49,299382.61,cash_withdrawal,M00356,VND,success,pos,D001915,112.218.28.77,mobile_wallet,Kuala Lumpur,"11.987739,108.025322",26,F,2022-09-09,active,0.67,0,0,0,auto_approved,0.3988,2022
c462ecba-2920-4c9e-8308-0c475084eaa3,U000145,2022-11-30 10:27:40,10:27:40,903908.2,cash_withdrawal,M00033,USD,success,mobile,D001188,11.87.148.251,debit_card,Da Nang,"14.277893,102.709054",59,F,2014-10-26,active,0.92,0,1,0,auto_approved,0.5364,2022
6627cf37-7c20-4aa9-b901-657735be01f9,U000578,2022-06-01 10:56:55,10:56:55,553721.51,online_payment,M00075,USD,success,atm,D001081,12.69.161.32,mobile_wallet,Bangkok,"13.194526,103.132783",36,M,2014-12-16,active,0.96,0,0,0,auto_approved,0.2647,2022
e76703f9-f638-48e5-ba14-2a18726d5d46,U001879,2022-03-25 17:59:05,17:59:05,211948.36,bill_payment,M00275,VND,success,pos,D001906,175.146.215.23,debit_card,Hanoi,"17.175798,102.381765",26,F,2019-03-08,active,0.91,0,0,0,auto_approved,0.1078,2022
cc19f749-2bb9-463b-9c1b-f00b1eec215e,U001936,2022-08-09 10:27:42,10:27:42,231490.14,cash_withdrawal,M00081,USD,success,pos,D002485,167.134.242.28,debit_card,Singapore,"14.939362,104.663986",29,M,2016-09-09,active,0.96,0,1,0,auto_approved,0.5305,2022
ea43a019-05e0-4ec3-a957-064e5c5d951e,U000914,2022-03-22 15:20:33,15:20:33,1175983.78,transfer,M00400,USD,success,mobile,D000137,196.86.106.70,debit_card,Kuala Lumpur,"8.381691,107.00105",68,F,2020-05-15,active,0.7,0,0,0,auto_approved,0.4011,2022
3e4f756b-ade7-4010-9305-3a976f5435b7,U001544,2022-06-07 11:31:35,11:31:35,170900.85,cash_withdrawal,M00431,VND,success,atm,D000320,135.151.194.249,credit_card,Bangkok,"18.41971,107.114257",31,M,2017-10-17,active,0.68,0,1,0,auto_approved,0.4674,2022
85ed9727-9ae1-4303-bbce-5a9381cb4c92,U001733,2022-03-19 07:11:50,07:11:50,622777.44,cash_withdrawal,M00253,VND,success,pos,D002616,177.197.214.75,debit_card,Ho Chi Minh City,"13.016826,106.507342",45,F,2015-12-22,active,0.75,1,0,0,auto_approved,0.2264,2022
ae6299dc-e247-471b-bfbe-72bdc61f01f3,U000911,2022-07-05 12:44:11,12:44:11,193949.97,purchase,M00371,VND,success,desktop,D002697,65.177.227.24,debit_card,Kuala Lumpur,"9.190019,102.005064",46,M,2015-07-19,active,0.8,0,0,0,auto_approved,0.2585,2022
f4155fe5-de4e-46fe-a333-120723b49ee8,U001372,2022-10-03 22:14:16,22:14:16,1307995.48,transfer,M00276,USD,success,desktop,D000261,54.33.232.103,bank_transfer,Kuala Lumpur,"13.973208,107.541886",30,F,2015-03-03,active,0.75,0,0,0,auto_approved,0.032,2022
9051e9e9-a32e-4e11-a8f8-669274917079,U000210,2022-03-15 07:56:08,07:56:08,512918.1,transfer,M00488,VND,success,mobile,D002609,73.185.74.140,debit_card,Hanoi,"19.281062,107.448277",67,F,2015-01-15,active,0.61,1,0,0,auto_approved,0.4395,2022
46769b37-b4d9-44bf-b57b-fade76a74946,U001367,2022-06-08 14:17:39,14:17:39,577352.6,online_payment,M00268,VND,success,pos,D002221,120.112.255.76,credit_card,Da Nang,"18.737675,108.11073",43,F,2019-04-25,blocked,0.53,0,0,0,auto_approved,0.1342,2022
ead266cc-da9c-4b1c-8376-6e4a4d7f1885,U000833,2022-12-17 08:14:35,08:14:35,1290820.51,transfer,M00281,USD,success,atm,D001079,80.136.85.207,credit_card,Hanoi,"12.318921,107.209658",27,M,2020-12-02,active,0.97,0,0,0,auto_approved,0.3791,2022
1df61db0-15aa-4774-a7fe-2ae6b437b90f,U001571,2022-05-07 19:04:08,19:04:08,1456322.17,purchase,M00303,USD,success,pos,D002145,213.120.235.136,debit_card,Ho Chi Minh City,"11.046425,103.911416",31,F,2021-01-16,active,0.49,0,0,0,auto_approved,0.2313,2022
6b8109da-d3b8-4eae-b3fb-edf616824379,U000707,2022-01-20 07:51:00,07:51:00,1816157.49,transfer,M00344,VND,success,mobile,D002082,199.150.198.122,credit_card,Kuala Lumpur,"8.993762,108.516019",38,F,2015-08-11,active,0.45,2,1,1,pending_review,0.3378,2022
ea803d31-1afa-4f18-94e4-bf59843803ca,U000615,2022-03-12 10:07:03,10:07:03,978797.9,online_payment,M00197,USD,success,mobile,D000720,117.144.46.163,debit_card,Da Nang,"21.075875,107.349551",51,F,2020-10-03,active,0.58,2,1,0,auto_approved,0.558,2022
e354db17-3adb-48cd-93af-e21a20c37a9b,U000046,2022-08-16 07:07:21,07:07:21,338043.55,bill_payment,M00100,USD,success,pos,D001184,152.58.123.218,credit_card,Singapore,"19.473938,108.644462",65,F,2014-07-09,active,0.64,1,0,0,auto_approved,0.4636,2022
3487a4f2-c792-4ec1-9ec2-d869b0265ed0,U001189,2022-02-23 07:47:31,07:47:31,521671.41,cash_withdrawal,M00059,VND,failed,desktop,D002388,221.119.59.149,mobile_wallet,Singapore,"13.742804,108.413761",44,M,2015-02-23,active,0.68,0,0,0,auto_approved,0.2486,2022
e4f00a8f-0362-4dbc-823f-d56eb2a02014,U000730,2022-07-04 08:11:41,08:11:41,679233.37,purchase,M00048,VND,success,pos,D000452,220.254.205.227,mobile_wallet,Da Nang,"14.229315,106.201144",21,F,2015-09-21,active,0.47,0,0,0,auto_approved,0.4066,2022
de78d9b2-2cf3-43a5-8406-3d608612b61a,U001135,2022-11-20 20:01:23,20:01:23,955153.68,online_payment,M00437,VND,success,mobile,D001165,255.194.81.35,bank_transfer,Bangkok,"11.101293,107.496283",37,M,2015-08-30,active,0.52,0,0,0,auto_approved,0.334,2022
3b59d6a7-5073-4cf4-a5c8-45cb8102ceb5,U001060,2022-10-28 12:18:33,12:18:33,474920.83,transfer,M00211,USD,success,mobile,D002336,76.195.40.92,mobile_wallet,Bangkok,"17.453497,104.055403",40,M,2020-12-28,active,0.93,0,0,0,auto_approved,0.2575,2022
ffe723a4-63cf-47c3-abb3-06f0a5a1f105,U001123,2022-01-04 07:14:24,07:14:24,479181.45,online_payment,M00406,VND,success,pos,D002683,43.85.48.246,debit_card,Hanoi,"21.428689,105.031331",23,F,2017-07-07,active,0.71,0,0,0,auto_approved,0.2083,2022
606e250e-34f3-4bda-89f1-4e66b8ae1544,U001276,2022-10-01 05:23:08,05:23:08,487920.25,cash_withdrawal,M00477,VND,success,pos,D002858,93.112.27.42,mobile_wallet,Bangkok,"17.889056,107.490668",60,M,2021-08-29,active,0.74,0,0,0,auto_approved,0.2066,2022
e8d66450-d8fe-4810-9448-9b8fee5b9078,U001043,2022-09-16 12:24:12,12:24:12,254621.71,purchase,M00458,VND,success,pos,D002699,153.159.72.174,debit_card,Singapore,"8.313437,104.08407",48,F,2014-12-05,active,0.61,0,0,0,auto_approved,0.0778,2022
072b3454-fa15-48de-b53b-4399c7901bfe,U001453,2022-02-20 22:20:18,22:20:18,1601303.14,online_payment,M00362,USD,success,desktop,D002446,152.96.164.171,bank_transfer,Bangkok,"13.072872,105.31906",46,M,2015-10-17,active,0.81,1,0,0,auto_approved,0.4511,2022
ecc4d5d2-55bc-4142-b823-46d6e3e030b0,U000795,2022-02-18 00:52:56,00:52:56,1338975.42,transfer,M00428,USD,success,mobile,D001248,194.7.164.193,debit_card,Da Nang,"9.99949,105.001021",18,M,2014-08-13,active,0.8,0,0,0,auto_approved,0.0812,2022
47de9fba-82fb-4162-b4ae-48ea536c7605,U001426,2022-09-29 02:44:28,02:44:28,135759.91,transfer,M00493,VND,success,atm,D001602,113.139.115.137,bank_transfer,Bangkok,"8.253326,105.99555",38,F,2019-04-10,active,0.46,0,0,0,auto_approved,0.0317,2022
53ee773d-4192-4d7d-95e0-1d1f7e46340f,U001174,2022-06-23 15:21:28,15:21:28,180612.6,cash_withdrawal,M00188,USD,success,pos,D001806,253.144.252.200,mobile_wallet,Bangkok,"18.007292,103.339884",47,F,2020-03-03,active,0.93,0,0,0,auto_approved,0.3555,2022
0f2d05ca-3ad5-428e-be59-0c2b7b50be58,U000858,2022-05-27 01:58:08,01:58:08,788154.48,purchase,M00277,VND,success,pos,D001927,150.128.195.36,bank_transfer,Da Nang,"18.791628,103.025141",61,M,2021-06-20,blocked,0.89,0,0,0,auto_approved,0.1504,2022
e453476f-63e0-4173-aa51-9e7e8f17dd17,U000732,2022-01-11 01:48:52,01:48:52,477777.37,transfer,M00336,VND,success,desktop,D000280,45.182.189.200,credit_card,Bangkok,"16.802756,106.667586",49,M,2020-09-01,active,0.46,0,0,0,auto_approved,0.3902,2022
5d129682-e5b8-4e73-b03e-302b89ed0c57,U001537,2022-03-05 09:23:00,09:23:00,1532961.75,bill_payment,M00218,USD,success,desktop,D002856,30.212.194.21,debit_card,Hanoi,"11.364637,103.126041",18,M,2017-08-17,active,0.93,0,0,0,auto_approved,0.2907,2022
e9b117eb-0a28-4b44-9621-7d48ee728f60,U001344,2022-10-27 21:31:57,21:31:57,518466.88,transfer,M00433,USD,success,desktop,D001516,57.135.105.14,mobile_wallet,Bangkok,"12.165881,107.031961",60,F,2019-01-23,under_review,0.78,0,0,0,auto_approved,0.4487,2022
cd9fb142-6142-4d55-94fa-8b3c1b8539a0,U000635,2022-11-11 14:24:35,14:24:35,1067351.08,online_payment,M00183,USD,success,pos,D002320,216.89.221.246,debit_card,Bangkok,"19.326914,103.509908",48,F,2015-09-30,active,0.93,0,0,0,auto_approved,0.4482,2022
98fb47d4-069c-4ceb-9d79-1612e6eea33d,U001989,2022-03-31 10:28:18,10:28:18,1311520.01,transfer,M00402,USD,success,desktop,D002909,78.233.72.249,mobile_wallet,Kuala Lumpur,"19.004864,103.08021",37,F,2014-10-01,active,0.58,0,0,0,auto_approved,0.3464,2022
9cee32cb-e734-4034-b82b-3ab6471e8416,U000232,2022-02-03 07:01:22,07:01:22,17383.66,cash_withdrawal,M00237,USD,success,atm,D002202,55.184.8.56,debit_card,Singapore,"8.229787,107.533921",28,M,2018-09-09,active,0.65,1,0,0,auto_approved,0.3673,2022
c86d5193-638d-494a-b1af-7e78ccc79352,U001254,2022-06-05 07:15:46,07:15:46,1049021.38,cash_withdrawal,M00492,USD,success,mobile,D001889,179.178.31.197,debit_card,Hanoi,"9.881217,105.69023",70,M,2021-12-07,active,0.82,0,0,0,auto_approved,0.4445,2022
2cf96cd1-4fa1-486b-825e-9821af1f57fb,U000619,2022-10-02 01:32:43,01:32:43,1930786.01,purchase,M00188,USD,success,desktop,D000299,145.119.101.177,credit_card,Hanoi,"13.064262,102.905889",25,F,2015-04-09,active,0.49,0,1,0,auto_approved,0.2596,2022
96e0c7dc-3401-45f6-8aa5-1315cbbcbc3a,U000499,2022-01-30 03:04:25,03:04:25,197815.97,transfer,M00163,USD,success,atm,D002510,158.32.74.1,credit_card,Kuala Lumpur,"11.194206,106.799732",23,F,2020-12-11,active,0.94,0,0,0,auto_approved,0.0976,2022
41e9dbca-4992-4573-960e-b19f50afbccc,U000460,2022-04-08 00:58:55,00:58:55,80564.3,bill_payment,M00119,VND,success,desktop,D001003,120.166.245.241,bank_transfer,Hanoi,"19.075151,104.741024",21,M,2018-04-14,active,0.8,0,0,0,auto_approved,0.4096,2022
ca5d97c9-299e-4a48-bd27-879e790b05c5,U000988,2022-04-03 20:14:07,20:14:07,799229.64,transfer,M00478,USD,success,atm,D001462,155.231.163.252,bank_transfer,Kuala Lumpur,"21.632525,103.149024",49,F,2014-05-19,active,0.65,1,0,0,auto_approved,0.462,2022
05779fa0-d827-4104-b9cf-fcd1e84d0881,U000787,2022-11-14 04:16:41,04:16:41,1181607.54,transfer,M00375,VND,success,pos,D002194,249.153.23.72,mobile_wallet,Ho Chi Minh City,"11.699997,108.610819",67,M,2022-02-06,active,0.97,0,0,0,auto_approved,0.1989,2022
091797c8-fee6-49a4-b9b5-b8c7f26e354d,U000187,2022-11-12 02:48:52,02:48:52,701383.44,bill_payment,M00476,USD,success,atm,D002451,122.198.140.91,mobile_wallet,Singapore,"19.174361,108.348877",28,F,2021-03-05,active,0.89,0,0,0,auto_approved,0.437,2022
e34057eb-4a0d-4447-8924-98a9ba1fbac0,U001563,2022-08-29 18:56:47,18:56:47,698971.57,bill_payment,M00272,VND,success,atm,D000984,186.207.103.251,credit_card,Da Nang,"16.624316,107.399671",57,M,2021-04-26,active,0.82,0,0,0,auto_approved,0.2109,2022
82a39568-1cb4-4a81-9f56-a7ed80dbcf4b,U001365,2022-11-29 00:29:50,00:29:50,515879.52,purchase,M00094,VND,success,pos,D001834,17.59.110.102,bank_transfer,Bangkok,"11.440847,107.073244",36,F,2017-10-03,active,0.69,2,1,0,auto_approved,0.2589,2022
b6b875ad-448e-4c46-b769-8defd43fd55b,U000517,2022-04-16 08:37:40,08:37:40,346179.31,purchase,M00430,VND,success,mobile,D002767,154.121.50.213,credit_card,Da Nang,"16.36826,102.486317",67,M,2015-04-20,active,0.54,1,0,0,auto_approved,0.5652,2022
3313f496-d916-4d45-91bd-e223eea3fc70,U000999,2022-01-17 00:22:28,00:22:28,369027.88,online_payment,M00285,USD,success,mobile,D002068,195.201.5.14,debit_card,Ho Chi Minh City,"9.668821,103.434851",35,F,2015-02-11,active,0.56,0,0,0,auto_approved,0.235,2022
a5b16c99-ac18-472f-aeb5-f9ed6f95acf1,U000341,2022-02-18 17:46:27,17:46:27,273219.84,cash_withdrawal,M00393,USD,success,desktop,D001309,111.246.76.60,debit_card,Da Nang,"8.416616,106.593088",61,F,2014-09-24,active,0.99,0,0,0,auto_approved,0.283,2022
e53ebdb4-e060-451e-84fc-aa79e969bdfe,U001667,2022-01-23 06:00:33,06:00:33,597732.1,bill_payment,M00234,USD,success,desktop,D000553,62.76.39.46,bank_transfer,Kuala Lumpur,"16.385445,104.198964",22,M,2019-07-30,active,0.86,0,0,0,auto_approved,0.408,2022
e6873294-179b-487a-9d9f-4e11d0da9463,U001458,2022-09-02 11:50:25,11:50:25,1328787.43,transfer,M00240,VND,success,atm,D002946,199.3.249.145,credit_card,Singapore,"15.903505,107.775024",62,F,2021-04-20,blocked,0.47,0,1,1,pending_review,0.2382,2022
6079f86a-442d-4ed7-86c6-b265c22d4677,U001297,2022-07-10 15:45:09,15:45:09,583437.1,cash_withdrawal,M00289,USD,success,atm,D000590,231.67.177.219,debit_card,Hanoi,"19.388233,107.803858",19,M,2017-03-03,active,0.75,0,0,0,auto_approved,0.1321,2022
c6f39a57-8ac6-4fd4-9dac-39436a0c15a9,U001611,2022-01-05 18:59:23,18:59:23,3880283.6,online_payment,M00103,VND,failed,pos,D000543,48.140.50.127,debit_card,Kuala Lumpur,"8.99862,103.885916",47,M,2021-10-18,active,0.59,0,1,0,auto_approved,0.4745,2022
b0c4c112-d221-49a6-b4f8-b06d9c1ba03a,U001103,2022-02-01 14:03:44,14:03:44,1184145.95,cash_withdrawal,M00135,VND,success,mobile,D000856,155.249.92.152,bank_transfer,Ho Chi Minh City,"14.11539,105.23832",41,M,2018-04-30,active,0.82,0,0,0,auto_approved,0.0686,2022
fd61d8af-ea27-46f6-b601-9b95a42ab628,U001800,2022-03-16 23:20:41,23:20:41,1708897.42,cash_withdrawal,M00323,USD,success,pos,D002429,31.190.224.23,credit_card,Singapore,"15.251946,108.103164",18,M,2015-11-05,active,0.54,0,0,0,auto_approved,0.402,2022
d155f2a4-5227-4ff4-9ebd-2e8b7be8acd9,U001825,2022-06-28 00:16:07,00:16:07,2831.36,online_payment,M00307,VND,success,mobile,D000052,184.251.195.18,debit_card,Da Nang,"21.994866,106.598069",18,M,2020-06-25,active,0.82,0,0,0,auto_approved,0.3128,2022
b4c9ac92-ec63-428f-82ea-d1f0274fdf6e,U000802,2022-05-06 23:42:15,23:42:15,897804.93,online_payment,M00069,VND,success,desktop,D002446,59.94.8.228,mobile_wallet,Ho Chi Minh City,"10.279187,102.841554",70,F,2020-02-12,active,0.78,2,1,0,auto_approved,0.4007,2022
d22e2dc3-6626-4bc6-a791-d1cd912af088,U000310,2022-09-14 07:21:54,07:21:54,623435.53,online_payment,M00061,VND,pending,desktop,D002687,58.43.52.10,credit_card,Da Nang,"21.976646,103.340253",26,F,2020-01-03,active,0.66,0,0,0,auto_approved,0.2768,2022
c2068023-387d-4ec9-8a6a-bdd66140593f,U000474,2022-02-15 12:19:47,12:19:47,13734.54,online_payment,M00426,USD,pending,mobile,D001559,209.94.93.216,debit_card,Bangkok,"9.364703,105.224311",36,F,2021-05-22,blocked,0.97,0,0,0,auto_approved,0.351,2022
bc9d5e53-0546-4b08-be38-fcd3aaac10c7,U001287,2022-12-16 03:39:01,03:39:01,2000449.28,bill_payment,M00392,VND,success,pos,D000440,169.78.17.93,debit_card,Singapore,"15.260469,105.795952",33,M,2022-04-28,active,0.94,0,0,0,auto_approved,0.2845,2022
00b80884-bc9e-4e3e-a653-99b7f484d07d,U001495,2022-02-13 09:16:27,09:16:27,1079216.91,cash_withdrawal,M00333,USD,success,pos,D000888,205.140.239.165,mobile_wallet,Kuala Lumpur,"19.64737,102.252452",25,M,2018-01-16,active,0.88,0,0,0,auto_approved,0.3138,2022
bfd2fe26-55f9-48dc-8f46-478f7492144b,U000622,2022-01-17 11:35:54,11:35:54,123305.41,online_payment,M00019,USD,success,desktop,D000551,242.229.155.91,bank_transfer,Kuala Lumpur,"15.745928,107.056843",47,M,2018-01-17,active,0.63,0,0,0,auto_approved,0.3818,2022
3f4d1b48-1eb9-418a-8b26-f42acb036b44,U001118,2022-03-17 02:23:07,02:23:07,445906.71,online_payment,M00285,VND,success,atm,D002927,86.16.117.252,credit_card,Bangkok,"9.209966,108.460665",57,M,2019-04-03,active,0.45,0,0,0,auto_approved,0.0956,2022
0c0c8e2a-330c-4fbd-b32d-247915dd685e,U000705,2022-10-14 08:33:22,08:33:22,1536584.04,online_payment,M00425,VND,success,pos,D002737,90.206.50.45,bank_transfer,Da Nang,"16.976918,107.460241",44,F,2019-08-13,active,0.54,0,0,0,auto_approved,0.2126,2022
b99d452f-a308-4600-8bb3-9147bcafdb33,U000876,2022-01-04 15:39:12,15:39:12,154313.14,bill_payment,M00063,VND,success,desktop,D002794,160.119.111.94,mobile_wallet,Da Nang,"19.94446,105.040017",42,M,2013-12-27,active,0.91,1,0,0,auto_approved,0.4873,2022
cf2262e1-ad38-47ba-abd0-c047b0ce5b76,U000017,2022-10-14 09:59:15,09:59:15,590843.95,bill_payment,M00296,USD,success,atm,D001969,53.106.54.201,mobile_wallet,Singapore,"12.221009,108.258076",54,M,2022-01-24,active,0.84,0,0,0,auto_approved,0.0983,2022
344510fd-e4c0-4a00-a99c-74fcd32936cf,U001168,2022-08-06 19:59:47,19:59:47,276684.33,cash_withdrawal,M00163,USD,success,atm,D000468,19.166.222.106,debit_card,Da Nang,"20.288961,105.105942",38,F,2020-12-11,active,0.63,0,0,0,auto_approved,0.1541,2022
ee983138-d922-4486-9432-35834bfe300c,U001868,2022-04-02 17:10:04,17:10:04,667090.19,transfer,M00011,VND,success,pos,D001438,60.148.116.123,mobile_wallet,Hanoi,"18.736932,103.533853",57,M,2020-01-05,active,0.58,2,1,0,auto_approved,0.3839,2022
5b22a0a1-8327-4015-ad8e-8a2ea98f1834,U000848,2022-04-09 14:14:54,14:14:54,251593.42,bill_payment,M00401,USD,success,desktop,D002531,142.41.94.50,bank_transfer,Kuala Lumpur,"11.322692,108.433182",67,F,2014-04-13,blocked,0.62,0,0,0,auto_approved,0.0231,2022
5749da4a-1c44-4de2-830e-55c4f098fcca,U000096,2022-04-07 21:12:40,21:12:40,377736.7,bill_payment,M00007,VND,success,pos,D000372,201.157.255.36,bank_transfer,Bangkok,"12.973613,105.495293",54,M,2017-03-26,active,0.74,1,0,0,auto_approved,0.2858,2022
be0f1e86-8c10-437d-a245-17988197d2a7,U000234,2022-04-21 08:36:08,08:36:08,1366358.24,online_payment,M00281,USD,success,atm,D000903,229.60.127.216,mobile_wallet,Bangkok,"17.524484,103.206379",63,F,2014-04-07,active,0.5,0,0,0,auto_approved,0.0208,2022
6b4def7a-4504-4726-9a2c-dc293f97cb72,U000888,2022-12-26 18:21:07,18:21:07,279186.19,bill_payment,M00379,USD,failed,desktop,D001114,117.202.84.222,debit_card,Kuala Lumpur,"18.902315,104.470433",45,M,2020-12-10,active,0.82,0,0,0,auto_approved,0.0317,2022
d38fc65e-26e1-4a7a-930f-99bec75f2481,U001981,2022-07-10 05:41:46,05:41:46,752043.12,online_payment,M00099,USD,success,desktop,D002070,208.98.116.240,credit_card,Hanoi,"20.232428,108.675291",19,M,2022-05-04,active,0.82,0,0,0,auto_approved,0.3106,2022
968c661e-37da-4835-96d4-b9e4ea54a441,U001507,2022-06-30 08:56:23,08:56:23,1595350.56,purchase,M00274,VND,success,desktop,D000405,76.226.248.115,debit_card,Kuala Lumpur,"14.175653,105.435963",45,F,2018-02-23,active,0.58,0,0,0,auto_approved,0.3984,2022
0e099725-0937-4d57-a8ae-cc220ea105d5,U000208,2022-12-14 03:07:17,03:07:17,559372.29,online_payment,M00489,VND,success,pos,D001487,195.219.250.8,debit_card,Ho Chi Minh City,"15.242885,108.104256",20,F,2017-04-07,active,0.83,0,0,0,auto_approved,0.2859,2022
c985c2cf-12bd-48c3-912b-a1a379fe4300,U000043,2022-01-19 13:27:31,13:27:31,482313.78,bill_payment,M00392,VND,success,desktop,D002579,177.58.31.121,mobile_wallet,Ho Chi Minh City,"15.346986,106.642385",69,M,2017-07-13,active,0.84,0,0,0,auto_approved,0.0487,2022
8c620926-7862-4106-b54b-53eaca37cabc,U000168,2022-08-29 16:50:26,16:50:26,2122428.48,bill_payment,M00073,USD,failed,pos,D000018,254.158.38.209,mobile_wallet,Kuala Lumpur,"18.336194,103.831183",43,F,2014-11-22,active,0.71,0,0,0,auto_approved,0.3851,2022
a84639cc-553f-4546-9926-53853ef0b41d,U000806,2022-07-04 04:11:28,04:11:28,684627.6,bill_payment,M00326,USD,success,pos,D001749,175.87.153.30,bank_transfer,Ho Chi Minh City,"9.552863,103.556759",36,F,2015-06-25,active,0.49,1,0,0,auto_approved,0.1869,2022
51cd8c66-e11d-471a-a66c-a59d62ec839a,U001475,2022-07-20 04:40:47,04:40:47,210204.61,transfer,M00201,VND,success,mobile,D000507,247.189.194.156,bank_transfer,Singapore,"8.826651,102.042614",55,M,2020-03-30,active,0.75,0,0,0,auto_approved,0.0959,2022
4e4816db-d1cc-42af-8b04-07ab2cdd8972,U001795,2022-05-30 16:56:50,16:56:50,554892.19,cash_withdrawal,M00253,VND,success,pos,D002007,27.81.233.64,mobile_wallet,Bangkok,"19.557442,104.187014",30,F,2021-07-24,active,0.51,0,0,0,auto_approved,0.0341,2022
4e39916c-4586-4720-92ef-416875dab917,U000201,2022-12-20 13:41:54,13:41:54,712888.81,online_payment,M00309,VND,success,mobile,D002585,51.241.218.137,credit_card,Kuala Lumpur,"12.402414,103.932481",26,F,2019-04-09,active,0.51,0,0,0,auto_approved,0.3962,2022
9be890bb-10b7-4e09-ae00-2d001a270c4e,U000451,2022-05-06 12:14:58,12:14:58,900899.73,cash_withdrawal,M00090,USD,success,atm,D000434,32.125.246.239,debit_card,Singapore,"19.326507,108.833928",58,F,2014-07-25,active,0.95,0,1,0,auto_approved,0.6292,2022
682ec718-823f-4d2a-95fc-031bfd64dfdb,U001201,2022-08-31 22:39:35,22:39:35,1827850.11,purchase,M00412,USD,success,atm,D001877,130.1.29.126,bank_transfer,Singapore,"10.659105,108.835725",27,M,2021-04-30,active,0.86,0,0,0,auto_approved,0.2428,2022
ccf61f02-6b84-4057-b718-3255886bd237,U000282,2022-01-21 03:20:12,03:20:12,86697.09,bill_payment,M00468,VND,success,desktop,D001673,172.251.108.223,credit_card,Kuala Lumpur,"21.614284,103.042785",51,F,2021-06-25,active,0.66,1,0,0,auto_approved,0.1665,2022
ee9e40f9-2ef4-4ac0-b04c-849d4c22bbf0,U000598,2022-11-14 13:48:05,13:48:05,103889.1,bill_payment,M00454,VND,success,atm,D001334,126.227.32.135,mobile_wallet,Singapore,"13.752619,106.942414",58,F,2017-09-16,active,0.86,1,0,0,auto_approved,0.3596,2022
f6aab7e1-9230-4f93-a0b9-84a37a90c4de,U000863,2022-10-20 03:40:23,03:40:23,236242.87,bill_payment,M00436,USD,success,mobile,D002478,147.50.184.169,mobile_wallet,Hanoi,"11.32617,104.34347",21,F,2020-12-04,active,0.79,0,0,0,auto_approved,0.28,2022
0d870e64-a4a6-48e1-a123-40d79c08d9d8,U001239,2022-03-09 09:53:17,09:53:17,2274311.33,transfer,M00125,VND,success,desktop,D000834,191.102.197.85,bank_transfer,Hanoi,"15.539884,102.912233",27,F,2018-02-06,active,0.92,0,0,0,auto_approved,0.4019,2022
a5b94416-74ca-433a-8d90-83913ab59d2e,U000566,2022-12-31 05:33:17,05:33:17,76007.15,purchase,M00161,VND,failed,atm,D002654,218.174.59.42,credit_card,Da Nang,"21.300799,104.19348",37,F,2020-02-07,active,0.83,0,0,0,auto_approved,0.0747,2022
d7ceeb73-ca04-4e8b-9dcf-0c9764c14402,U001331,2022-09-27 04:08:33,04:08:33,620604.68,purchase,M00410,VND,failed,atm,D000958,41.192.94.96,mobile_wallet,Bangkok,"20.785124,108.308496",20,F,2021-04-02,active,0.65,0,1,1,pending_review,0.5491,2022
036021e3-09b0-4b98-9634-a54ecc7e943a,U000872,2022-01-22 19:04:09,19:04:09,1224993.14,transfer,M00132,VND,pending,mobile,D001805,58.20.111.231,mobile_wallet,Bangkok,"17.116191,104.480925",24,M,2019-01-11,under_review,0.67,0,0,0,auto_approved,0.1161,2022
03ccbcfe-4021-4e97-a155-38e9d5651411,U000584,2022-05-31 18:33:10,18:33:10,712805.15,transfer,M00466,USD,success,desktop,D000084,23.202.235.232,mobile_wallet,Ho Chi Minh City,"20.875247,103.208073",40,F,2018-07-12,active,0.82,1,0,0,auto_approved,0.5288,2022
8378ad4d-1980-4135-86d1-fb1a4a0537f2,U000407,2022-06-15 09:28:58,09:28:58,301179.21,purchase,M00098,VND,success,pos,D000693,156.72.188.27,mobile_wallet,Singapore,"8.535872,106.859368",47,M,2017-02-02,active,0.85,0,0,0,auto_approved,0.09,2022
65885a07-4129-4916-94ec-97ba7c502fbb,U000841,2022-03-13 01:02:05,01:02:05,1783805.89,purchase,M00277,USD,success,mobile,D001671,67.57.228.13,credit_card,Singapore,"18.904062,105.081352",50,F,2017-10-01,active,0.82,0,0,0,auto_approved,0.3971,2022
547576ce-91d4-43d6-a256-d709ab34116f,U000656,2022-06-04 03:18:23,03:18:23,849531.52,purchase,M00028,USD,success,desktop,D001847,2.156.102.47,credit_card,Singapore,"10.385411,103.330715",65,F,2020-10-28,active,0.83,0,0,0,auto_approved,0.1621,2022
ac6b659a-e029-4116-9a9a-97d57f06f075,U000727,2022-11-05 00:43:52,00:43:52,638138.86,bill_payment,M00063,VND,success,atm,D002641,131.177.79.107,mobile_wallet,Singapore,"9.385869,108.880344",18,F,2021-06-10,active,0.71,0,0,0,auto_approved,0.3683,2022
e2b96357-0a98-4592-bc59-f797675110c2,U001178,2022-04-20 00:38:33,00:38:33,206592.26,bill_payment,M00257,VND,success,atm,D002853,212.194.84.239,debit_card,Singapore,"19.762526,103.261178",47,F,2017-03-08,active,0.54,2,1,0,auto_approved,0.3122,2022
829c7f8d-5256-43fe-8ae9-00cdca1f75af,U001961,2022-08-13 23:58:04,23:58:04,423902.81,cash_withdrawal,M00191,USD,success,desktop,D000477,158.27.158.244,mobile_wallet,Kuala Lumpur,"17.6491,105.072896",36,M,2014-08-05,active,0.86,0,0,0,auto_approved,0.1339,2022
cddd26bb-e256-429b-a856-cdd45829b5cb,U000366,2022-09-18 19:54:17,19:54:17,940222.15,transfer,M00239,USD,success,pos,D002153,221.79.191.153,credit_card,Ho Chi Minh City,"11.137117,103.652004",63,M,2018-02-02,active,0.48,0,0,0,auto_approved,0.0164,2022
62706b5e-45b9-42b4-ab1c-4a60e64c293b,U001070,2022-03-24 12:23:39,12:23:39,39703.88,purchase,M00126,VND,success,desktop,D002991,178.185.201.237,bank_transfer,Bangkok,"15.154272,102.220884",23,M,2016-06-28,active,0.67,0,0,0,auto_approved,0.3273,2022
977edae0-020a-454c-a6d3-7233b1392f2c,U001688,2022-01-20 01:11:20,01:11:20,564253.55,cash_withdrawal,M00331,USD,success,desktop,D000453,163.39.3.209,bank_transfer,Da Nang,"18.180614,103.235065",19,F,2021-07-09,active,0.83,0,0,0,auto_approved,0.1626,2022
ee7d4b37-8f1f-433e-921b-26411cc2d037,U001484,2022-04-16 15:10:26,15:10:26,274328.61,bill_payment,M00161,VND,success,atm,D002888,19.245.108.213,credit_card,Da Nang,"17.990693,107.120163",43,F,2020-04-27,active,0.5,0,0,0,auto_approved,0.1023,2022
17855ba6-b4d3-409f-846a-1a21990e0325,U000649,2022-11-10 05:45:06,05:45:06,175712.75,purchase,M00251,USD,success,mobile,D002914,7.233.139.240,credit_card,Hanoi,"21.997828,107.432342",42,F,2021-07-02,active,0.54,0,0,0,auto_approved,0.2268,2022
e1aa127e-6178-4e98-bc60-f684233affa2,U000116,2022-09-22 19:17:22,19:17:22,226749.96,transfer,M00042,VND,success,mobile,D001443,16.73.231.74,credit_card,Singapore,"18.635616,103.935551",60,M,2016-12-26,under_review,0.69,2,1,0,auto_approved,0.592,2022
48a82f6a-5cf0-4d44-97e6-d47bc0158341,U000947,2022-11-17 03:29:32,03:29:32,412092.07,purchase,M00417,USD,success,desktop,D002008,10.173.216.6,debit_card,Hanoi,"19.785835,104.92372",52,M,2021-07-15,active,0.47,0,0,0,auto_approved,0.0137,2022
dbd34781-0553-4569-9906-ef7f6fe12493,U001313,2022-08-17 23:46:20,23:46:20,803004.86,bill_payment,M00490,VND,success,mobile,D001864,143.167.94.236,credit_card,Kuala Lumpur,"16.253853,104.027785",39,F,2018-08-07,active,0.73,0,0,0,auto_approved,0.1293,2022
f1e78720-d3e5-4dda-9bc0-d2b4f848f5ea,U000728,2022-10-01 02:47:31,02:47:31,12221.93,cash_withdrawal,M00215,USD,pending,mobile,D001390,120.64.55.89,credit_card,Hanoi,"12.795194,103.892157",64,M,2020-11-30,active,0.78,0,0,0,auto_approved,0.0768,2022
03708e10-838e-4f5e-b72d-a82ba3942e81,U000140,2022-06-14 20:30:29,20:30:29,816755.28,purchase,M00312,USD,success,atm,D002445,70.173.250.180,credit_card,Bangkok,"10.538056,106.359166",62,M,2020-12-24,active,0.67,0,0,0,auto_approved,0.0878,2022
0d3ad149-4aad-4635-80e5-a29a46c52a6d,U000509,2022-06-13 06:38:09,06:38:09,366413.87,purchase,M00426,USD,success,atm,D002421,73.229.236.165,mobile_wallet,Singapore,"17.107177,102.410456",69,F,2016-04-28,active,0.76,0,0,0,auto_approved,0.2854,2022
a71cecd8-dce0-4152-81a4-c4a21c9594fc,U000436,2022-05-19 09:32:16,09:32:16,794423.17,bill_payment,M00089,VND,success,desktop,D001273,118.223.51.27,debit_card,Kuala Lumpur,"20.60135,103.287378",56,M,2020-06-01,active,0.94,0,0,0,auto_approved,0.2869,2022
e3bc956d-9277-4c3f-83e7-f912e5c0bf3b,U001363,2022-07-30 17:20:21,17:20:21,1396841.52,bill_payment,M00268,USD,failed,pos,D000914,24.198.51.63,debit_card,Hanoi,"18.948013,105.185668",45,M,2016-01-12,active,0.62,0,0,0,auto_approved,0.0749,2022
293c32b7-c323-4ef0-9b55-5e10df4057bf,U001702,2022-02-13 11:14:00,11:14:00,599158.86,cash_withdrawal,M00025,USD,success,desktop,D000685,110.164.20.203,debit_card,Ho Chi Minh City,"13.147206,106.370262",65,M,2016-11-24,active,0.56,0,0,0,auto_approved,0.0401,2022
fbe53037-d694-4618-a5a1-99801bf43cd4,U001920,2022-08-18 04:51:46,04:51:46,78627.63,cash_withdrawal,M00245,USD,success,atm,D001149,56.31.255.204,debit_card,Singapore,"20.837719,102.174012",37,F,2019-06-18,active,0.7,0,0,0,auto_approved,0.368,2022
3fd7b8cb-eb54-41c8-b3ba-5d74ad8b9204,U001005,2022-07-27 22:54:11,22:54:11,138335.74,transfer,M00406,USD,success,desktop,D001348,230.191.53.200,debit_card,Bangkok,"19.259625,107.246974",55,F,2021-12-14,active,0.6,0,0,0,auto_approved,0.0678,2022
44ddb355-47f6-42c8-b62a-420d3c3cd045,U000765,2022-04-03 20:06:11,20:06:11,13647.19,purchase,M00213,USD,success,desktop,D001015,193.255.147.65,bank_transfer,Da Nang,"19.690041,108.969093",45,M,2014-02-05,active,0.87,1,0,0,auto_approved,0.3447,2022
b2dd5845-5bd6-43ad-b769-647fe26781e2,U001250,2022-01-17 23:39:05,23:39:05,549587.97,purchase,M00334,USD,success,mobile,D001786,234.173.82.93,mobile_wallet,Bangkok,"11.804836,104.266415",66,M,2021-03-01,active,0.84,0,0,0,auto_approved,0.3064,2022
af0229c5-f42a-4f71-bc8b-fe6f8e8594a4,U001010,2022-01-20 16:57:11,16:57:11,1809765.91,bill_payment,M00449,USD,success,mobile,D002998,208.142.151.110,mobile_wallet,Hanoi,"17.166241,103.641493",43,M,2020-09-18,active,0.72,0,0,0,auto_approved,0.2433,2022
5a5cd01d-aaa4-4b8c-ba74-a6d421564c75,U001466,2022-03-11 00:03:13,00:03:13,51290.34,online_payment,M00196,USD,success,pos,D001856,217.133.135.225,debit_card,Ho Chi Minh City,"10.175051,102.94815",41,M,2016-04-13,under_review,0.94,0,0,0,auto_approved,0.0491,2022
e0e725c2-0b87-4e8f-991e-172084e25cd9,U001877,2022-08-08 17:23:46,17:23:46,52255.57,online_payment,M00445,VND,success,pos,D001162,140.137.203.133,mobile_wallet,Singapore,"9.000497,107.687905",63,M,2022-05-29,active,0.5,0,0,0,auto_approved,0.3085,2022
e876b282-2c84-4051-96ee-4786dd28c873,U001277,2022-06-11 16:36:13,16:36:13,663524.06,transfer,M00343,VND,success,pos,D002675,197.54.174.100,credit_card,Da Nang,"12.444908,106.241052",64,F,2022-02-11,active,0.69,0,0,0,auto_approved,0.2024,2022
3797aa68-4aed-48e6-a877-11837846f9c8,U001039,2022-07-24 20:09:23,20:09:23,245402.0,bill_payment,M00163,USD,success,mobile,D000515,219.126.89.142,bank_transfer,Bangkok,"16.954005,105.595041",54,F,2016-05-24,active,0.75,3,1,0,auto_approved,0.6276,2022
c7f20d53-6734-4acd-9cd4-cf024be56782,U001197,2022-05-05 05:27:11,05:27:11,270348.63,online_payment,M00084,USD,success,atm,D001491,119.216.47.193,mobile_wallet,Hanoi,"12.621413,108.531764",27,F,2019-08-09,active,0.84,0,0,0,auto_approved,0.2302,2022
3cb10bc0-f687-425d-ac6d-6d1de5dcacb5,U000312,2022-11-28 23:27:27,23:27:27,728703.8,cash_withdrawal,M00043,VND,success,desktop,D001943,221.21.132.255,credit_card,Singapore,"8.85037,107.568255",61,M,2015-10-15,active,0.88,0,0,0,auto_approved,0.1822,2022
af18fe45-b7bc-409a-b988-62d19b09024d,U001562,2022-02-19 01:55:01,01:55:01,575007.14,transfer,M00397,VND,success,pos,D001072,207.143.163.111,mobile_wallet,Bangkok,"9.716053,106.045225",23,M,2018-09-14,active,0.84,0,1,0,auto_approved,0.5197,2022
51c6ceae-95b6-418e-a381-9bf77faf9f5d,U000278,2022-01-17 04:13:46,04:13:46,562021.43,online_payment,M00440,VND,success,mobile,D000431,18.199.241.64,bank_transfer,Singapore,"16.143654,102.061746",63,F,2020-12-19,active,0.46,1,0,0,auto_approved,0.3084,2022
42160513-2c50-482e-ad49-e4085b0c9be8,U000552,2022-11-29 04:07:50,04:07:50,1418670.07,cash_withdrawal,M00420,VND,success,pos,D000219,141.122.20.114,credit_card,Da Nang,"14.393552,108.431088",40,F,2019-06-09,active,0.52,0,0,0,auto_approved,0.0668,2022
9d0895e6-44e9-463c-a3a3-8f08f25f2d76,U000400,2022-07-24 14:57:19,14:57:19,235035.98,online_payment,M00234,VND,success,mobile,D000783,125.148.212.206,mobile_wallet,Singapore,"19.502295,104.837467",57,F,2014-11-09,active,0.68,0,0,0,auto_approved,0.0431,2022
b62293c7-eed1-4d17-bb0b-ffa22f9efb2a,U000632,2022-04-26 09:26:15,09:26:15,136456.02,online_payment,M00148,VND,success,atm,D002229,140.147.218.57,credit_card,Bangkok,"13.893935,105.830173",34,M,2021-11-05,active,0.45,0,0,0,auto_approved,0.2936,2022
2dbdb1c3-210d-434c-adde-dffecdb9b568,U001623,2022-11-17 18:11:32,18:11:32,487616.45,online_payment,M00030,VND,success,pos,D002572,9.145.145.236,bank_transfer,Da Nang,"14.895494,106.523458",36,M,2021-07-17,active,0.59,0,0,0,auto_approved,0.4013,2022
f33e682f-ba0e-434c-a7f4-b1911ac70003,U001712,2022-08-06 23:34:54,23:34:54,465141.61,online_payment,M00222,USD,success,pos,D000225,61.117.166.139,bank_transfer,Singapore,"18.560322,106.381018",60,M,2019-07-19,active,0.49,0,0,0,auto_approved,0.2206,2022
0c0b0fb9-4434-457e-a100-a2f3dedeedcd,U000675,2022-11-06 13:11:41,13:11:41,1261177.93,transfer,M00427,VND,success,pos,D000517,229.183.29.82,mobile_wallet,Singapore,"11.537086,102.828694",41,M,2020-03-12,active,0.84,1,0,0,auto_approved,0.2051,2022
5a9bc774-ad2b-428d-ba2c-2ab074b32c0a,U000343,2022-01-07 23:38:53,23:38:53,536428.14,online_payment,M00023,USD,failed,mobile,D001447,1.13.80.150,mobile_wallet,Singapore,"13.477111,108.591975",57,M,2018-10-19,active,0.65,0,0,0,auto_approved,0.276,2022
ed4806f9-3f3a-4489-a1ff-202dd4441244,U001135,2022-07-16 09:02:54,09:02:54,321960.08,cash_withdrawal,M00304,USD,success,mobile,D002435,86.108.161.69,debit_card,Da Nang,"11.867742,104.506528",34,F,2020-04-08,active,0.68,0,0,0,auto_approved,0.3193,2022
7012e152-626c-41d2-aebd-255bc6ec514a,U000838,2022-06-15 06:39:08,06:39:08,1052517.63,online_payment,M00347,VND,success,mobile,D000990,233.223.245.75,bank_transfer,Singapore,"11.039768,104.437668",21,F,2016-10-15,active,0.57,0,0,0,auto_approved,0.3564,2022
ad251a74-3a95-4c5d-b25b-643903fa3e98,U001168,2022-07-27 05:19:58,05:19:58,176497.13,cash_withdrawal,M00042,USD,success,desktop,D001401,125.53.204.41,bank_transfer,Da Nang,"12.032455,107.766017",27,F,2014-06-04,active,0.53,0,0,0,auto_approved,0.2308,2022
d23c91b2-e9e9-49f2-8d1d-80c805c7f9bc,U001698,2022-08-25 23:34:27,23:34:27,139144.26,online_payment,M00333,VND,success,desktop,D000871,23.82.60.123,debit_card,Hanoi,"11.489073,106.496902",39,F,2016-11-28,active,0.68,0,0,0,auto_approved,0.1126,2022
34d85ac1-c49e-412f-9a65-97628d2c57f6,U001200,2022-02-16 16:47:34,16:47:34,639758.31,transfer,M00199,VND,success,mobile,D000803,74.132.155.165,bank_transfer,Singapore,"10.544595,105.243359",34,M,2019-08-12,active,0.92,0,0,0,auto_approved,0.1427,2022
5fda4d93-7992-4643-8838-43810649044b,U001118,2022-10-02 19:13:40,19:13:40,2335453.19,cash_withdrawal,M00202,VND,success,mobile,D000427,33.168.191.130,debit_card,Hanoi,"14.325213,104.198777",63,M,2019-11-23,active,0.88,0,0,0,auto_approved,0.2183,2022
9211187e-013f-4ca4-9bf8-00bda3ce3c2b,U001946,2022-01-23 01:54:15,01:54:15,18554.78,bill_payment,M00007,VND,success,mobile,D002152,200.168.96.110,bank_transfer,Singapore,"12.185074,107.357733",36,M,2018-05-16,active,0.94,0,0,0,auto_approved,0.2637,2022
0be846d3-a4b2-4809-88c2-43f0afa02362,U001625,2022-06-30 12:09:14,12:09:14,695569.05,purchase,M00414,VND,success,pos,D002589,106.8.67.41,mobile_wallet,Kuala Lumpur,"8.301983,103.98096",40,F,2017-02-14,active,0.77,0,0,0,auto_approved,0.4261,2022
a6e14e6d-4975-4cae-ac63-3ae0b4a96e6e,U001498,2022-10-06 03:13:27,03:13:27,458548.88,cash_withdrawal,M00166,USD,success,mobile,D001824,175.22.226.147,mobile_wallet,Ho Chi Minh City,"20.160944,103.837971",54,M,2020-04-03,active,0.82,0,0,0,auto_approved,0.319,2022
8626941b-e42f-4209-b043-53c6afeddcfa,U001936,2022-12-25 17:03:24,17:03:24,750649.87,cash_withdrawal,M00002,USD,success,pos,D000637,201.186.114.246,debit_card,Kuala Lumpur,"13.426907,108.376125",69,F,2020-03-27,active,0.75,0,0,0,auto_approved,0.1244,2022
e783be27-cdcf-4e2c-af10-5998ccb23810,U001903,2022-10-22 16:37:56,16:37:56,1395170.64,purchase,M00423,USD,success,desktop,D002200,96.203.127.25,mobile_wallet,Hanoi,"16.788181,102.519726",35,F,2020-10-07,active,0.93,0,0,0,auto_approved,0.3871,2022
5a740cd4-188e-4f51-b227-a89c439ce510,U000955,2022-07-18 00:27:09,00:27:09,11413.65,online_payment,M00202,VND,success,atm,D000094,131.190.160.201,bank_transfer,Da Nang,"9.082659,102.660893",36,M,2017-09-11,active,0.52,0,0,0,auto_approved,0.4341,2022
f715a114-4790-49ce-9bf9-e4e3cb451dd7,U001213,2022-05-10 06:15:04,06:15:04,182087.87,transfer,M00315,VND,failed,desktop,D002002,68.250.133.27,mobile_wallet,Da Nang,"17.449085,105.447945",38,F,2014-06-10,active,0.84,0,0,0,auto_approved,0.1376,2022
9ea2d953-80bf-4fa5-b9ec-b98acf14a187,U000659,2022-10-25 15:01:35,15:01:35,193998.72,bill_payment,M00401,VND,success,mobile,D002398,247.248.129.221,bank_transfer,Singapore,"16.053697,105.426907",56,M,2016-01-16,active,0.97,0,0,0,auto_approved,0.0818,2022
5b054e31-e65a-4106-b955-10e58cdc39e3,U000913,2022-11-03 10:52:20,10:52:20,258636.95,bill_payment,M00492,USD,failed,mobile,D002702,186.238.144.243,debit_card,Ho Chi Minh City,"11.541151,102.84766",60,F,2020-01-29,active,0.68,0,0,0,auto_approved,0.1889,2022
f10221ea-a5fc-4ecb-82c3-5bc8387aa2ab,U001223,2022-09-20 19:13:54,19:13:54,104208.79,online_payment,M00329,USD,success,atm,D002027,164.60.226.230,credit_card,Bangkok,"10.953332,106.565548",40,M,2019-10-17,active,0.6,0,0,0,auto_approved,0.3988,2022
9ef135e2-e6f3-4c52-8e13-a2d39377b43b,U000202,2022-12-09 04:59:33,04:59:33,7282.04,bill_payment,M00034,USD,success,mobile,D000475,16.45.42.237,bank_transfer,Singapore,"8.79074,106.312233",63,F,2021-02-16,active,0.65,1,0,0,auto_approved,0.226,2022
54ec6fde-a5e4-48fb-8423-312483e095e1,U000718,2022-07-20 11:21:01,11:21:01,640836.32,bill_payment,M00474,VND,success,pos,D002324,40.243.6.201,debit_card,Bangkok,"18.554322,103.401373",20,M,2019-12-01,active,0.58,0,0,0,auto_approved,0.242,2022
82285453-2b9a-4ccd-9273-0ecd01313e91,U000794,2022-10-14 01:39:29,01:39:29,241901.62,online_payment,M00293,USD,failed,mobile,D000815,227.21.132.155,mobile_wallet,Hanoi,"18.444393,102.875464",22,M,2020-10-20,active,0.68,0,0,0,auto_approved,0.0307,2022
6a470106-8f77-4604-a2e7-294ad761d2f3,U000666,2022-10-10 01:41:13,01:41:13,364108.1,online_payment,M00348,VND,success,pos,D000811,102.164.123.235,mobile_wallet,Singapore,"11.478255,103.721172",30,M,2015-09-25,active,0.87,0,0,0,auto_approved,0.1348,2022
2bde63d7-d756-442b-9bd5-8370eebfa290,U001519,2022-01-23 22:57:14,22:57:14,1150567.32,cash_withdrawal,M00015,USD,success,desktop,D001011,155.129.22.118,mobile_wallet,Bangkok,"16.903565,104.57278",44,M,2021-05-07,active,0.54,0,0,0,auto_approved,0.2468,2022
f57d7b75-6c37-452f-a946-fa6de5731005,U001697,2022-01-28 00:52:32,00:52:32,88426.0,purchase,M00123,VND,success,atm,D002544,35.228.123.185,credit_card,Da Nang,"10.876027,104.311132",45,M,2016-05-30,active,0.61,0,0,0,auto_approved,0.3608,2022
1536516f-c7a9-448e-a61b-cc88234dadb8,U001757,2022-10-25 06:40:45,06:40:45,763184.87,cash_withdrawal,M00036,VND,success,mobile,D000574,49.137.35.157,bank_transfer,Singapore,"19.219992,104.851346",18,M,2015-09-05,active,0.61,1,0,0,auto_approved,0.1744,2022
a2e8f522-758d-4813-a6d8-0454121aceb8,U000298,2022-05-26 16:10:15,16:10:15,197839.57,online_payment,M00081,USD,success,pos,D000952,143.101.225.165,bank_transfer,Bangkok,"8.924706,107.635392",21,M,2021-05-22,active,0.59,0,0,0,auto_approved,0.0665,2022
f771e9f8-f676-4d11-8e32-d59924929a4c,U000816,2022-09-15 02:48:38,02:48:38,51780.68,online_payment,M00087,VND,success,atm,D000171,61.224.195.126,mobile_wallet,Hanoi,"10.814396,106.451496",56,M,2022-01-29,active,0.95,0,0,0,auto_approved,0.2726,2022
48965c34-554d-4eeb-9a2e-9d609575d6ae,U000072,2022-08-05 07:49:22,07:49:22,311252.63,transfer,M00053,VND,success,desktop,D000098,89.202.34.221,credit_card,Bangkok,"15.573109,105.654535",31,M,2021-09-22,active,0.92,0,0,0,auto_approved,0.2542,2022
f6e386cb-4fbb-40aa-928b-7d0b021481f2,U001371,2022-04-26 08:16:32,08:16:32,668215.4,transfer,M00178,USD,success,mobile,D001975,203.67.18.244,credit_card,Da Nang,"12.323639,104.058482",48,F,2020-07-15,active,0.83,0,0,0,auto_approved,0.136,2022
e593fe50-7a82-4bc6-b9ec-8745322ed574,U000195,2022-09-28 04:58:24,04:58:24,495536.43,transfer,M00302,USD,success,desktop,D000064,178.222.149.65,credit_card,Kuala Lumpur,"13.46578,104.255038",43,F,2017-10-15,active,0.54,0,0,0,auto_approved,0.0759,2022
c50fa62a-875f-488b-90d2-65e6e34f6290,U000413,2022-03-25 09:48:28,09:48:28,591442.86,bill_payment,M00043,USD,success,atm,D000465,150.187.226.160,bank_transfer,Singapore,"19.041612,108.928139",65,M,2018-12-16,active,0.97,0,0,0,auto_approved,0.2534,2022
541d35ab-1607-4d80-945b-bf852d0c03fb,U000362,2022-11-16 14:09:43,14:09:43,361454.03,bill_payment,M00005,USD,success,mobile,D002816,32.8.108.80,credit_card,Da Nang,"14.487582,107.043071",70,F,2020-12-21,active,0.78,1,0,0,auto_approved,0.3375,2022
5e8b7181-75ab-47be-b920-6073be012f71,U001716,2022-10-28 00:22:08,00:22:08,1110558.15,transfer,M00394,VND,success,atm,D002728,224.214.78.173,debit_card,Hanoi,"10.786815,107.203108",51,F,2018-11-18,active,0.93,0,0,0,auto_approved,0.178,2022
e598b32b-54ae-4b8a-bcd2-3877ed2f3c1b,U000748,2022-08-27 02:09:51,02:09:51,12435.29,cash_withdrawal,M00300,USD,success,pos,D000732,119.25.239.160,debit_card,Da Nang,"8.974842,102.688941",46,F,2018-08-23,active,0.74,0,0,0,auto_approved,0.1672,2022
de3cdcb4-acc2-49b0-a166-7ce8e3633baf,U000828,2022-11-07 14:42:59,14:42:59,742491.21,online_payment,M00080,USD,success,desktop,D001193,149.240.66.184,bank_transfer,Hanoi,"14.78543,105.554095",28,M,2015-05-15,active,0.95,0,0,0,auto_approved,0.3389,2022
12e82143-6e62-481b-89ab-a5f643b2cac6,U001374,2022-09-15 05:53:33,05:53:33,101847.64,bill_payment,M00368,VND,success,mobile,D001538,47.96.64.114,credit_card,Kuala Lumpur,"12.954295,108.673482",30,F,2018-12-10,active,0.93,1,0,0,auto_approved,0.4252,2022
f724ed56-db01-4ee8-903d-bee8c140f1c5,U001660,2022-09-17 09:18:35,09:18:35,1192362.11,online_payment,M00033,VND,success,atm,D001608,55.109.158.10,bank_transfer,Bangkok,"20.746302,102.846675",64,M,2018-03-09,active,0.88,0,0,0,auto_approved,0.0355,2022
acf9bb28-1664-4019-b319-d4fecf46106a,U001016,2022-11-15 05:39:11,05:39:11,565265.36,cash_withdrawal,M00203,USD,success,mobile,D000147,39.189.183.137,mobile_wallet,Ho Chi Minh City,"9.424353,102.929571",61,F,2022-03-08,active,0.81,0,1,1,pending_review,0.4359,2022
1b1ae0a4-5ece-4451-981c-82c655014021,U000934,2022-02-01 09:09:23,09:09:23,2788265.29,online_payment,M00448,USD,success,mobile,D001160,109.250.163.102,mobile_wallet,Kuala Lumpur,"21.927566,108.914675",25,F,2014-01-05,under_review,0.89,0,0,0,auto_approved,0.1068,2022
4bfe166f-6beb-4823-af15-3dc0cd534eea,U001098,2022-08-10 04:15:18,04:15:18,8496.99,purchase,M00425,VND,success,desktop,D000996,161.187.116.240,debit_card,Singapore,"10.115154,105.961441",53,M,2015-05-20,active,0.65,0,1,0,auto_approved,0.2424,2022
50251a5f-bda8-42aa-b1c2-3c5d5ead9293,U001701,2022-01-18 13:52:31,13:52:31,397116.45,transfer,M00285,USD,success,desktop,D001752,44.94.172.172,mobile_wallet,Hanoi,"14.256579,108.562571",64,M,2019-05-14,active,0.55,0,0,0,auto_approved,0.2422,2022
dbd4e99c-f173-4dc3-be01-f9ba98fb3625,U000996,2022-01-15 23:48:33,23:48:33,119709.28,transfer,M00309,USD,failed,pos,D002330,176.186.80.91,bank_transfer,Da Nang,"16.340343,105.353886",52,F,2016-10-07,active,0.73,1,0,0,auto_approved,0.2481,2022
360387cf-97a7-476f-89ad-40578bdde8b0,U000651,2022-05-31 15:27:13,15:27:13,810426.14,cash_withdrawal,M00175,USD,success,mobile,D000943,12.159.215.149,bank_transfer,Bangkok,"17.421475,104.028642",70,M,2017-08-22,active,0.61,0,0,0,auto_approved,0.0648,2022
b6e4d6dd-79da-40cb-9d1d-59bd49800422,U001671,2022-09-17 08:29:22,08:29:22,124380.67,transfer,M00166,VND,success,pos,D002954,172.217.30.230,debit_card,Kuala Lumpur,"17.712269,104.383955",43,F,2018-12-18,active,0.58,0,0,0,auto_approved,0.2815,2022
38d1e120-ce1c-49c2-b71d-9d0dc46d6c56,U000864,2022-11-11 17:04:05,17:04:05,63197.31,online_payment,M00484,USD,success,desktop,D002806,45.163.4.49,credit_card,Hanoi,"13.546173,102.376892",26,M,2017-04-14,active,1.0,1,0,0,auto_approved,0.3929,2022
24aad4cd-bb7a-4cf5-bbd1-6faed6bd629c,U000126,2022-09-28 15:53:41,15:53:41,2680875.19,online_payment,M00477,VND,success,atm,D001873,162.169.90.242,bank_transfer,Bangkok,"14.319665,103.947027",23,F,2021-01-06,active,0.98,0,0,0,auto_approved,0.2055,2022
4c4b9728-3447-45cd-b8f7-a923d851e21d,U000794,2022-01-06 14:26:09,14:26:09,1499673.65,online_payment,M00257,USD,success,pos,D002101,74.245.151.158,mobile_wallet,Singapore,"21.315922,102.002528",70,M,2020-02-07,active,0.91,0,0,0,auto_approved,0.4138,2022
5250e1c9-dbf6-4108-a210-3043455410b9,U000358,2022-11-29 13:51:30,13:51:30,904671.74,purchase,M00222,VND,success,atm,D000002,104.38.158.177,mobile_wallet,Bangkok,"18.009289,104.457367",67,M,2015-02-18,active,0.94,0,0,0,auto_approved,0.0517,2022
f5e6d196-fe45-49c3-b664-af603b24c922,U000563,2022-04-18 20:04:42,20:04:42,3716251.65,online_payment,M00080,VND,success,mobile,D002601,132.136.131.166,mobile_wallet,Singapore,"13.417958,106.779591",19,F,2019-07-25,active,0.84,3,1,1,pending_review,0.6911,2022
ee5a79ab-31d2-488d-999d-b178fb5dbb21,U000874,2022-04-25 08:49:37,08:49:37,479384.8,purchase,M00279,USD,success,mobile,D002557,254.255.71.124,credit_card,Kuala Lumpur,"13.346861,104.425223",67,M,2017-06-19,active,0.96,0,0,0,auto_approved,0.2521,2022
b5e5cd39-468b-4498-aee4-2af8b823e821,U000104,2022-07-15 20:15:22,20:15:22,556304.56,online_payment,M00370,USD,success,atm,D002724,216.226.19.8,credit_card,Ho Chi Minh City,"18.695598,103.569069",53,M,2020-07-16,active,0.96,0,0,0,auto_approved,0.1534,2022
4c747059-06cf-46fb-9ce0-bc6c8583e9f3,U000638,2022-11-01 11:50:20,11:50:20,593956.19,bill_payment,M00425,VND,success,pos,D000523,158.237.241.248,debit_card,Singapore,"10.170736,104.229087",54,F,2014-11-04,active,0.58,0,0,0,auto_approved,0.1646,2022
61b0819d-e7eb-486a-9d9f-5c4b3a39a64c,U000495,2022-09-09 07:55:14,07:55:14,1085626.68,bill_payment,M00352,VND,success,desktop,D002358,79.41.180.136,credit_card,Bangkok,"14.256785,107.732724",32,F,2022-07-10,active,0.9,0,0,0,auto_approved,0.2384,2022
6eaaac96-d278-4274-a0e0-0b7a1d80bb7c,U001903,2022-01-08 10:44:59,10:44:59,66436.27,purchase,M00286,VND,success,pos,D000159,193.211.137.190,bank_transfer,Singapore,"8.843055,103.54862",19,M,2014-04-09,active,0.71,0,0,0,auto_approved,0.1418,2022
59a531e6-c4e8-4b7a-be41-bf2d9e079f7c,U001238,2022-05-02 16:16:40,16:16:40,68562.5,transfer,M00097,USD,failed,pos,D000166,139.127.4.18,mobile_wallet,Da Nang,"11.058948,108.787438",49,M,2021-11-20,active,0.6,0,0,0,auto_approved,0.1773,2022
41553315-8aaa-412a-b315-72370d3f7340,U001703,2022-11-27 23:25:14,23:25:14,630489.13,transfer,M00239,VND,success,mobile,D000524,7.12.8.70,debit_card,Singapore,"19.510845,104.268516",30,M,2022-10-24,active,0.84,0,0,0,auto_approved,0.4171,2022
b7ddca93-4a15-47d1-82af-66173fef7031,U001911,2022-02-13 13:59:41,13:59:41,376364.52,cash_withdrawal,M00462,USD,success,desktop,D002632,106.251.56.213,credit_card,Kuala Lumpur,"19.017895,102.91705",33,M,2020-08-27,active,0.64,0,0,0,auto_approved,0.0959,2022
a35e75f3-a5ac-48d9-8732-333ba14adb17,U000719,2022-10-03 22:31:57,22:31:57,256814.79,online_payment,M00268,USD,success,atm,D002157,146.182.34.166,credit_card,Singapore,"18.421105,108.254009",46,M,2020-08-18,active,0.74,0,0,0,auto_approved,0.1885,2022
ff7d0f91-5ca0-4f5c-887c-26728fae2144,U001960,2022-08-24 05:37:53,05:37:53,40366.0,online_payment,M00188,VND,success,mobile,D001952,125.252.169.190,mobile_wallet,Singapore,"11.381093,104.206777",27,M,2017-10-07,active,0.73,0,0,0,auto_approved,0.2323,2022
3b8a096d-48a6-4ab0-b311-133a7149bdc7,U000173,2022-05-28 11:09:09,11:09:09,128110.69,online_payment,M00364,VND,success,pos,D001965,82.250.103.119,debit_card,Da Nang,"14.754869,106.308907",70,M,2021-06-28,active,0.56,0,0,0,auto_approved,0.1186,2022
7a734868-a554-47ac-86d2-a39499ab5d94,U000895,2022-04-10 02:22:32,02:22:32,305317.47,transfer,M00432,VND,failed,atm,D000913,136.162.165.31,credit_card,Hanoi,"21.447631,103.582345",50,F,2021-07-13,active,0.51,0,0,0,auto_approved,0.074,2022
ee4f577c-3e0d-42ff-8983-25d3000a3c84,U000987,2022-04-05 22:17:58,22:17:58,439364.87,cash_withdrawal,M00346,VND,success,mobile,D000083,182.172.95.89,debit_card,Kuala Lumpur,"9.587936,104.895282",43,F,2015-09-19,active,0.94,0,0,0,auto_approved,0.0976,2022
c6ad3795-3856-4445-9b95-273e817db125,U000066,2022-04-30 02:46:57,02:46:57,82875.56,online_payment,M00361,USD,success,desktop,D001539,207.138.179.126,debit_card,Da Nang,"11.368141,106.109423",57,F,2020-06-30,active,0.91,0,0,0,auto_approved,0.2773,2022
a92f3d02-8f66-46f3-b672-d2ea811666b1,U001255,2022-12-07 18:40:58,18:40:58,1529345.24,bill_payment,M00479,VND,success,atm,D001505,137.84.51.80,credit_card,Da Nang,"13.353653,107.83328",60,M,2021-01-08,active,0.72,0,0,0,auto_approved,0.3135,2022
93b25d96-120e-40b4-a68d-96cc3fe1cc33,U001908,2022-08-10 10:46:21,10:46:21,154958.21,cash_withdrawal,M00210,USD,success,pos,D001081,133.233.14.218,bank_transfer,Bangkok,"15.521349,108.975248",36,M,2017-05-22,active,0.79,0,0,0,auto_approved,0.0929,2022
10b3a208-9b26-4cc4-bfa6-d62cd3383740,U001976,2022-04-21 02:19:51,02:19:51,564090.76,purchase,M00133,USD,success,desktop,D001162,216.63.8.251,bank_transfer,Bangkok,"12.552231,102.658871",36,F,2018-12-05,active,0.48,0,0,0,auto_approved,0.26,2022
15f450b6-3473-4a19-9225-84cac184b395,U000818,2022-01-08 12:17:55,12:17:55,55006.96,bill_payment,M00057,USD,success,mobile,D001901,130.233.241.155,debit_card,Hanoi,"10.050097,104.872865",59,F,2017-12-04,active,0.51,0,0,0,auto_approved,0.1501,2022
10343ae7-357b-4a65-8c04-de270de33b1d,U000600,2022-07-03 16:58:23,16:58:23,163763.98,cash_withdrawal,M00386,VND,success,mobile,D001879,27.149.89.24,mobile_wallet,Singapore,"9.109222,107.03478",20,F,2021-07-28,active,0.57,0,0,0,auto_approved,0.3819,2022
f19f103c-a86f-4ca0-b3f2-9c5d473f5d46,U001769,2022-05-06 00:17:38,00:17:38,401989.33,bill_payment,M00001,USD,success,desktop,D001507,62.131.22.78,bank_transfer,Kuala Lumpur,"11.262806,103.408654",69,F,2018-01-02,active,0.89,0,1,0,auto_approved,0.5351,2022
58bc28de-9e00-4005-a950-bfd5f7f9c90d,U001253,2022-08-10 14:12:42,14:12:42,151389.19,transfer,M00392,USD,success,desktop,D000005,255.155.93.183,debit_card,Singapore,"10.434229,103.974752",35,M,2020-08-24,active,0.7,0,0,0,auto_approved,0.4334,2022
ca6771d7-d22c-485a-94e8-040efae35f14,U000233,2022-11-02 13:36:37,13:36:37,2249.94,purchase,M00478,VND,failed,desktop,D001957,41.5.241.36,bank_transfer,Kuala Lumpur,"16.064721,108.987981",22,F,2018-05-08,active,0.84,0,0,0,auto_approved,0.3541,2022
a688980a-5f95-4ab4-bb98-c1b2b95b8a6d,U001308,2022-08-06 23:25:32,23:25:32,1065673.2,online_payment,M00274,USD,success,desktop,D001625,191.64.135.240,mobile_wallet,Hanoi,"16.179238,108.748622",63,M,2015-05-27,active,0.56,0,0,0,auto_approved,0.1889,2022
4b4a65f6-4036-4546-a369-30a7f41b52e0,U001993,2022-04-26 00:55:02,00:55:02,55848.84,purchase,M00268,VND,success,atm,D001516,172.36.101.237,credit_card,Singapore,"10.578727,105.816582",43,F,2015-12-06,active,0.98,1,0,0,auto_approved,0.5567,2022
2c3b3f8e-9a07-4749-b6e8-69a8151c9d58,U001625,2022-08-23 15:50:11,15:50:11,834200.44,online_payment,M00113,VND,success,atm,D002930,63.129.75.80,credit_card,Da Nang,"11.184233,108.649746",64,F,2021-03-08,active,0.95,0,0,0,auto_approved,0.3228,2022
6f5708ff-3fcf-47ce-8110-dd0e7d304b4f,U001357,2022-02-21 07:18:24,07:18:24,1002951.43,bill_payment,M00071,VND,success,desktop,D000752,122.25.220.120,credit_card,Singapore,"9.431002,107.256447",34,M,2018-03-12,active,0.65,0,0,0,auto_approved,0.025,2022
e9989387-12c6-44ef-b80a-18714c610656,U001267,2022-01-04 14:05:22,14:05:22,750351.98,bill_payment,M00453,USD,success,desktop,D001398,75.22.223.177,debit_card,Bangkok,"15.508161,104.445669",61,F,2018-10-04,active,0.97,0,0,0,auto_approved,0.1151,2022
d66e11ba-2eca-4319-838c-58157d0939c1,U001165,2022-01-28 01:14:37,01:14:37,121236.04,online_payment,M00441,VND,success,pos,D001544,35.173.193.22,mobile_wallet,Bangkok,"14.739364,105.757296",63,M,2017-05-07,active,0.66,0,0,0,auto_approved,0.3669,2022
3801cce6-8418-469a-872b-0d55b2e87da9,U000573,2022-11-29 07:39:17,07:39:17,1064184.31,cash_withdrawal,M00334,VND,success,atm,D002598,201.220.215.71,credit_card,Bangkok,"9.558133,108.481562",46,F,2016-05-11,active,0.67,0,0,0,auto_approved,0.3874,2022
fb1d9e10-e812-4f60-b4c7-8f140f6359ed,U001521,2022-01-25 16:29:51,16:29:51,1033629.04,bill_payment,M00187,VND,success,pos,D000438,92.57.62.205,credit_card,Da Nang,"20.026888,103.945181",31,M,2014-10-20,active,0.92,0,0,0,auto_approved,0.3744,2022
43c0b863-ec4a-43b3-bf42-c5f1c18ea65d,U000614,2022-10-09 21:54:11,21:54:11,688468.63,bill_payment,M00152,USD,success,atm,D002358,61.83.112.32,credit_card,Kuala Lumpur,"12.279818,104.37087",23,M,2016-07-28,active,0.58,0,0,0,auto_approved,0.0673,2022
780271a6-7b31-41bf-b257-c2727ae95836,U001598,2022-02-15 05:05:49,05:05:49,299724.79,transfer,M00400,USD,success,mobile,D002211,6.92.49.225,bank_transfer,Hanoi,"12.638489,106.85404",69,F,2020-03-13,active,0.93,0,0,0,auto_approved,0.3596,2022
4e726202-c153-43d3-a0a7-3f27496fae7a,U001462,2022-10-13 14:19:45,14:19:45,1048326.94,purchase,M00362,VND,success,pos,D002787,214.168.61.42,debit_card,Da Nang,"19.250591,105.145247",59,F,2016-12-18,active,0.89,0,0,0,auto_approved,0.2978,2022
2e6bc216-bf4f-4970-b1a3-57859f5b60d5,U000158,2022-01-23 20:35:49,20:35:49,448505.98,transfer,M00045,USD,success,atm,D002189,241.25.30.199,bank_transfer,Da Nang,"11.354563,104.171403",34,F,2019-03-27,active,0.57,1,1,1,pending_review,0.4538,2022
14aed2ba-f586-4862-a402-0a2e332e5992,U001747,2022-09-16 19:48:06,19:48:06,1078821.08,bill_payment,M00149,USD,success,pos,D000998,123.153.128.217,debit_card,Da Nang,"13.098093,103.347242",48,M,2021-08-30,active,0.68,1,0,0,auto_approved,0.2249,2022
14f6cfdc-f1e8-4246-99cd-3b93b9ce113f,U000181,2022-01-23 06:35:53,06:35:53,729806.46,online_payment,M00025,USD,success,atm,D000643,79.243.252.188,bank_transfer,Kuala Lumpur,"8.222414,104.509243",64,F,2016-01-28,active,0.6,0,0,0,auto_approved,0.2749,2022
a601aff2-8537-4ceb-b0bd-f3b8199f0146,U001480,2022-01-03 20:22:09,20:22:09,182304.23,purchase,M00288,VND,success,pos,D001455,72.47.219.155,mobile_wallet,Singapore,"13.563145,108.904093",37,M,2015-04-23,active,0.47,0,0,0,auto_approved,0.356,2022
3ddd71f5-d258-40fb-b01e-e58125198af5,U000720,2022-09-18 03:19:56,03:19:56,584763.96,cash_withdrawal,M00389,VND,success,desktop,D002292,61.103.15.48,credit_card,Hanoi,"17.532736,106.766064",32,M,2020-09-28,active,0.63,0,0,0,auto_approved,0.2509,2022
1c1bf890-ead8-49a1-8fe4-242dd0cc2fc1,U001194,2022-02-19 21:45:53,21:45:53,409824.99,cash_withdrawal,M00459,VND,success,pos,D000328,40.42.27.46,mobile_wallet,Bangkok,"14.425359,103.812928",56,M,2021-03-06,active,0.52,3,1,0,auto_approved,0.3615,2022
7b9c679c-9cc9-45e9-970a-7921164de0b3,U000067,2022-04-19 05:30:00,05:30:00,167189.36,bill_payment,M00085,USD,success,desktop,D002606,137.78.196.99,debit_card,Kuala Lumpur,"14.844177,104.287636",62,M,2016-09-03,active,0.61,0,0,0,auto_approved,0.2156,2022
5575528e-04c2-4bd7-a619-5eec4d70ae25,U000042,2022-04-23 10:05:00,10:05:00,200989.71,transfer,M00084,USD,success,desktop,D001189,173.222.43.231,bank_transfer,Hanoi,"20.209408,107.920213",69,M,2017-06-07,active,0.47,0,0,0,auto_approved,0.3955,2022
9ae087a2-425b-4c40-a90a-b409a3f9f008,U001525,2022-04-26 10:51:56,10:51:56,144245.68,bill_payment,M00476,USD,success,atm,D001260,188.255.246.88,mobile_wallet,Da Nang,"9.221508,107.783793",54,F,2017-05-30,active,0.66,0,0,0,auto_approved,0.42,2022
05e27e1c-a75e-428b-868a-b03c1642fa1d,U001251,2022-01-10 03:14:46,03:14:46,711179.23,transfer,M00096,VND,success,mobile,D002326,158.163.97.21,debit_card,Singapore,"14.874905,105.071594",68,M,2017-03-22,active,0.85,0,0,0,auto_approved,0.4175,2022
266d4e82-b3d3-47a5-a997-6a762d3e309c,U000719,2022-02-24 19:14:00,19:14:00,1372465.3,bill_payment,M00312,VND,success,mobile,D001468,161.169.120.87,debit_card,Ho Chi Minh City,"18.43414,108.887707",52,F,2017-04-06,active,0.55,0,0,0,auto_approved,0.2016,2022
a42c08a6-0129-4a23-ae08-a6c063b4e6eb,U000734,2022-08-25 14:35:04,14:35:04,521361.36,bill_payment,M00034,VND,success,pos,D001647,63.76.58.208,mobile_wallet,Hanoi,"9.176208,102.354069",21,M,2018-07-10,active,0.86,0,0,0,auto_approved,0.2463,2022
b3038329-cdaf-4fc0-bdb5-dbd91c0cc517,U001602,2022-10-04 20:36:36,20:36:36,919448.3,transfer,M00283,USD,success,desktop,D000229,121.244.21.118,bank_transfer,Hanoi,"14.519444,102.997376",23,F,2018-01-18,active,0.68,0,0,0,auto_approved,0.3314,2022
89021a5b-2e6c-4bfb-bc24-e00fff34072a,U001580,2022-09-06 09:40:26,09:40:26,619031.34,cash_withdrawal,M00392,USD,success,desktop,D000154,36.88.144.138,credit_card,Da Nang,"16.880799,103.442674",46,M,2015-10-12,active,0.64,0,0,0,auto_approved,0.4293,2022
c51e9bba-92e1-43a5-911c-45e4ce925bb3,U000085,2022-09-03 22:14:33,22:14:33,342057.62,bill_payment,M00312,VND,success,atm,D002149,227.81.128.22,credit_card,Bangkok,"11.873084,102.45086",58,F,2019-11-11,active,0.75,0,1,0,auto_approved,0.271,2022
fa01422a-0f43-4558-aa87-4041f9e85ad8,U001509,2022-12-15 03:48:49,03:48:49,635390.93,cash_withdrawal,M00082,VND,success,desktop,D001098,108.227.121.207,debit_card,Singapore,"8.725596,107.473067",69,F,2018-08-17,active,0.87,0,0,0,auto_approved,0.0793,2022
9c60e480-f023-47fb-923f-a125d2a6e747,U001222,2022-05-06 20:47:01,20:47:01,18915.59,bill_payment,M00293,VND,success,atm,D002199,239.44.184.116,credit_card,Hanoi,"21.433872,106.632014",69,M,2019-01-03,active,0.87,0,0,0,auto_approved,0.302,2022
c33ab8d4-5e00-4936-8d22-f5eb8b52f4f4,U001949,2022-02-12 15:22:39,15:22:39,664066.74,online_payment,M00181,VND,success,pos,D001914,171.109.19.105,mobile_wallet,Ho Chi Minh City,"15.844077,105.51723",61,M,2014-06-15,active,0.84,0,0,0,auto_approved,0.0502,2022
c2cc9ab3-793c-4658-bcd6-7ccdde66b972,U001568,2022-07-30 01:03:23,01:03:23,56533.14,transfer,M00463,USD,success,desktop,D002395,123.111.2.232,mobile_wallet,Ho Chi Minh City,"12.086134,108.019595",65,F,2021-04-19,active,0.7,0,0,0,auto_approved,0.3694,2022
a4e41323-d5fe-41e6-9020-995580c16529,U001397,2022-04-02 14:04:41,14:04:41,281223.24,transfer,M00333,VND,success,pos,D002875,172.145.64.25,bank_transfer,Kuala Lumpur,"8.258559,107.113811",55,F,2019-10-18,active,0.91,0,0,0,auto_approved,0.3677,2022
dadbfe61-3081-4ceb-b4d5-74fc532234da,U000566,2022-09-19 15:09:05,15:09:05,697616.68,cash_withdrawal,M00411,USD,success,mobile,D001681,11.165.71.152,credit_card,Da Nang,"12.376121,106.436073",64,F,2014-11-11,active,0.47,0,0,0,auto_approved,0.135,2022
6f5ad327-b9d8-4f95-b120-948fa5a8df0c,U001995,2022-04-19 06:34:00,06:34:00,285252.03,bill_payment,M00275,VND,success,atm,D002751,28.55.248.163,mobile_wallet,Ho Chi Minh City,"16.666759,106.938253",25,F,2020-11-22,active,0.46,0,0,0,auto_approved,0.4443,2022
d42bc8cc-ee4d-4570-a4b7-2935a3144be4,U001970,2022-10-14 15:08:00,15:08:00,86202.31,online_payment,M00263,VND,success,mobile,D002851,38.236.31.51,mobile_wallet,Da Nang,"17.033944,108.615592",43,M,2022-08-18,active,0.9,2,1,0,auto_approved,0.1561,2022
fdd46256-5b48-4e96-9fba-35a179817521,U001785,2022-02-01 19:36:38,19:36:38,22547.32,cash_withdrawal,M00378,VND,success,desktop,D000355,4.138.173.230,debit_card,Singapore,"15.502053,103.876199",32,M,2015-11-21,active,0.84,0,0,0,auto_approved,0.3132,2022
20880b56-b8cf-47c3-859d-d6934a3a9e14,U000017,2022-07-22 15:43:00,15:43:00,1422389.14,purchase,M00171,VND,success,desktop,D002656,142.175.38.88,bank_transfer,Hanoi,"16.072451,108.941876",32,M,2021-12-10,active,0.66,0,0,0,auto_approved,0.1627,2022
139fdbbc-ad3a-4f54-89f0-cc9487ec9215,U000972,2022-10-21 18:55:53,18:55:53,2751.86,cash_withdrawal,M00155,USD,success,atm,D001630,42.2.34.230,credit_card,Singapore,"19.009316,102.000727",32,M,2020-09-08,active,0.48,0,0,0,auto_approved,0.2657,2022
5918a459-be37-48fc-b5cd-3d0a82b15896,U000908,2022-03-28 22:07:23,22:07:23,1116318.14,purchase,M00196,USD,success,mobile,D002199,226.39.164.247,debit_card,Bangkok,"13.133435,102.895398",45,F,2017-10-19,active,0.87,0,0,0,auto_approved,0.2874,2022
f9f6a4e6-b748-49f6-814d-94111710396f,U000941,2022-06-27 02:49:41,02:49:41,354972.99,purchase,M00285,USD,success,pos,D002970,222.202.46.148,bank_transfer,Da Nang,"18.435053,103.236892",23,F,2022-01-13,active,0.96,0,0,0,auto_approved,0.0844,2022
679f8122-4c0a-41ce-93d9-b967bc8bacd5,U001320,2022-04-03 19:12:07,19:12:07,59224.29,cash_withdrawal,M00041,VND,success,desktop,D002839,81.12.130.143,mobile_wallet,Da Nang,"13.360281,102.040608",59,F,2014-05-05,active,0.63,0,0,0,auto_approved,0.2194,2022
2bf393f9-ecd5-4232-8ea7-d5ce22bee85c,U000196,2022-01-20 23:02:22,23:02:22,306270.21,purchase,M00172,VND,success,atm,D000410,40.90.141.129,debit_card,Hanoi,"13.608915,103.018152",56,F,2017-08-26,active,0.61,1,0,0,auto_approved,0.1964,2022
161c4790-fa48-45a5-9769-bf35db05f4af,U001185,2022-05-12 21:49:55,21:49:55,262004.88,transfer,M00377,VND,success,atm,D000776,225.55.201.185,debit_card,Singapore,"16.413138,108.442623",63,M,2018-10-27,active,0.78,2,1,1,pending_review,0.6553,2022
c49f74e8-0ebe-4a49-8b91-ca9693ea671a,U001907,2022-06-21 04:59:52,04:59:52,1866841.65,cash_withdrawal,M00131,VND,success,atm,D000656,193.197.65.202,credit_card,Singapore,"16.887089,104.560404",25,F,2020-08-01,active,0.82,0,0,0,auto_approved,0.082,2022
8f3c10c9-5539-40bf-a3e2-f9f1cbd80a0c,U000612,2022-10-01 23:10:02,23:10:02,250655.74,transfer,M00043,USD,success,atm,D001009,223.216.200.222,mobile_wallet,Hanoi,"20.463079,107.583878",45,F,2018-08-30,active,0.71,0,0,0,auto_approved,0.1333,2022
18004af5-4c01-43d6-906b-a30479bab5d6,U001163,2022-02-05 05:10:20,05:10:20,378095.15,transfer,M00150,USD,success,pos,D000249,126.11.213.47,bank_transfer,Ho Chi Minh City,"19.04329,102.768729",28,F,2021-04-11,active,0.96,0,0,0,auto_approved,0.2143,2022
ca8288f3-9dce-4690-a03a-41552eddadcf,U001214,2022-07-20 06:32:11,06:32:11,15599.66,online_payment,M00451,VND,success,mobile,D001362,210.168.187.201,mobile_wallet,Da Nang,"12.802319,108.892469",46,M,2020-04-29,active,1.0,1,0,0,auto_approved,0.2663,2022
5c228d24-5013-4fae-8cf9-68477d3c9003,U000594,2022-06-22 19:45:00,19:45:00,547650.55,cash_withdrawal,M00072,USD,success,desktop,D000201,117.145.249.8,credit_card,Singapore,"21.846269,106.968596",68,M,2015-06-28,active,0.54,0,0,0,auto_approved,0.0213,2022
7b95bd39-d3f8-4fe6-9d7b-72d0891b9a39,U001573,2022-09-15 07:34:42,07:34:42,185916.25,online_payment,M00081,USD,success,atm,D001809,140.199.37.82,mobile_wallet,Hanoi,"21.596208,105.216511",41,F,2016-12-05,active,0.83,0,0,0,auto_approved,0.2684,2022
13da1dad-4e8a-416a-86bf-f9a052f56193,U001607,2022-10-27 10:40:14,10:40:14,866300.39,bill_payment,M00413,VND,success,desktop,D000756,56.235.87.20,debit_card,Kuala Lumpur,"16.189964,105.723946",47,F,2014-08-13,active,0.8,2,1,1,pending_review,0.3683,2022
8fb9bca7-5ee6-45b6-af2d-eb0b11b4d37f,U001302,2022-12-26 10:44:40,10:44:40,1419650.63,transfer,M00416,USD,success,pos,D002178,162.23.214.220,credit_card,Singapore,"18.584386,106.513567",18,F,2022-03-16,active,0.9,1,0,0,auto_approved,0.2377,2022
d03d86ba-6d95-4f36-ab62-d9ac5e805757,U000007,2022-04-14 19:42:07,19:42:07,587952.86,bill_payment,M00375,USD,success,atm,D000538,99.8.65.49,credit_card,Hanoi,"16.363607,107.640794",49,M,2019-01-22,active,0.87,0,0,0,auto_approved,0.3693,2022
636d4a4c-c5fd-470e-b5f0-125677844393,U001767,2022-07-03 14:25:50,14:25:50,2307263.1,transfer,M00436,VND,success,atm,D002385,253.37.162.94,mobile_wallet,Ho Chi Minh City,"21.140896,104.421223",47,M,2017-09-26,active,0.87,0,0,0,auto_approved,0.153,2022
dc0a8bc3-1372-4fd4-a892-87f8654ea9e3,U000511,2022-04-11 14:49:18,14:49:18,621771.82,purchase,M00422,USD,success,pos,D001368,86.54.233.183,bank_transfer,Singapore,"15.222899,107.160576",33,F,2021-06-05,active,0.71,2,1,0,auto_approved,0.5939,2022
76f47b45-3153-42f0-b900-c740ac2f2122,U000097,2022-03-30 07:05:31,07:05:31,290277.2,cash_withdrawal,M00087,USD,success,desktop,D000039,81.46.188.186,debit_card,Da Nang,"18.982567,106.55407",32,M,2016-06-07,active,0.83,1,0,0,auto_approved,0.2791,2022
cc731014-10e0-4d28-ba14-86dd1f63ba5a,U000563,2022-05-10 14:26:02,14:26:02,1099699.72,cash_withdrawal,M00062,VND,failed,mobile,D002795,178.129.135.16,credit_card,Ho Chi Minh City,"12.713156,102.898986",60,F,2022-01-28,active,0.83,0,0,0,auto_approved,0.1665,2022
66a2e878-ebab-4b1c-962c-bbe461572a20,U000089,2022-02-15 17:48:09,17:48:09,261114.58,cash_withdrawal,M00333,VND,pending,mobile,D001266,215.158.31.147,bank_transfer,Singapore,"21.461725,105.927897",38,F,2021-05-17,active,0.96,0,0,0,auto_approved,0.2275,2022
7f9f972e-f10d-4843-9c48-3b0027c69cae,U000801,2022-10-11 04:03:38,04:03:38,644664.79,cash_withdrawal,M00476,USD,success,pos,D002731,106.218.60.19,credit_card,Hanoi,"14.772168,108.883894",38,F,2016-09-26,active,0.78,0,0,0,auto_approved,0.1036,2022
a6c85e3f-2227-4d64-a341-64ef11fdf036,U000220,2022-09-29 00:27:09,00:27:09,267550.18,bill_payment,M00496,USD,success,mobile,D002798,232.243.41.185,mobile_wallet,Singapore,"19.730958,105.761684",33,F,2016-03-28,active,0.6,0,0,0,auto_approved,0.299,2022
4ef7bef3-af18-4a3f-b6e0-77c9c33fe65c,U000753,2022-02-22 15:51:30,15:51:30,338290.63,online_payment,M00181,USD,success,mobile,D000555,107.18.107.206,debit_card,Da Nang,"16.183375,104.530663",46,F,2019-09-01,active,0.8,1,0,0,auto_approved,0.4131,2022
3a8fc55d-d811-4aa2-8c99-21ae3d4db0ab,U001709,2022-04-12 04:41:33,04:41:33,255841.54,cash_withdrawal,M00441,VND,failed,pos,D001866,180.191.203.21,mobile_wallet,Hanoi,"21.939605,104.020516",48,F,2020-08-27,active,0.5,0,0,0,auto_approved,0.357,2022
8d0cf311-bac7-43af-ae6e-5b8ee43005eb,U001353,2022-07-15 23:57:48,23:57:48,682151.88,online_payment,M00210,USD,success,desktop,D001970,229.79.4.68,credit_card,Da Nang,"11.490286,103.073756",52,F,2016-05-08,active,0.91,0,0,0,auto_approved,0.376,2022
37f24e37-5f97-4185-99af-b58123c8daba,U000653,2022-04-17 23:46:46,23:46:46,117992.86,transfer,M00140,VND,success,pos,D001591,15.204.116.33,credit_card,Hanoi,"8.377579,104.78461",59,F,2019-11-24,under_review,0.49,0,0,0,auto_approved,0.404,2022
82036632-5aa8-450e-8e67-282ed24b5748,U000225,2022-11-08 06:34:21,06:34:21,3503947.89,purchase,M00248,VND,success,atm,D002050,5.225.8.65,debit_card,Hanoi,"12.399939,105.541629",56,F,2018-03-27,active,0.96,1,1,0,auto_approved,0.539,2022
8dca409b-b1a4-49aa-bd44-376e32e04258,U001393,2022-11-29 14:58:53,14:58:53,239206.66,purchase,M00331,VND,success,desktop,D002190,34.237.255.135,credit_card,Kuala Lumpur,"21.472499,104.645171",68,M,2016-11-13,active,0.58,0,0,0,auto_approved,0.1873,2022
48c956ae-e909-4556-9da9-903e180ac95b,U001860,2022-11-11 18:43:41,18:43:41,37624.1,online_payment,M00058,USD,success,desktop,D001919,222.252.12.92,debit_card,Singapore,"13.008881,107.463144",49,F,2020-09-09,active,0.75,0,0,0,auto_approved,0.2565,2022
d2a61c97-c597-4881-b76b-898e3c3d575e,U001381,2022-11-15 15:59:11,15:59:11,135118.65,online_payment,M00040,VND,success,atm,D001023,125.16.205.145,credit_card,Hanoi,"16.068472,106.795288",28,F,2020-01-20,active,0.67,0,0,0,auto_approved,0.2059,2022
81825832-7d5c-46d8-8698-80aabcbab550,U001428,2022-03-01 04:43:08,04:43:08,1690174.46,purchase,M00323,USD,success,pos,D000451,222.103.223.8,debit_card,Kuala Lumpur,"12.408358,104.813332",23,F,2014-08-16,active,0.93,0,0,0,auto_approved,0.4263,2022
e045b0ca-d65d-4d03-92df-9ca4bf17f0ca,U001348,2022-04-25 16:48:43,16:48:43,1637931.43,online_payment,M00413,VND,success,pos,D000737,27.146.237.44,mobile_wallet,Singapore,"20.769381,102.784257",61,F,2015-04-11,active,0.86,0,0,0,auto_approved,0.3305,2022
79ffb3ea-5890-445b-bffb-d4877b321626,U001793,2022-02-23 15:50:56,15:50:56,456335.89,purchase,M00411,VND,success,mobile,D000425,3.27.74.188,credit_card,Hanoi,"12.38609,104.664925",34,M,2021-12-23,active,0.46,0,1,0,auto_approved,0.6428,2022
0c654b48-ead3-4ec0-b38d-4dd07682bdf0,U001669,2022-03-28 22:21:48,22:21:48,1718370.5,transfer,M00315,USD,success,atm,D001133,248.185.207.21,bank_transfer,Da Nang,"19.172911,107.997757",59,M,2020-10-26,active,0.51,0,0,0,auto_approved,0.3275,2022
049f07cf-eceb-4417-8743-770f546f526d,U001857,2022-03-17 19:29:27,19:29:27,521044.04,online_payment,M00013,VND,success,pos,D002882,80.149.195.88,credit_card,Kuala Lumpur,"15.799577,106.539134",35,F,2016-01-05,active,0.78,0,0,0,auto_approved,0.4439,2022
de69db62-6eb7-493c-866e-1ac0c106c6c0,U000900,2022-08-17 17:43:19,17:43:19,616499.65,purchase,M00202,USD,success,mobile,D002904,167.231.83.153,credit_card,Bangkok,"15.660855,103.201573",45,F,2015-05-16,active,0.49,0,0,0,auto_approved,0.0861,2022
2227a356-0b31-4515-bcec-88cc7db5eaa6,U000405,2022-09-23 22:31:44,22:31:44,328390.59,transfer,M00347,USD,success,atm,D000860,195.106.118.167,mobile_wallet,Kuala Lumpur,"15.216589,103.048051",34,M,2020-08-16,active,0.93,0,0,0,auto_approved,0.1499,2022
a2fe2815-2a70-4e3c-a3b5-4d1f65601781,U000762,2022-06-12 16:56:08,16:56:08,811524.38,purchase,M00193,VND,failed,pos,D000811,142.64.21.130,bank_transfer,Hanoi,"10.0741,102.44289",57,M,2019-10-01,active,0.57,1,0,0,auto_approved,0.1554,2022
008c49a4-7ca1-4cb1-b4dc-f3c465a82e23,U000335,2022-10-31 03:29:31,03:29:31,1087302.65,purchase,M00446,VND,success,atm,D001064,85.106.6.114,credit_card,Da Nang,"15.768112,103.697936",56,F,2015-12-16,active,0.58,0,0,0,auto_approved,0.3156,2022
52388473-abdd-437a-b5ea-2056f0569db8,U001063,2022-10-08 06:25:37,06:25:37,428173.87,purchase,M00491,VND,success,atm,D000952,176.147.200.157,debit_card,Hanoi,"21.164926,107.801548",50,M,2020-11-30,active,0.99,0,0,0,auto_approved,0.1597,2022
7212c988-0497-4494-944c-5d7e7b446159,U000750,2022-07-27 08:55:39,08:55:39,180628.13,purchase,M00425,VND,success,mobile,D000995,110.52.141.188,credit_card,Singapore,"9.846169,102.272875",62,M,2019-02-05,under_review,0.95,0,0,0,auto_approved,0.1213,2022
980d3856-eb95-4cb5-b4e2-4e1eab13c063,U000549,2022-04-16 23:03:09,23:03:09,1049253.28,online_payment,M00053,USD,success,atm,D002188,148.98.81.209,debit_card,Singapore,"10.38603,108.271257",54,M,2016-07-03,active,0.85,0,0,0,auto_approved,0.4437,2022
c41fe8b3-3d16-4c18-854f-74ca0f64de30,U001829,2022-05-23 18:24:24,18:24:24,143563.19,cash_withdrawal,M00385,USD,success,pos,D001020,156.104.75.143,debit_card,Da Nang,"8.763797,104.319548",40,F,2018-02-02,active,0.95,0,0,0,auto_approved,0.2879,2022
333c4d0b-1a0f-44a2-97d5-bf68c6b2b114,U001306,2022-07-22 10:55:03,10:55:03,704129.59,transfer,M00035,USD,success,desktop,D001712,240.30.44.40,credit_card,Hanoi,"10.86479,103.911925",47,F,2019-12-06,active,0.5,0,0,0,auto_approved,0.4194,2022
5704786e-21e6-486e-9f9a-b32bd80b5450,U001259,2022-03-16 17:02:45,17:02:45,602412.56,bill_payment,M00217,USD,success,pos,D000902,116.204.242.249,credit_card,Hanoi,"9.019971,106.425866",47,M,2015-08-08,active,0.59,2,1,0,auto_approved,0.4892,2022
65b64c05-a715-482b-a35f-2fc8275631da,U001786,2022-02-08 01:54:04,01:54:04,174697.94,purchase,M00398,USD,failed,desktop,D002058,222.153.246.63,mobile_wallet,Kuala Lumpur,"19.814374,104.601481",52,F,2020-12-20,active,0.71,0,0,0,auto_approved,0.2941,2022
70cca0ca-e6af-40d0-b218-33a67be6005a,U001832,2022-07-22 16:58:42,16:58:42,415690.33,bill_payment,M00217,VND,success,mobile,D002431,53.118.247.210,credit_card,Hanoi,"12.005886,108.168069",65,F,2014-10-18,active,0.65,0,0,0,auto_approved,0.1747,2022
e2d0fefb-7085-40e9-8c97-193dd943fb2e,U001523,2022-03-22 05:39:28,05:39:28,674835.24,transfer,M00453,USD,success,atm,D000030,235.147.123.29,mobile_wallet,Kuala Lumpur,"13.464566,102.74025",26,M,2017-07-11,active,0.73,0,0,0,auto_approved,0.3049,2022
1488933a-0dfe-4c02-8d95-1f4e96bd1a0f,U000830,2022-05-03 18:50:33,18:50:33,232625.5,cash_withdrawal,M00458,VND,pending,desktop,D001684,77.21.26.199,debit_card,Kuala Lumpur,"9.533152,108.97312",24,F,2016-10-12,active,0.57,0,0,0,auto_approved,0.0113,2022
fc7a93d9-db04-427a-bc0a-37bf86cc6486,U001184,2022-03-08 23:09:55,23:09:55,339592.42,cash_withdrawal,M00054,VND,success,pos,D002676,202.94.115.246,mobile_wallet,Ho Chi Minh City,"15.415464,105.028784",20,M,2015-08-17,active,0.49,0,0,0,auto_approved,0.2761,2022
a1a6fe2f-1970-4b7d-a876-2d137cb98ae1,U001305,2022-07-19 06:08:31,06:08:31,101601.19,transfer,M00302,USD,success,mobile,D001501,224.89.199.84,bank_transfer,Bangkok,"13.898417,104.074855",55,F,2020-08-05,active,0.69,0,0,0,auto_approved,0.1909,2022
b8f6e63c-29dd-4e26-bce1-972e85b4396a,U000348,2022-03-08 16:05:28,16:05:28,117945.77,bill_payment,M00240,VND,success,pos,D000703,233.32.26.249,bank_transfer,Kuala Lumpur,"13.332491,108.401418",33,M,2017-02-26,active,0.63,0,0,0,auto_approved,0.2161,2022
0d8fad97-a912-4740-8483-ca3013c6129b,U000384,2022-06-02 09:55:37,09:55:37,1371699.71,bill_payment,M00346,USD,success,mobile,D001805,116.21.253.195,mobile_wallet,Bangkok,"10.309232,104.42118",49,F,2015-05-31,active,0.47,0,0,0,auto_approved,0.2167,2022
5b215fea-fd56-4c37-8350-44a5f5a79995,U000347,2022-06-29 08:44:42,08:44:42,615547.53,online_payment,M00196,VND,success,atm,D001986,110.29.112.219,mobile_wallet,Bangkok,"12.805013,105.804667",22,F,2018-06-14,active,0.62,0,0,0,auto_approved,0.4399,2022
4181aacd-e6a6-495f-83cf-4739b89ee217,U000527,2022-12-04 19:16:42,19:16:42,44086.17,cash_withdrawal,M00063,VND,success,mobile,D001275,176.134.60.112,mobile_wallet,Kuala Lumpur,"11.104972,106.107179",51,F,2017-11-10,active,0.71,0,0,0,auto_approved,0.0394,2022
cdfa3af6-4203-45b8-a335-adf1eef14bd2,U000567,2022-04-01 10:52:58,10:52:58,372557.32,online_payment,M00142,VND,success,mobile,D001833,254.163.234.189,mobile_wallet,Singapore,"16.603033,103.231802",35,F,2021-01-09,active,0.87,0,0,0,auto_approved,0.1719,2022
fa81c32f-425d-447e-a7f9-f5139ce30857,U001656,2022-01-25 19:39:07,19:39:07,92217.01,transfer,M00320,VND,success,atm,D000183,169.253.197.131,debit_card,Singapore,"18.280342,106.401925",57,M,2021-12-11,active,0.5,0,1,0,auto_approved,0.5846,2022
3f80db52-d6dc-429e-b83c-15aadd01a399,U001079,2022-10-30 18:47:21,18:47:21,710102.24,cash_withdrawal,M00060,USD,success,mobile,D000271,173.86.207.197,bank_transfer,Ho Chi Minh City,"18.222884,102.343799",39,M,2015-04-13,active,0.51,0,0,0,auto_approved,0.3505,2022
ae2ff1ff-88b3-4a38-85d8-6a83efba426e,U001193,2022-03-24 04:28:39,04:28:39,728932.31,transfer,M00154,USD,failed,mobile,D001849,53.197.135.6,bank_transfer,Da Nang,"8.796587,106.026909",50,M,2019-10-23,active,0.62,0,0,0,auto_approved,0.0314,2022
2be3ba04-4de7-4407-9834-40ee4709a6e7,U001517,2022-11-26 22:56:19,22:56:19,133933.36,bill_payment,M00209,USD,success,pos,D001317,30.65.190.148,bank_transfer,Da Nang,"16.286114,105.080328",66,M,2015-09-02,active,0.47,0,0,0,auto_approved,0.1843,2022
ba27030f-a945-4918-a8cf-592a112a017b,U001417,2022-01-13 12:58:29,12:58:29,455776.98,transfer,M00258,VND,success,atm,D001854,118.135.83.231,bank_transfer,Bangkok,"11.892313,108.472531",33,M,2015-03-24,active,0.93,0,0,0,auto_approved,0.2499,2022
49eb161a-515f-4311-94f2-6e4d08f54325,U000389,2022-04-09 13:47:36,13:47:36,58675.42,online_payment,M00018,USD,success,atm,D001865,219.216.122.236,bank_transfer,Kuala Lumpur,"19.925301,102.108205",70,F,2015-05-03,active,0.68,0,1,0,auto_approved,0.3886,2022
819346ab-09e3-4016-9f19-2c173dcce618,U001881,2022-12-05 13:20:40,13:20:40,2527473.64,cash_withdrawal,M00484,VND,success,pos,D001309,191.104.166.183,debit_card,Singapore,"16.24877,106.198477",37,M,2022-05-10,active,0.62,1,0,0,auto_approved,0.2217,2022
a73ee0e6-e8b1-4552-ab6d-fdbf7eb78cb1,U001626,2022-04-29 01:44:50,01:44:50,1317694.51,transfer,M00072,VND,success,desktop,D002488,172.199.147.116,debit_card,Bangkok,"12.873739,108.168082",51,F,2021-09-15,active,0.77,0,0,0,auto_approved,0.2052,2022
2096e0cc-7c98-4297-a82e-f9feb011b576,U000018,2022-09-17 15:41:01,15:41:01,604928.98,cash_withdrawal,M00399,VND,success,mobile,D001186,8.160.9.3,credit_card,Kuala Lumpur,"16.60768,107.868988",41,F,2019-02-19,active,0.81,2,1,0,auto_approved,0.4599,2022
1a7d0958-c126-47f5-be5c-f3f72b7f0bf8,U000292,2022-11-06 05:02:50,05:02:50,99979.49,online_payment,M00475,VND,success,atm,D002175,142.139.114.131,debit_card,Bangkok,"15.311285,105.076641",52,M,2022-08-15,active,0.83,0,1,0,auto_approved,0.5229,2022
cdf2aaa7-1a83-4d9b-af40-6c27a65e33a9,U001034,2022-09-19 02:13:46,02:13:46,173638.34,bill_payment,M00443,USD,pending,mobile,D001245,251.139.67.158,mobile_wallet,Singapore,"21.896168,107.515125",40,M,2022-08-01,blocked,0.93,0,1,0,auto_approved,0.3209,2022
55680784-b52f-4cef-9571-fbf01eedfde2,U001568,2022-04-10 11:59:17,11:59:17,907373.5,transfer,M00446,VND,success,pos,D001638,244.78.81.115,bank_transfer,Ho Chi Minh City,"15.504872,102.996233",49,M,2021-06-02,active,0.51,0,0,0,auto_approved,0.0903,2022
e3595f87-8f27-4e2c-aeae-2c68e9cb028c,U000452,2022-05-09 12:06:21,12:06:21,7569.33,transfer,M00266,USD,success,mobile,D000930,202.75.34.64,bank_transfer,Hanoi,"15.968212,107.468081",29,M,2018-08-28,active,0.82,0,0,0,auto_approved,0.1964,2022
a8ec245e-8c77-4905-9e82-60dd93d9c7bc,U000492,2022-03-27 22:38:47,22:38:47,94804.94,online_payment,M00380,USD,success,pos,D000951,54.97.239.124,credit_card,Da Nang,"18.895317,106.624931",22,M,2020-10-16,active,0.7,0,1,0,auto_approved,0.2186,2022
76a5033f-7ac7-44ac-bdd6-489d45a0d3af,U001988,2022-03-15 03:53:46,03:53:46,152123.59,online_payment,M00469,USD,success,atm,D001574,129.118.102.156,mobile_wallet,Ho Chi Minh City,"13.547445,103.781911",67,M,2014-06-11,active,0.85,0,0,0,auto_approved,0.0741,2022
5fada6da-5141-4bb4-b06e-19ff4c8e1f8c,U000599,2022-09-13 13:36:35,13:36:35,189413.5,cash_withdrawal,M00207,VND,success,mobile,D002716,176.104.165.173,debit_card,Da Nang,"20.278931,104.086988",48,M,2015-09-02,active,0.58,2,1,0,auto_approved,0.2103,2022
fefcdf47-3914-4c9d-afe9-36d8d29b5323,U000343,2022-08-29 11:57:11,11:57:11,633163.66,purchase,M00150,VND,success,pos,D001116,94.7.215.97,mobile_wallet,Bangkok,"21.294222,108.053614",31,F,2019-08-07,active,0.71,0,0,0,auto_approved,0.2387,2022
798e4eb6-5903-4878-bc42-6f441dd60c22,U001535,2022-03-25 22:13:39,22:13:39,1194885.09,online_payment,M00002,VND,success,atm,D000506,153.75.27.42,bank_transfer,Singapore,"13.464156,106.67223",38,M,2019-11-08,active,0.51,0,0,0,auto_approved,0.2428,2022
12149806-32a6-4b7c-9ca5-b17ec76827ae,U000279,2022-06-15 02:50:07,02:50:07,100545.01,online_payment,M00049,USD,success,atm,D000220,148.32.52.224,debit_card,Singapore,"15.239048,108.316216",34,F,2020-09-25,active,0.92,0,0,0,auto_approved,0.0497,2022
f5d81a20-2009-46b9-9ff7-9b4ea70af039,U001188,2022-09-16 15:38:35,15:38:35,408805.05,cash_withdrawal,M00085,USD,success,atm,D001285,7.130.89.66,debit_card,Ho Chi Minh City,"8.75856,107.403182",46,F,2016-08-08,under_review,0.58,0,0,0,auto_approved,0.1326,2022
faba65d7-f2f8-45b5-b02d-97800a5c7e94,U001738,2022-11-27 08:37:50,08:37:50,1750786.78,transfer,M00145,VND,success,mobile,D002142,8.160.58.77,credit_card,Hanoi,"10.496559,107.727326",18,F,2021-04-29,active,0.65,0,0,0,auto_approved,0.2215,2022
d91781ad-4ac4-4365-a0db-b68eb437e2e5,U001071,2022-01-23 17:42:53,17:42:53,99594.92,transfer,M00245,USD,success,mobile,D000398,172.126.81.217,debit_card,Da Nang,"15.235864,105.966236",63,F,2015-12-28,active,0.55,0,0,0,auto_approved,0.3124,2022
3bd2c1ad-1f2b-44c9-a067-7d737527c3f1,U001994,2022-02-26 22:09:07,22:09:07,3564071.11,purchase,M00116,VND,success,atm,D000730,28.246.126.57,bank_transfer,Singapore,"8.551281,105.258494",63,F,2021-01-16,active,0.54,0,1,1,pending_review,0.6313,2022
dcb44ef7-fba7-4c99-b2a7-6d3e5336d7fb,U001545,2022-09-08 20:32:29,20:32:29,1986272.46,purchase,M00358,USD,success,pos,D000005,17.168.229.19,bank_transfer,Kuala Lumpur,"13.073287,108.674555",27,M,2016-08-08,active,0.89,0,0,0,auto_approved,0.0165,2022
b6d273ba-048c-4b8e-853f-369aaee8c349,U001185,2022-09-10 13:29:53,13:29:53,1510317.03,online_payment,M00455,VND,success,mobile,D001571,124.205.94.23,debit_card,Hanoi,"12.673288,104.840744",51,M,2020-09-27,active,0.98,2,1,0,auto_approved,0.4491,2022
50fa4a0f-96dc-49b6-9f5c-360a6347bea3,U000860,2022-09-28 19:10:12,19:10:12,504964.22,purchase,M00282,USD,success,mobile,D000480,229.245.87.220,credit_card,Singapore,"13.946769,107.495622",52,M,2015-03-18,active,0.93,0,0,0,auto_approved,0.064,2022
d75021f2-03d4-445e-b597-a795ffffb6c7,U000077,2022-09-14 01:14:51,01:14:51,301722.08,online_payment,M00130,USD,success,pos,D000084,144.49.102.234,credit_card,Da Nang,"16.944759,107.112147",22,F,2017-06-28,active,0.96,0,0,0,auto_approved,0.3671,2022
494aa78a-2da4-4bec-ba85-3af99ff61c99,U000870,2022-12-10 02:07:12,02:07:12,1018485.55,purchase,M00498,VND,success,pos,D002998,78.14.94.252,credit_card,Hanoi,"19.925789,108.665832",21,M,2022-01-18,active,0.81,0,0,0,auto_approved,0.0845,2022
eec13a99-0cf3-45d4-bd72-c5b7b7265964,U000120,2022-05-01 03:11:26,03:11:26,402257.58,online_payment,M00034,VND,success,pos,D002555,225.98.21.178,credit_card,Bangkok,"17.088009,105.391075",38,M,2019-05-18,active,0.91,0,0,0,auto_approved,0.3363,2022
69f1e2ed-6732-49bd-b78a-a03ef1c50cc2,U001226,2022-05-23 09:14:23,09:14:23,214892.14,transfer,M00327,VND,success,atm,D002268,62.154.47.144,credit_card,Singapore,"12.512916,108.604068",54,M,2019-06-16,active,0.98,0,0,0,auto_approved,0.3045,2022
91283832-c785-4d82-8593-2d542efe2d11,U001043,2022-09-19 14:52:07,14:52:07,958528.08,cash_withdrawal,M00349,VND,success,desktop,D000862,82.51.7.54,bank_transfer,Da Nang,"8.428613,107.268492",32,M,2018-02-08,active,0.64,0,0,0,auto_approved,0.1915,2022
6ac481a9-8737-4b93-a99c-8937878c62c2,U000114,2022-08-03 10:05:33,10:05:33,60430.7,online_payment,M00138,USD,success,pos,D001868,32.244.4.190,debit_card,Singapore,"12.395437,104.908774",53,F,2021-04-09,active,0.47,0,1,0,auto_approved,0.2637,2022
e9f5421e-b89e-4902-b571-72a750154b8c,U000948,2022-02-09 07:54:14,07:54:14,898009.77,purchase,M00212,VND,success,mobile,D002760,109.189.159.111,bank_transfer,Kuala Lumpur,"8.652623,103.308057",62,F,2020-07-01,active,0.88,0,0,0,auto_approved,0.1006,2022
05e96da3-306c-4978-9adf-e8cc7bb97dc7,U000340,2022-06-28 15:29:28,15:29:28,575289.07,online_payment,M00255,USD,success,pos,D002964,151.148.33.52,bank_transfer,Kuala Lumpur,"20.489924,105.295709",18,F,2016-01-13,active,0.76,0,0,0,auto_approved,0.1098,2022
5b49a818-fa70-42c7-8d8b-bd8df6db1cd6,U001085,2022-05-31 05:29:09,05:29:09,339838.22,online_payment,M00237,USD,success,pos,D002540,62.162.1.113,debit_card,Singapore,"19.419512,103.175261",26,F,2021-03-30,active,0.6,0,0,0,auto_approved,0.3304,2022
abb8b3af-3c61-45f0-b59d-a75b9cf86e49,U001860,2022-09-01 18:59:17,18:59:17,728958.61,online_payment,M00233,VND,success,desktop,D001527,109.235.36.55,mobile_wallet,Hanoi,"9.665689,103.940975",20,M,2016-02-29,active,0.65,0,0,0,auto_approved,0.2524,2022
a90f74db-136e-4c9d-a94f-6f66cfd148ee,U001284,2022-06-11 00:10:12,00:10:12,44907.11,purchase,M00143,VND,success,desktop,D001589,37.133.65.67,debit_card,Hanoi,"11.511039,103.746041",30,F,2018-01-16,active,0.99,0,0,0,auto_approved,0.0307,2022
0914ab4f-b924-42bb-864a-dc6087c03625,U001026,2022-01-11 07:52:19,07:52:19,524943.42,transfer,M00331,USD,success,mobile,D002447,231.48.224.70,debit_card,Hanoi,"8.906354,108.173502",63,F,2018-07-24,active,0.81,0,1,1,pending_review,0.5192,2022
a598f0a2-e7d4-4e4e-820e-fa9d1ab17517,U001576,2022-11-13 02:05:14,02:05:14,390767.86,online_payment,M00052,VND,success,desktop,D001191,90.46.142.59,credit_card,Kuala Lumpur,"21.630219,103.235086",28,M,2015-10-16,active,0.99,0,0,0,auto_approved,0.1136,2022
355bd2b2-e06b-4883-ad98-f3ccfa8b5e86,U000609,2022-07-15 16:03:19,16:03:19,814681.57,purchase,M00250,VND,success,atm,D000637,157.215.103.148,bank_transfer,Bangkok,"8.450353,105.580188",54,M,2014-07-21,active,0.64,2,1,0,auto_approved,0.248,2022
b37fad44-a43a-4784-8ff8-a0ada2c611c0,U001783,2022-01-10 11:17:29,11:17:29,361635.63,cash_withdrawal,M00455,VND,pending,atm,D000042,158.68.92.245,mobile_wallet,Kuala Lumpur,"15.54548,104.649721",54,F,2014-07-17,active,0.66,0,0,0,auto_approved,0.2236,2022
a7ad31e1-215b-4a33-a5e7-6cc78191b623,U001630,2022-11-05 12:56:38,12:56:38,194304.9,cash_withdrawal,M00259,VND,success,mobile,D001364,215.40.242.206,mobile_wallet,Kuala Lumpur,"21.860762,102.453418",19,M,2019-12-27,active,0.65,0,0,0,auto_approved,0.0992,2022
f3411663-0347-43ae-9950-d72224c3f2b8,U000025,2022-07-10 14:50:19,14:50:19,1339542.43,bill_payment,M00315,USD,success,desktop,D002312,253.106.129.108,mobile_wallet,Singapore,"19.324984,104.135006",38,M,2016-05-20,active,0.47,0,1,1,pending_review,0.3965,2022
000dbf82-830c-4acb-a18a-d58556d367ec,U001311,2022-08-10 12:46:39,12:46:39,334352.48,bill_payment,M00082,USD,pending,atm,D000677,30.205.80.29,debit_card,Ho Chi Minh City,"13.819539,107.379554",60,M,2017-01-22,active,0.85,0,0,0,auto_approved,0.4308,2022
207c3a7a-6ffb-493c-a518-140fe01c0c7f,U000115,2022-10-05 17:11:30,17:11:30,349837.17,online_payment,M00437,USD,success,mobile,D002346,173.22.15.182,credit_card,Singapore,"15.187104,107.578506",56,M,2015-08-23,active,0.72,0,0,0,auto_approved,0.2778,2022
5defb107-8444-4e86-bc0e-329a58a1981c,U001178,2022-07-15 17:24:00,17:24:00,962983.57,bill_payment,M00450,VND,success,pos,D002857,124.117.115.30,credit_card,Kuala Lumpur,"13.903253,103.886083",30,M,2015-10-05,active,0.91,0,0,0,auto_approved,0.3029,2022
86513781-42b0-4f86-aa05-f8946ea3b03c,U001845,2022-05-20 11:21:48,11:21:48,2415772.08,transfer,M00060,USD,success,mobile,D000780,216.92.0.194,mobile_wallet,Singapore,"12.352082,108.390127",42,M,2017-05-18,active,0.48,0,0,0,auto_approved,0.2328,2022
29918350-85a5-4a26-a37e-73ce486474d3,U001057,2022-08-13 03:08:46,03:08:46,168802.31,cash_withdrawal,M00116,USD,success,atm,D002260,196.183.19.146,credit_card,Ho Chi Minh City,"17.835139,104.290568",43,F,2018-01-30,active,0.56,0,0,0,auto_approved,0.0597,2022
16aaa09e-2e1c-4d5f-bc2a-6bccd72ff2ed,U000487,2022-07-25 07:02:07,07:02:07,35073.33,purchase,M00046,VND,success,desktop,D000843,180.35.18.218,bank_transfer,Kuala Lumpur,"11.269032,105.153656",54,M,2015-11-16,active,0.94,0,0,0,auto_approved,0.1805,2022
51e447fd-be78-4be5-899f-2f036663152e,U000714,2022-05-20 03:33:09,03:33:09,375569.96,transfer,M00237,USD,success,mobile,D002314,101.248.106.253,debit_card,Ho Chi Minh City,"20.200617,103.86948",22,F,2020-05-27,active,0.74,0,0,0,auto_approved,0.1106,2022
d81ce855-344a-4da1-9672-fd7d23a30606,U000636,2022-10-26 03:33:23,03:33:23,59579.49,purchase,M00206,USD,success,pos,D002367,166.128.184.182,debit_card,Bangkok,"20.724102,105.368872",51,F,2021-04-14,active,0.77,0,0,0,auto_approved,0.2834,2022
64692387-594d-4545-95c5-e8b4b0e56d38,U001091,2022-02-17 09:01:48,09:01:48,931797.64,cash_withdrawal,M00279,VND,success,mobile,D001139,62.125.248.220,debit_card,Hanoi,"9.911602,104.943447",63,M,2016-04-09,active,0.63,0,0,0,auto_approved,0.2609,2022
7fa32946-e7d3-4365-81a6-d917c5e75d32,U000472,2022-02-12 19:31:52,19:31:52,1884814.75,transfer,M00095,USD,success,atm,D002882,20.16.10.40,bank_transfer,Da Nang,"9.405665,108.889023",24,F,2016-05-19,active,0.83,0,0,0,auto_approved,0.1352,2022
47d028e7-73a6-40f4-b536-13f8b334952a,U000540,2022-07-02 03:55:15,03:55:15,269806.91,purchase,M00103,VND,success,pos,D000785,184.0.136.254,mobile_wallet,Hanoi,"14.047077,103.824851",56,M,2017-12-21,active,0.96,0,0,0,auto_approved,0.0927,2022
18d7c0f3-c299-4362-b2a4-4ad7604f8294,U000288,2022-01-17 03:45:35,03:45:35,1308363.35,transfer,M00074,VND,success,atm,D001486,106.70.11.137,debit_card,Singapore,"16.247689,104.607549",37,F,2018-01-19,active,0.81,1,0,0,auto_approved,0.3616,2022
a1069c79-65d1-490b-8d5b-5bf9e4b5bc2c,U000307,2022-08-17 14:18:14,14:18:14,622507.92,online_payment,M00188,VND,success,atm,D002124,255.26.140.123,mobile_wallet,Kuala Lumpur,"10.828899,103.035145",35,M,2016-02-25,active,0.53,0,0,0,auto_approved,0.033,2022
35f29047-e79c-41b8-9672-54357702fe1f,U000478,2022-02-27 00:42:46,00:42:46,510379.95,online_payment,M00487,VND,success,pos,D001743,149.57.148.64,debit_card,Da Nang,"14.625805,103.693828",49,F,2019-07-11,active,0.79,0,0,0,auto_approved,0.0139,2022
27e2ab27-d58f-4763-b0c2-6562e5357a1e,U001209,2022-01-20 08:35:34,08:35:34,498751.24,transfer,M00258,USD,success,desktop,D002425,172.179.154.193,debit_card,Da Nang,"10.588334,102.430891",35,M,2019-06-22,blocked,0.79,0,0,0,auto_approved,0.0633,2022
012bc7d7-9d1d-48bf-9271-39bc4849fbe2,U001246,2022-11-20 05:29:29,05:29:29,456634.56,online_payment,M00292,USD,success,mobile,D000376,214.32.118.205,bank_transfer,Bangkok,"21.139526,104.932058",35,M,2022-07-07,active,0.91,0,0,0,auto_approved,0.0191,2022
19b12998-d2f9-43c5-847c-88544d92bd9e,U000853,2022-05-03 11:00:00,11:00:00,446142.33,purchase,M00264,USD,success,atm,D001681,30.83.66.179,debit_card,Ho Chi Minh City,"21.913741,106.526225",45,F,2014-04-20,active,0.48,1,0,0,auto_approved,0.6066,2022
52c1a1cc-90f0-462e-8b7a-98401351f4b5,U000520,2022-10-01 15:54:30,15:54:30,594725.74,online_payment,M00183,USD,success,pos,D001733,35.78.193.49,mobile_wallet,Singapore,"19.177026,107.398471",68,F,2015-08-12,active,0.51,0,0,0,auto_approved,0.3673,2022
d0c4ded7-919b-4c1f-bfd0-8d0820041e1b,U000963,2022-01-05 09:31:09,09:31:09,578993.01,cash_withdrawal,M00376,VND,success,desktop,D002096,136.164.115.235,debit_card,Singapore,"18.77805,108.484324",45,M,2015-07-16,active,0.83,2,1,1,pending_review,0.2274,2022
0b764f24-9d55-45e3-a7f2-5d9baf8610bc,U001837,2022-05-09 20:41:22,20:41:22,238008.04,online_payment,M00329,USD,success,mobile,D002758,5.18.95.93,bank_transfer,Kuala Lumpur,"17.520476,108.699187",36,F,2016-12-17,active,0.65,1,0,0,auto_approved,0.2122,2022
5ac3cccc-95b2-4e1b-a666-1d127fdf8c6e,U000122,2022-08-04 17:40:20,17:40:20,23851.39,transfer,M00086,VND,success,desktop,D002690,20.86.131.91,bank_transfer,Bangkok,"11.194485,108.697933",40,M,2019-05-27,active,0.83,0,0,0,auto_approved,0.3112,2022
fa585087-0e65-46b0-9d83-318f8ae92e8f,U001922,2022-12-31 00:02:11,00:02:11,235529.09,transfer,M00433,USD,success,pos,D001890,61.129.217.44,debit_card,Bangkok,"8.260288,102.781481",36,M,2018-10-30,active,0.94,0,0,0,auto_approved,0.2685,2022
ea6f1385-55bd-494f-844a-fb5f3871e164,U001113,2022-07-08 14:24:35,14:24:35,744794.3,cash_withdrawal,M00496,USD,success,desktop,D002247,111.166.169.144,bank_transfer,Hanoi,"8.216731,106.52294",36,F,2014-04-22,active,0.93,0,0,0,auto_approved,0.385,2022
8414e24d-5874-4ad1-aa10-714194f77879,U000264,2022-02-13 23:20:53,23:20:53,363343.91,bill_payment,M00076,USD,success,pos,D001910,232.186.134.230,mobile_wallet,Bangkok,"14.316564,106.453087",34,F,2019-12-04,active,0.55,0,0,0,auto_approved,0.237,2022
883e3c65-bf13-4bb1-bae3-29b603a8c591,U001158,2022-04-04 14:40:03,14:40:03,952695.5,bill_payment,M00169,VND,success,mobile,D000565,78.199.7.209,bank_transfer,Kuala Lumpur,"20.241264,105.523729",66,F,2020-01-17,active,0.56,1,0,0,auto_approved,0.4522,2022
7af6df99-d555-4068-8eb5-81ff89cd74e0,U001381,2022-11-15 20:23:40,20:23:40,1235017.46,transfer,M00294,VND,success,atm,D001604,184.64.29.24,bank_transfer,Da Nang,"14.499222,107.737982",27,M,2020-03-21,active,0.91,0,0,0,auto_approved,0.3763,2022
945da7ec-9d9d-4d9a-a465-4b02147c2c28,U001431,2022-05-21 06:14:28,06:14:28,1010324.43,purchase,M00406,VND,success,pos,D001048,169.85.0.115,mobile_wallet,Singapore,"14.421087,107.556656",36,M,2021-03-11,active,0.8,0,0,0,auto_approved,0.2667,2022
a3bd6b05-4db4-4702-9d1b-9455c7e8ed42,U001532,2022-08-19 22:34:41,22:34:41,1631385.16,bill_payment,M00241,USD,success,atm,D002643,56.42.102.162,bank_transfer,Bangkok,"16.312626,105.169434",63,M,2015-04-20,active,0.93,0,0,0,auto_approved,0.3032,2022
c20360de-1659-4501-99dc-45e860fc4437,U000042,2022-01-31 07:13:26,07:13:26,376227.52,transfer,M00377,VND,success,desktop,D000255,145.213.30.55,bank_transfer,Singapore,"19.711752,102.022478",32,M,2015-06-08,under_review,0.95,0,0,0,auto_approved,0.2593,2022
7ba87f2f-793d-44d3-bfe9-edf65adb7b2a,U000658,2022-04-13 03:33:26,03:33:26,712907.83,cash_withdrawal,M00118,USD,failed,mobile,D001300,244.247.30.86,debit_card,Ho Chi Minh City,"15.837537,105.771674",27,M,2021-11-17,active,0.48,1,0,0,auto_approved,0.5306,2022
1a50bc81-4dbd-4021-860e-d85a0be26840,U000175,2022-02-13 22:26:22,22:26:22,442118.13,bill_payment,M00499,USD,success,desktop,D000347,164.176.16.180,mobile_wallet,Kuala Lumpur,"14.460512,107.050459",53,F,2021-03-16,active,0.48,0,0,0,auto_approved,0.2871,2022
6aba7ebb-a602-4f17-9863-7200ed2c2f25,U000118,2022-06-18 21:07:50,21:07:50,1211716.88,bill_payment,M00278,VND,success,desktop,D002728,25.193.104.102,credit_card,Kuala Lumpur,"19.397703,104.42445",39,F,2019-08-28,active,0.51,1,0,0,auto_approved,0.5021,2022
6dc87e45-228a-40a9-b926-9f035a9ce061,U001070,2022-05-07 16:38:57,16:38:57,108648.24,bill_payment,M00048,VND,success,pos,D000545,81.126.143.5,credit_card,Singapore,"19.740756,102.151965",42,M,2019-06-19,active,0.74,0,0,0,auto_approved,0.057,2022
f732e736-6efd-445b-9423-e9602a309d3d,U001325,2022-01-15 02:32:28,02:32:28,503507.14,cash_withdrawal,M00196,VND,failed,desktop,D002273,5.50.118.73,debit_card,Singapore,"19.527572,106.410067",21,F,2021-01-24,active,0.55,0,1,0,auto_approved,0.3647,2022
e8a41b5e-25d6-49ad-adc6-53b53a34690e,U000623,2022-05-16 11:05:45,11:05:45,146384.41,cash_withdrawal,M00278,VND,success,desktop,D000863,44.166.103.77,bank_transfer,Kuala Lumpur,"19.680329,106.109121",27,F,2018-12-06,under_review,0.94,1,0,0,auto_approved,0.5569,2022
c0a03161-7474-4534-bb72-c81141fd8493,U000405,2022-10-07 17:36:02,17:36:02,19413.84,online_payment,M00482,USD,success,pos,D000239,192.255.180.25,mobile_wallet,Ho Chi Minh City,"16.69554,104.616159",23,M,2016-03-07,active,0.92,0,0,0,auto_approved,0.258,2022
92fe112c-f33f-48b2-a2fe-b005d880fdcc,U001275,2022-09-08 11:06:37,11:06:37,104588.37,bill_payment,M00173,VND,success,atm,D000263,210.17.24.80,mobile_wallet,Singapore,"21.13822,105.080183",69,M,2020-06-04,under_review,0.46,0,0,0,auto_approved,0.1344,2022
7fd82d31-304d-4cd2-8e55-8a3ada56a7b3,U001655,2022-05-11 06:53:32,06:53:32,29241.41,bill_payment,M00158,VND,success,atm,D001626,88.83.227.203,mobile_wallet,Ho Chi Minh City,"18.89856,102.486354",54,F,2017-03-17,active,0.9,0,0,0,auto_approved,0.1286,2022
9938f00c-b34b-4181-b1be-6bc01d945e4f,U001636,2022-10-20 06:44:01,06:44:01,660597.41,purchase,M00362,USD,success,desktop,D001583,122.191.111.87,debit_card,Bangkok,"21.315161,103.078738",28,M,2016-02-03,active,0.75,0,0,0,auto_approved,0.2339,2022
3eb6b719-d028-499b-bb7f-0b0fc07d00b8,U001942,2022-02-13 17:39:13,17:39:13,894053.2,transfer,M00187,USD,success,atm,D000217,63.190.247.71,mobile_wallet,Kuala Lumpur,"13.590275,102.469594",26,M,2014-05-28,active,0.86,1,0,0,auto_approved,0.5875,2022
2bbaafe4-26f7-4e5d-a8ef-d7f6c22a7643,U001775,2022-04-06 04:56:33,04:56:33,439439.81,bill_payment,M00476,VND,success,mobile,D000077,244.67.36.33,debit_card,Bangkok,"20.546296,103.574454",57,M,2017-09-07,active,0.46,0,0,0,auto_approved,0.2077,2022
0f901482-613d-433b-a62c-00eecacda897,U001634,2022-02-04 13:27:40,13:27:40,150221.12,purchase,M00287,USD,success,pos,D001427,64.179.185.139,bank_transfer,Kuala Lumpur,"20.802735,102.864357",36,M,2019-01-16,active,0.95,0,0,0,auto_approved,0.2638,2022
989cfe38-30e0-49a2-8c40-34f92f1ee3b7,U000398,2022-01-23 02:56:51,02:56:51,760210.9,purchase,M00420,USD,success,desktop,D001458,111.174.116.165,mobile_wallet,Singapore,"20.765264,104.786804",50,F,2016-04-03,active,0.74,0,0,0,auto_approved,0.0343,2022
cf3f2dce-d1f5-45b5-862e-5bfa61c92bf4,U000424,2022-02-13 07:56:10,07:56:10,831729.08,bill_payment,M00273,USD,success,pos,D000266,222.102.212.111,debit_card,Ho Chi Minh City,"18.366221,105.822474",68,F,2016-04-03,active,0.91,0,0,0,auto_approved,0.3828,2022
f68e4250-cf5c-40a2-b520-cf30b4faada3,U001803,2022-01-28 04:33:46,04:33:46,81532.28,bill_payment,M00202,USD,success,desktop,D000722,45.9.141.247,bank_transfer,Bangkok,"14.388658,102.234852",33,M,2018-06-22,active,0.73,0,0,0,auto_approved,0.0435,2022
e17ba175-48b2-4f65-b90f-7afbdc6abc3f,U000380,2022-11-22 13:02:34,13:02:34,211910.72,purchase,M00293,VND,success,desktop,D000580,110.85.160.15,bank_transfer,Hanoi,"12.86582,106.64869",38,F,2019-01-26,active,0.8,0,0,0,auto_approved,0.4218,2022
907f4e4e-9718-4927-8e66-5fa79dd30f82,U000772,2022-03-31 10:11:46,10:11:46,517053.21,bill_payment,M00212,USD,success,atm,D000843,39.140.150.145,credit_card,Bangkok,"16.012448,106.90391",47,M,2017-01-10,active,0.48,0,0,0,auto_approved,0.4474,2022
154e47b7-c09f-4684-a210-385daa5ea47a,U001576,2022-01-22 20:36:37,20:36:37,172730.48,bill_payment,M00006,USD,success,atm,D002881,16.252.46.160,credit_card,Hanoi,"16.897498,107.403584",56,M,2020-03-03,active,0.56,0,0,0,auto_approved,0.1448,2022
983a9e05-f066-47fe-9f92-28bc6cc6c87d,U001431,2022-05-19 06:23:07,06:23:07,531820.17,bill_payment,M00339,VND,success,mobile,D001391,237.94.196.121,mobile_wallet,Hanoi,"14.117297,106.32856",34,M,2022-02-26,active,0.72,0,0,0,auto_approved,0.2466,2022
acfac6d4-e935-4019-a369-98f4bf2cb6df,U000712,2022-07-16 17:48:08,17:48:08,238321.18,bill_payment,M00489,VND,success,mobile,D001643,92.8.173.45,mobile_wallet,Bangkok,"20.50487,107.449867",70,M,2016-09-25,active,0.63,0,1,0,auto_approved,0.6076,2022
b1238817-589a-4956-ad77-2e9df5601eaf,U000252,2022-03-19 03:00:33,03:00:33,351882.86,online_payment,M00078,USD,failed,mobile,D000109,163.132.187.19,bank_transfer,Kuala Lumpur,"13.166757,102.945939",52,F,2015-11-28,active,0.79,1,0,0,auto_approved,0.3178,2022
5699bbe9-5912-4c0a-8002-a18ef1faae59,U001223,2022-08-06 03:37:02,03:37:02,920384.84,cash_withdrawal,M00416,USD,success,mobile,D001255,59.190.133.113,bank_transfer,Da Nang,"11.043606,106.362735",56,M,2018-11-15,active,0.57,0,1,1,pending_review,0.3641,2022
d13c0036-27e4-4696-9860-2bfac32b2687,U000022,2022-03-28 14:22:44,14:22:44,32806.13,cash_withdrawal,M00293,VND,success,mobile,D000272,250.147.231.73,bank_transfer,Bangkok,"12.676775,108.747731",44,F,2016-05-31,active,0.76,0,0,0,auto_approved,0.0553,2022
d77744c2-7091-4f2f-bb61-d3e1dfd18611,U001468,2022-02-14 08:24:53,08:24:53,1035590.75,bill_payment,M00265,VND,failed,atm,D001093,106.48.89.230,credit_card,Kuala Lumpur,"8.7169,106.052587",58,M,2015-07-08,active,0.9,0,0,0,auto_approved,0.3395,2022
29a03a66-76a8-4206-8048-9e7e91697e82,U001961,2022-07-09 01:20:49,01:20:49,107252.07,bill_payment,M00050,VND,success,desktop,D000613,220.144.94.235,debit_card,Ho Chi Minh City,"20.686954,103.727613",34,M,2018-01-07,active,0.57,1,0,0,auto_approved,0.3337,2022
62f5d71e-6b97-49cb-a636-b226b0d3cbad,U000347,2022-06-16 11:11:54,11:11:54,217033.71,online_payment,M00129,VND,success,mobile,D001961,126.79.98.22,credit_card,Kuala Lumpur,"15.131788,108.638281",54,F,2016-07-03,active,0.63,1,0,0,auto_approved,0.269,2022
ce3d8d90-c787-4c4b-ba07-de04ef48b3e9,U000003,2022-04-15 17:23:29,17:23:29,628761.02,purchase,M00266,USD,failed,mobile,D000382,70.249.89.185,credit_card,Bangkok,"8.732679,102.046068",54,F,2019-06-03,under_review,0.63,3,1,0,auto_approved,0.1826,2022
2f74640c-46bc-45b0-b452-e3682800d913,U001358,2022-01-14 14:33:35,14:33:35,73500.09,transfer,M00186,USD,success,desktop,D000090,44.217.127.206,bank_transfer,Hanoi,"12.688989,106.741904",68,F,2020-03-28,active,0.92,0,0,0,auto_approved,0.2676,2022
5cca54c0-dc2c-4ff0-af88-43726615c56b,U001381,2022-11-29 23:38:13,23:38:13,2754392.81,online_payment,M00118,VND,success,atm,D001900,249.69.79.250,debit_card,Ho Chi Minh City,"16.517952,105.600734",45,F,2016-06-15,active,0.57,0,0,0,auto_approved,0.0382,2022
933c8db9-e074-4adf-b494-4d98306bd525,U000292,2022-12-06 10:17:04,10:17:04,212714.12,purchase,M00408,USD,success,desktop,D001978,236.209.240.166,bank_transfer,Singapore,"16.495733,106.453532",25,M,2014-11-11,active,0.7,1,0,0,auto_approved,0.4144,2022
4fd569bf-f687-4ae4-adb7-998b3a557338,U001323,2022-12-05 04:31:30,04:31:30,423168.3,purchase,M00420,USD,success,atm,D002276,124.105.148.193,mobile_wallet,Bangkok,"15.342132,102.474381",39,F,2018-02-16,active,0.84,0,0,0,auto_approved,0.2614,2022
efc2d2d6-a49c-4eb7-9deb-3e1748fc345a,U001926,2022-04-03 07:18:03,07:18:03,1116951.32,transfer,M00132,VND,success,desktop,D000752,236.27.189.54,debit_card,Hanoi,"16.242152,106.649579",56,F,2015-04-23,active,0.5,0,0,0,auto_approved,0.1398,2022
2be9ae20-9689-46e5-941b-ce9ca5cf6e47,U001101,2022-10-24 10:35:25,10:35:25,498952.38,online_payment,M00006,VND,success,pos,D001101,238.210.102.106,debit_card,Kuala Lumpur,"20.821846,106.13827",69,F,2018-09-24,active,0.46,0,0,0,auto_approved,0.0657,2022
52f78fd3-b9b5-4168-b439-8193eeabcc1a,U001945,2022-07-13 01:03:28,01:03:28,2648527.71,cash_withdrawal,M00319,USD,success,desktop,D001616,42.250.134.224,debit_card,Singapore,"20.868568,106.574635",56,F,2018-03-20,active,0.89,0,0,0,auto_approved,0.1816,2022
d6e1040a-fc04-49d4-982e-fb938b61f9a8,U001117,2022-07-30 05:12:19,05:12:19,131504.49,cash_withdrawal,M00392,USD,success,desktop,D001173,31.173.179.60,bank_transfer,Da Nang,"19.073948,105.099262",20,M,2019-03-04,active,0.87,0,0,0,auto_approved,0.1387,2022
8953e592-60e5-486e-b1cd-7acdc8528764,U000908,2022-06-11 07:38:47,07:38:47,543312.57,purchase,M00266,VND,success,desktop,D000591,88.238.20.186,bank_transfer,Singapore,"10.550869,102.81739",20,F,2019-09-06,active,0.46,0,0,0,auto_approved,0.1138,2022
4a29bc7d-6ba3-49f5-94da-04d4839fdbe6,U000205,2022-09-04 12:25:47,12:25:47,164860.64,online_payment,M00313,USD,success,pos,D001151,248.51.225.161,bank_transfer,Singapore,"17.353429,102.016487",22,M,2017-09-12,active,0.8,0,0,0,auto_approved,0.0139,2022
87b36f4c-3b9b-40cc-8e95-70d8f576796e,U001087,2022-03-16 08:10:32,08:10:32,844571.37,bill_payment,M00429,USD,success,pos,D001701,235.31.241.55,debit_card,Singapore,"16.847644,104.254914",50,F,2020-02-04,active,0.86,0,0,0,auto_approved,0.0971,2022
4f892265-8485-4f65-84cf-f11eda4add04,U001386,2022-05-16 17:39:06,17:39:06,1184660.46,purchase,M00457,VND,success,mobile,D000493,87.114.192.43,credit_card,Bangkok,"11.413289,103.066597",65,F,2019-03-11,active,0.7,0,0,0,auto_approved,0.3214,2022
aead369c-7be4-42d1-858f-cc499f73e191,U001131,2022-11-14 11:11:31,11:11:31,865628.09,transfer,M00408,VND,success,pos,D000735,194.200.67.34,debit_card,Singapore,"12.984385,106.342588",43,M,2018-04-22,under_review,0.46,1,0,0,auto_approved,0.3142,2022
10c1a575-5ed3-4f46-a1d1-1fa1d98a157e,U001143,2022-04-03 08:44:02,08:44:02,302549.21,online_payment,M00080,VND,success,atm,D001121,208.15.227.197,debit_card,Hanoi,"8.145035,104.385611",59,M,2018-02-12,active,0.9,0,0,0,auto_approved,0.1669,2022
bb3e9935-5e1b-4ece-b52c-4be0b229f6ec,U001018,2022-08-29 03:30:31,03:30:31,219995.42,online_payment,M00250,VND,success,mobile,D000509,199.202.1.192,bank_transfer,Kuala Lumpur,"11.564341,107.321056",50,M,2019-01-30,active,0.94,0,0,0,auto_approved,0.4215,2022
f38ccf17-0823-43cc-aa3c-af061f94c102,U001479,2022-08-15 13:28:58,13:28:58,583133.9,bill_payment,M00026,VND,success,mobile,D000957,131.225.234.150,bank_transfer,Bangkok,"11.621995,108.252201",38,F,2018-09-27,active,0.9,0,0,0,auto_approved,0.1002,2022
84072f0d-27df-496d-a102-c60a57a11ab0,U000596,2022-07-31 14:05:44,14:05:44,619437.6,transfer,M00087,USD,success,atm,D001982,49.71.158.35,debit_card,Da Nang,"15.023898,102.804497",49,F,2019-09-12,active,0.99,0,0,0,auto_approved,0.2695,2022
baa8174b-36e9-45c8-a413-32b705654654,U001544,2022-07-20 00:56:42,00:56:42,1520162.42,purchase,M00421,USD,success,mobile,D002997,147.182.125.142,credit_card,Kuala Lumpur,"15.787909,108.450841",67,M,2020-09-27,under_review,0.54,0,0,0,auto_approved,0.3754,2022
7238082d-1820-4e1a-ae39-dc205d697825,U000830,2022-05-09 11:15:27,11:15:27,104377.41,bill_payment,M00421,USD,success,atm,D000589,131.124.93.145,bank_transfer,Bangkok,"20.450625,102.19982",56,M,2015-12-11,active,0.68,0,0,0,auto_approved,0.399,2022
bb46827e-dbab-4fe0-ae18-543d80b06e92,U001198,2022-05-04 10:52:13,10:52:13,603713.48,transfer,M00366,VND,success,pos,D000238,51.130.254.84,bank_transfer,Singapore,"17.141903,102.52642",61,F,2015-10-16,active,0.63,0,0,0,auto_approved,0.41,2022
11e08c03-4fa5-4c4b-bff1-0e2753552d3d,U000471,2022-08-02 01:58:40,01:58:40,558322.59,bill_payment,M00244,USD,success,pos,D002303,247.215.45.2,debit_card,Hanoi,"13.769812,107.489336",27,F,2021-10-25,active,0.66,0,0,0,auto_approved,0.0145,2022
68264104-4cef-46fc-9dc3-44e56c173b3e,U000889,2022-06-24 18:42:42,18:42:42,577885.24,cash_withdrawal,M00417,VND,success,mobile,D000593,19.212.160.191,debit_card,Bangkok,"19.963967,103.292775",34,M,2015-07-03,active,0.7,0,0,0,auto_approved,0.3191,2022
1826bb63-abae-4c1b-8fae-db901cbf01ca,U001627,2022-01-07 16:23:37,16:23:37,1906751.76,purchase,M00385,VND,success,desktop,D000174,202.11.121.104,mobile_wallet,Bangkok,"9.083026,104.260091",69,F,2015-03-05,active,0.87,0,0,0,auto_approved,0.2437,2022
38762f94-59bd-4119-9cc0-4eaa9b06805d,U000140,2022-02-03 23:16:52,23:16:52,2180405.39,cash_withdrawal,M00298,USD,success,pos,D001280,181.134.246.175,mobile_wallet,Singapore,"13.558153,102.149432",47,M,2016-03-12,active,0.65,0,0,0,auto_approved,0.3448,2022
d053d513-a440-4629-93d3-39d72024f345,U001080,2022-05-26 22:25:23,22:25:23,459225.59,online_payment,M00485,VND,success,mobile,D002756,42.171.1.54,mobile_wallet,Hanoi,"17.816313,104.402822",67,F,2018-10-23,active,0.6,0,0,0,auto_approved,0.2268,2022
37700e1e-add9-4335-a1ed-f43bd459db9c,U001862,2022-09-04 07:22:48,07:22:48,2892542.41,cash_withdrawal,M00132,USD,success,desktop,D000794,138.95.181.107,bank_transfer,Bangkok,"18.358172,107.183353",33,M,2019-01-31,active,0.76,0,0,0,auto_approved,0.317,2022
d769d1bb-4c5d-468a-add4-bd42f2c396d0,U000142,2022-08-24 12:02:06,12:02:06,99679.74,purchase,M00420,USD,success,mobile,D000554,110.152.181.199,credit_card,Hanoi,"8.821381,107.461953",41,F,2020-05-03,active,0.9,0,0,0,auto_approved,0.055,2022
a25ad5fc-0854-4e55-bdfd-dfa3dfbd49a9,U001522,2022-05-28 00:19:42,00:19:42,52641.73,cash_withdrawal,M00284,USD,pending,desktop,D002638,107.32.113.169,mobile_wallet,Bangkok,"15.177306,107.040346",35,M,2014-09-05,active,0.8,0,0,0,auto_approved,0.0472,2022
0beff21a-6acb-44fd-b756-3d62ade1573f,U001504,2022-07-18 22:30:57,22:30:57,101181.53,cash_withdrawal,M00268,VND,success,atm,D001832,44.167.26.48,debit_card,Singapore,"11.16469,104.497121",46,F,2021-11-25,active,0.55,0,0,0,auto_approved,0.0395,2022
b7c6bffd-5c98-4828-bfde-ef41617c6c23,U000067,2022-08-15 07:42:03,07:42:03,669487.99,purchase,M00481,VND,success,mobile,D002725,164.220.187.188,mobile_wallet,Kuala Lumpur,"8.259974,107.673014",65,F,2022-01-28,active,0.8,0,0,0,auto_approved,0.2662,2022
cc6b04f5-1b54-4bd2-a851-f694a37d6a8a,U001362,2022-12-08 18:44:04,18:44:04,308565.48,bill_payment,M00304,VND,success,pos,D002907,110.162.171.83,debit_card,Ho Chi Minh City,"11.709729,103.38257",43,M,2018-04-19,active,0.88,0,0,0,auto_approved,0.2528,2022
2c2395bc-43e0-44fc-b008-02b859cc220d,U001262,2022-07-25 03:08:15,03:08:15,1769554.69,cash_withdrawal,M00050,USD,success,pos,D000550,203.167.35.58,bank_transfer,Bangkok,"11.038661,102.607652",51,M,2021-02-23,active,0.78,0,0,0,auto_approved,0.2037,2022
c1ef0b28-6bb8-431e-8f6b-3247811412d9,U001205,2022-01-28 19:36:39,19:36:39,2426613.46,transfer,M00054,VND,success,pos,D000544,41.52.191.254,mobile_wallet,Da Nang,"14.217195,108.95865",54,F,2021-06-07,active,0.96,0,0,0,auto_approved,0.1652,2022
52263ec3-07f3-4f99-9284-763a0826b5b1,U001007,2022-07-23 16:19:00,16:19:00,607656.16,purchase,M00456,USD,success,pos,D002547,103.41.56.160,debit_card,Kuala Lumpur,"11.438717,108.393644",43,F,2015-11-20,under_review,0.85,0,0,0,auto_approved,0.0285,2022
022670ba-3d31-4c47-9141-d33e67e397e4,U001918,2022-06-19 09:08:16,09:08:16,3054962.0,purchase,M00452,USD,success,desktop,D002125,27.172.163.30,bank_transfer,Bangkok,"16.457635,104.027523",20,F,2019-05-22,active,0.89,0,1,0,auto_approved,0.5638,2022
083573c5-f83a-48d9-bc87-f10d51d231ec,U000243,2022-04-19 20:06:53,20:06:53,390474.08,bill_payment,M00345,VND,success,pos,D000549,12.115.123.82,mobile_wallet,Singapore,"17.201157,103.775364",29,F,2015-07-23,active,0.61,1,0,0,auto_approved,0.6081,2022
e065828a-d3d5-40d1-802f-4b10d963eba8,U001870,2022-09-02 10:03:13,10:03:13,210952.25,purchase,M00169,VND,success,pos,D001628,191.148.165.31,bank_transfer,Da Nang,"11.533512,107.014461",34,F,2017-05-22,active,0.84,0,0,0,auto_approved,0.2012,2022
8ed6657a-daaf-4da1-bdbd-b5648343fbcc,U000403,2022-11-10 07:17:48,07:17:48,379877.6,cash_withdrawal,M00473,VND,success,desktop,D000996,88.74.20.223,debit_card,Ho Chi Minh City,"18.360654,105.869375",60,F,2022-07-06,active,0.53,0,0,0,auto_approved,0.133,2022
c2daa3cc-e5ef-490d-9047-79cf031247b1,U000748,2022-12-29 13:22:48,13:22:48,9229.8,transfer,M00221,VND,success,desktop,D001551,195.154.240.130,credit_card,Da Nang,"18.454007,108.816771",59,F,2020-10-07,active,0.67,1,0,0,auto_approved,0.3985,2022
a551d156-b537-4d28-a9d3-b5e9192fd1d0,U001678,2022-12-02 04:53:03,04:53:03,1102744.38,transfer,M00326,VND,success,pos,D000231,72.177.169.37,mobile_wallet,Ho Chi Minh City,"14.308496,103.825151",42,F,2016-04-13,active,0.71,0,0,0,auto_approved,0.1557,2022
4e4cd31f-347a-4933-8b75-8ad467c3129a,U001000,2022-05-16 11:51:02,11:51:02,181195.59,purchase,M00349,VND,success,pos,D000774,108.193.119.40,mobile_wallet,Hanoi,"9.882527,106.388789",20,M,2020-03-05,active,0.82,0,0,0,auto_approved,0.3187,2022
362f0ad7-2e1b-4a9a-9b6b-c147ff5a0672,U001010,2022-10-02 03:27:25,03:27:25,242784.3,purchase,M00270,USD,success,atm,D000060,82.221.98.175,mobile_wallet,Kuala Lumpur,"14.112152,105.360252",67,F,2017-12-24,active,0.89,0,0,0,auto_approved,0.2086,2022
fd42839d-a6ec-406e-a187-c4332880945d,U001673,2022-10-14 08:44:55,08:44:55,556002.41,transfer,M00155,USD,success,atm,D002896,111.81.33.248,mobile_wallet,Hanoi,"19.321681,104.992795",40,F,2017-12-03,active,0.71,2,1,1,pending_review,0.3298,2022
a67ef71c-c283-468b-83ac-146fa6a34236,U001570,2022-05-17 12:54:55,12:54:55,35991.91,transfer,M00266,VND,success,pos,D001627,84.221.187.185,bank_transfer,Hanoi,"20.49655,102.436576",48,M,2021-06-20,active,0.51,0,1,1,pending_review,0.4636,2022
b08ca2ed-b6ae-481b-8822-de883cc1b0c7,U001044,2022-07-09 11:54:54,11:54:54,2627240.37,bill_payment,M00234,USD,success,atm,D000382,34.101.250.48,credit_card,Singapore,"12.218675,106.191319",63,F,2015-06-01,active,0.68,0,0,0,auto_approved,0.2508,2022
f72434aa-aad7-4bf9-8acf-ba3cf1d95c98,U000484,2022-10-26 12:40:17,12:40:17,5330165.26,online_payment,M00135,VND,success,desktop,D000468,185.66.6.48,credit_card,Ho Chi Minh City,"17.209871,105.590859",28,F,2016-01-10,active,0.64,0,1,0,auto_approved,0.415,2022
d2ad9d6e-ceba-4324-a834-8b72a7a92961,U001885,2022-05-28 21:14:45,21:14:45,100144.74,purchase,M00350,USD,success,pos,D000403,100.228.140.130,mobile_wallet,Kuala Lumpur,"10.860712,108.994695",43,F,2015-10-14,active,0.9,0,0,0,auto_approved,0.268,2022
3d1dc7d4-42fb-43fe-b6a6-05b5d1266180,U001350,2022-09-29 19:13:00,19:13:00,51161.59,online_payment,M00353,VND,failed,atm,D000634,116.255.204.171,bank_transfer,Da Nang,"9.28125,103.629493",23,F,2017-02-07,blocked,0.93,0,0,0,auto_approved,0.12,2022
fb0f1b5e-ac86-45df-937f-0fbfa673a10d,U001713,2022-01-12 10:09:08,10:09:08,731617.13,online_payment,M00368,USD,success,mobile,D002485,60.123.15.54,bank_transfer,Bangkok,"17.641177,108.938199",39,F,2020-06-16,active,0.68,1,1,1,pending_review,0.7093,2022
08031bb2-54cc-4abf-8e51-76862a28e220,U001006,2022-05-30 13:00:36,13:00:36,288161.56,online_payment,M00111,USD,success,mobile,D002050,130.114.58.1,debit_card,Ho Chi Minh City,"18.322495,105.062283",37,F,2021-04-30,active,0.62,0,0,0,auto_approved,0.1528,2022
f40d6275-37c1-4340-9d70-cab94b7e7662,U000741,2022-10-15 21:08:53,21:08:53,368405.29,cash_withdrawal,M00194,USD,success,atm,D002960,158.28.36.65,bank_transfer,Ho Chi Minh City,"18.490607,105.711831",30,M,2015-04-19,active,0.56,0,0,0,auto_approved,0.1365,2022
7af97b06-1345-45a8-927f-6f51eab9e555,U001706,2022-09-08 06:16:28,06:16:28,328926.53,cash_withdrawal,M00379,USD,success,desktop,D000650,88.124.72.117,debit_card,Hanoi,"20.720165,102.266916",22,M,2020-12-13,active,0.56,0,1,1,pending_review,0.3497,2022
bb5fab9b-5a77-40fe-b922-fc4280325ec4,U000835,2022-11-09 00:09:40,00:09:40,419168.95,bill_payment,M00142,VND,failed,pos,D002462,223.86.243.5,debit_card,Ho Chi Minh City,"14.788074,108.811429",59,F,2016-03-11,active,0.85,0,0,0,auto_approved,0.0301,2022
d4300df8-f84e-4ed2-8d6a-c4f0bd2c6efb,U001769,2022-03-22 07:37:03,07:37:03,10055.96,cash_withdrawal,M00054,VND,failed,mobile,D000998,165.222.59.108,bank_transfer,Ho Chi Minh City,"17.560567,105.125163",29,M,2021-01-09,active,0.94,0,0,0,auto_approved,0.4342,2022
e837237a-e909-4668-8429-87bbb8257960,U000477,2022-05-24 02:03:22,02:03:22,386503.03,purchase,M00416,VND,success,atm,D000711,85.41.38.163,mobile_wallet,Ho Chi Minh City,"20.417374,105.141008",51,M,2018-09-27,active,0.61,0,0,0,auto_approved,0.0989,2022
e07db583-293f-46b1-b9ca-172d321368ec,U001143,2022-02-27 20:03:43,20:03:43,132788.67,purchase,M00307,USD,success,mobile,D000496,96.103.90.63,mobile_wallet,Ho Chi Minh City,"9.694754,106.853484",46,M,2018-12-01,active,0.75,0,0,0,auto_approved,0.2596,2022
b089df48-061d-457e-88bb-e900442b2ff7,U001749,2022-01-31 09:25:40,09:25:40,477191.42,transfer,M00492,USD,success,atm,D000301,84.112.125.147,bank_transfer,Kuala Lumpur,"20.408718,107.926834",48,M,2015-03-06,active,0.59,0,0,0,auto_approved,0.0311,2022
999c7f39-c23f-4695-b4ff-a9ab417913ab,U000128,2022-09-23 20:28:56,20:28:56,2933.79,purchase,M00354,USD,success,mobile,D000057,95.20.158.250,bank_transfer,Singapore,"16.095672,108.280407",20,M,2020-11-23,active,0.55,0,0,0,auto_approved,0.207,2022
aa5df8d8-f716-4951-beb7-6627b6873b52,U000279,2022-04-02 10:08:37,10:08:37,706035.78,bill_payment,M00109,VND,success,desktop,D000981,26.203.133.124,bank_transfer,Hanoi,"15.502954,107.5469",54,M,2017-09-16,active,0.7,0,0,0,auto_approved,0.1938,2022
9653af9f-5dd1-4da5-8425-398537ebbe02,U001618,2022-10-17 03:08:49,03:08:49,27195.38,bill_payment,M00292,VND,success,pos,D001570,202.79.165.79,bank_transfer,Singapore,"19.386983,104.242734",68,M,2017-06-25,active,0.98,1,0,0,auto_approved,0.1527,2022
15e1cbde-a6e3-4b9d-81ae-9f50a2ce84e2,U000693,2022-10-06 21:11:00,21:11:00,321300.29,cash_withdrawal,M00187,USD,success,pos,D001851,111.155.95.228,mobile_wallet,Bangkok,"18.720528,107.015215",69,M,2022-07-23,active,0.95,0,0,0,auto_approved,0.2582,2022
4bac5d33-912e-4935-9ca5-2e37088b899c,U001877,2022-04-03 21:58:55,21:58:55,432529.45,purchase,M00039,USD,success,mobile,D000791,185.110.215.50,debit_card,Bangkok,"10.214244,102.751587",41,M,2015-10-03,under_review,0.8,0,0,0,auto_approved,0.2762,2022
23363545-f812-46f6-8511-1811bab6f551,U000276,2022-04-15 22:50:52,22:50:52,441569.31,purchase,M00316,VND,success,desktop,D002956,76.229.115.63,bank_transfer,Bangkok,"12.50204,108.375134",64,F,2018-05-25,active,0.57,0,0,0,auto_approved,0.043,2022
1ae3537e-71b0-4aea-b77e-1ebaa601d74a,U000551,2022-02-05 08:37:49,08:37:49,766216.25,cash_withdrawal,M00399,USD,success,mobile,D000810,120.184.246.72,credit_card,Singapore,"16.303991,102.135197",45,M,2017-11-29,active,0.46,0,0,0,auto_approved,0.4207,2022
6ea150cd-df01-456e-8951-bdc81a8b5f1d,U000603,2022-12-16 08:31:11,08:31:11,931496.52,cash_withdrawal,M00484,USD,success,atm,D000405,205.54.129.40,debit_card,Bangkok,"13.111213,108.307986",27,F,2021-06-26,active,0.85,0,0,0,auto_approved,0.0202,2022
d6f3cd77-e60f-445f-aa10-76d5100d1c1a,U000162,2022-11-28 23:50:49,23:50:49,487586.5,bill_payment,M00467,VND,failed,desktop,D000029,37.18.210.8,bank_transfer,Da Nang,"9.19959,108.165475",30,F,2017-04-15,active,0.82,1,0,0,auto_approved,0.4761,2022
4da809c8-fb3e-4d29-ab38-d6845e7e0146,U001583,2022-09-01 12:13:50,12:13:50,325534.91,transfer,M00275,USD,success,mobile,D002114,81.50.192.133,debit_card,Singapore,"9.112217,104.111713",20,F,2020-11-29,active,0.68,1,0,0,auto_approved,0.3929,2022
616c2e56-fd4e-404c-8fc0-ecc21e39e04e,U000010,2022-06-14 05:59:11,05:59:11,727800.83,cash_withdrawal,M00458,VND,success,atm,D000878,59.192.223.243,debit_card,Singapore,"13.107671,103.037349",19,M,2021-09-18,active,0.52,0,0,0,auto_approved,0.4224,2022
16fc3f37-cc6a-4c5d-9e45-38ecb7305443,U000392,2022-06-13 08:40:17,08:40:17,215496.77,cash_withdrawal,M00442,USD,success,atm,D000770,52.113.73.173,credit_card,Kuala Lumpur,"11.89837,104.754575",55,M,2019-03-13,active,0.93,0,0,0,auto_approved,0.3166,2022
410c6559-4fa5-4103-bb34-39d5c4c880b5,U001705,2022-01-22 16:26:51,16:26:51,2606868.28,cash_withdrawal,M00238,VND,success,pos,D001218,121.186.23.17,mobile_wallet,Hanoi,"13.747983,104.688558",19,M,2016-09-13,active,0.48,0,1,0,auto_approved,0.5815,2022
4278e563-df72-4499-8a54-abfb1a97d576,U001818,2022-03-16 18:19:53,18:19:53,965986.26,cash_withdrawal,M00425,USD,success,atm,D002825,4.153.126.80,mobile_wallet,Bangkok,"9.204882,106.13669",32,F,2014-04-22,active,0.99,0,0,0,auto_approved,0.3963,2022
05332b05-ce94-4e7d-96ee-17f4194aff66,U000439,2022-03-20 22:07:41,22:07:41,131459.81,bill_payment,M00434,USD,success,desktop,D002265,142.217.192.142,mobile_wallet,Hanoi,"8.982609,107.831558",64,M,2015-01-14,active,0.57,0,0,0,auto_approved,0.4413,2022
03f6f2af-86b0-4732-ba6d-24fb3b13c801,U001503,2022-10-14 19:27:46,19:27:46,748510.4,online_payment,M00094,USD,success,desktop,D000359,25.141.217.104,debit_card,Hanoi,"19.664208,104.170413",65,M,2016-04-15,active,0.62,0,0,0,auto_approved,0.4374,2022
e1aba6c8-8095-4b75-99de-536ee2ae6c3c,U001879,2022-05-23 04:41:51,04:41:51,350382.89,cash_withdrawal,M00454,VND,success,desktop,D000746,106.180.106.185,credit_card,Hanoi,"17.024449,108.976644",31,F,2017-08-03,active,0.58,1,0,0,auto_approved,0.1611,2022
d8487b25-251d-4d08-84a2-151f88d12d06,U001913,2022-10-04 08:05:04,08:05:04,1222317.6,transfer,M00360,USD,success,mobile,D001737,181.101.72.209,mobile_wallet,Kuala Lumpur,"8.182368,103.316683",55,M,2017-04-26,active,0.87,0,0,0,auto_approved,0.1993,2022
5ba13934-e096-4878-94ae-c985cc0dc134,U000249,2022-09-29 03:09:17,03:09:17,173901.59,transfer,M00479,USD,success,pos,D000534,21.15.172.213,credit_card,Kuala Lumpur,"14.891913,103.889785",37,M,2015-03-14,active,0.6,0,0,0,auto_approved,0.3957,2022
524e70d6-6d63-4850-8028-3a57d333086e,U000613,2022-09-11 12:27:43,12:27:43,34006.03,online_payment,M00361,USD,pending,atm,D002984,11.105.198.200,mobile_wallet,Da Nang,"20.594732,108.430893",62,M,2022-01-15,under_review,0.6,0,0,0,auto_approved,0.3848,2022
0c833a5d-7b50-429f-9186-be14fa714b4b,U000296,2022-09-15 23:56:56,23:56:56,1380793.81,online_payment,M00434,USD,success,pos,D000332,205.56.250.93,mobile_wallet,Bangkok,"18.302944,102.383615",46,M,2020-07-23,active,0.63,0,0,0,auto_approved,0.1515,2022
e89b1b37-e93a-4a9f-8a3b-2f030e725a55,U001673,2022-02-15 22:43:45,22:43:45,1321150.24,transfer,M00177,USD,failed,desktop,D002920,228.182.33.90,mobile_wallet,Hanoi,"9.089704,107.784261",21,M,2016-09-29,active,0.7,0,0,0,auto_approved,0.376,2022
f54a2264-3eaa-4cfc-802e-c848ac673e78,U001185,2022-01-10 01:09:17,01:09:17,92744.02,purchase,M00320,USD,success,desktop,D001085,89.101.242.61,credit_card,Bangkok,"17.583781,108.416861",22,M,2020-10-19,active,0.96,0,0,0,auto_approved,0.0705,2022
9dc195db-9eb8-4b47-91bb-7acdcde98441,U000636,2022-01-07 13:55:39,13:55:39,108179.4,bill_payment,M00426,VND,success,pos,D002578,126.194.150.21,debit_card,Hanoi,"17.527762,102.43152",36,M,2015-04-20,active,0.99,0,0,0,auto_approved,0.3465,2022
b1b4952c-7056-4530-bc7b-0dc4f21ffb96,U001738,2022-11-25 16:48:39,16:48:39,201043.21,purchase,M00176,VND,success,atm,D000075,95.122.18.185,credit_card,Kuala Lumpur,"13.232389,108.217505",65,M,2017-02-19,active,0.88,0,0,0,auto_approved,0.3245,2022
263538b6-19bd-4e55-95e6-dd60c12ca29c,U000974,2022-11-07 05:11:38,05:11:38,234230.04,cash_withdrawal,M00093,USD,success,pos,D002185,186.22.124.131,debit_card,Kuala Lumpur,"17.025733,106.80074",50,F,2015-03-21,active,0.64,0,0,0,auto_approved,0.0281,2022
e91348f3-b28e-4ec6-8268-8e2150375cbc,U001320,2022-01-14 01:51:07,01:51:07,1439448.51,transfer,M00128,VND,success,desktop,D002205,78.41.76.130,mobile_wallet,Bangkok,"9.642909,102.654549",67,F,2021-09-23,active,0.89,0,0,0,auto_approved,0.1674,2022
b6027097-ffd1-478e-8a74-d41e1321569f,U000917,2022-11-29 09:17:33,09:17:33,1164452.91,transfer,M00487,USD,success,atm,D002648,50.112.24.60,credit_card,Da Nang,"21.459537,102.405754",26,F,2022-01-15,active,0.53,2,1,0,auto_approved,0.4372,2022
fde2735e-9e34-4028-88b5-242d478cfac0,U001044,2022-07-31 19:17:22,19:17:22,192854.02,transfer,M00255,VND,success,pos,D002178,111.113.183.237,debit_card,Singapore,"9.536701,107.659152",30,M,2016-08-21,active,0.87,0,0,0,auto_approved,0.1324,2022
64d30e0b-db4a-47af-9a72-b5e140bd98b9,U001493,2022-08-08 21:37:38,21:37:38,745387.69,online_payment,M00016,VND,success,desktop,D002321,75.8.172.12,debit_card,Singapore,"19.986048,102.33055",66,M,2021-04-11,active,0.61,0,0,0,auto_approved,0.4158,2022
f1a62c9a-f0e4-41ab-a93b-3317b709ba64,U000660,2022-06-07 18:11:20,18:11:20,169278.55,purchase,M00159,USD,success,desktop,D001743,43.246.30.44,mobile_wallet,Kuala Lumpur,"13.976068,106.847119",42,M,2017-09-23,active,0.92,0,0,0,auto_approved,0.4157,2022
d0443739-f099-4b82-bf5a-91cfd6e6512d,U000310,2022-08-08 00:36:50,00:36:50,1348541.7,transfer,M00061,USD,failed,mobile,D002375,89.20.23.162,credit_card,Hanoi,"14.524856,103.143588",20,M,2018-11-27,active,0.83,1,0,0,auto_approved,0.1406,2022
d101f351-a0fb-405b-b374-055a0f600b7a,U000741,2022-05-29 16:27:02,16:27:02,1853473.99,bill_payment,M00100,USD,success,pos,D001571,53.238.88.191,bank_transfer,Da Nang,"21.700787,108.33751",49,M,2019-03-30,active,0.9,0,0,0,auto_approved,0.1164,2022
79291bcd-23fb-4b9b-93f3-9bc30f0d2839,U001538,2022-06-09 15:12:27,15:12:27,105788.85,online_payment,M00384,USD,success,desktop,D000888,255.84.63.146,bank_transfer,Ho Chi Minh City,"12.708232,106.837409",56,F,2017-01-12,active,0.61,0,0,0,auto_approved,0.1253,2022
8b398fc1-3ee1-44e1-82f1-149b6aefdb4e,U000203,2022-02-11 07:34:41,07:34:41,485217.06,bill_payment,M00415,VND,success,atm,D000770,139.6.168.8,mobile_wallet,Singapore,"13.008842,103.508709",55,M,2021-05-14,active,0.97,0,0,0,auto_approved,0.2359,2022
f0d96c5d-5b39-4947-8114-1fa8655513ae,U000425,2022-07-11 21:28:36,21:28:36,1228.35,transfer,M00009,VND,success,atm,D000280,71.171.68.58,bank_transfer,Hanoi,"13.460578,105.993354",60,F,2018-06-03,active,0.79,0,0,0,auto_approved,0.0446,2022
f89373fe-f712-4b3d-8ff7-f29fbeacce8a,U000867,2022-01-02 03:03:25,03:03:25,612015.78,bill_payment,M00407,USD,success,desktop,D001237,145.109.255.135,credit_card,Hanoi,"10.756635,105.334201",44,M,2019-04-09,active,0.87,0,0,0,auto_approved,0.1747,2022
0eff91b3-5c17-442b-9d57-00f4c680cdc9,U001829,2022-04-30 19:32:07,19:32:07,642489.92,cash_withdrawal,M00156,USD,success,desktop,D000115,131.115.73.120,mobile_wallet,Ho Chi Minh City,"8.243532,103.334966",32,F,2017-05-03,active,0.62,1,0,0,auto_approved,0.2581,2022
cc5343d3-a3a8-4d01-a4ed-e653ad5620c4,U000920,2022-03-01 08:57:21,08:57:21,262146.45,online_payment,M00350,VND,success,desktop,D000754,183.22.111.132,debit_card,Singapore,"8.86942,104.868355",43,M,2017-06-13,active,0.89,1,0,0,auto_approved,0.4217,2022
f6455f40-69a3-4dd7-bea2-ed7b20e2615c,U000630,2022-12-17 03:13:53,03:13:53,715155.43,online_payment,M00140,VND,success,atm,D001680,101.173.12.237,mobile_wallet,Bangkok,"10.404883,108.853998",52,M,2016-09-02,active,0.66,0,0,0,auto_approved,0.3853,2022
78bb076b-3234-4c37-af9c-3a109fcde3eb,U000616,2022-07-22 23:42:54,23:42:54,2471935.65,online_payment,M00269,USD,failed,atm,D001130,252.57.160.222,credit_card,Kuala Lumpur,"12.651575,105.024078",67,M,2019-11-13,active,0.79,0,0,0,auto_approved,0.1234,2022
d1e128b4-19ea-412e-9ee5-02723bae5858,U000609,2022-04-07 20:58:34,20:58:34,64752.45,purchase,M00434,VND,success,mobile,D002555,9.77.189.154,credit_card,Singapore,"17.134466,104.886335",54,M,2018-07-20,active,0.8,2,1,0,auto_approved,0.1586,2022
0609ec6c-2e52-4b57-8218-0378d81213b1,U000419,2022-11-29 10:17:42,10:17:42,106743.44,online_payment,M00257,VND,success,pos,D002247,152.68.86.105,credit_card,Da Nang,"8.435718,108.877399",50,F,2021-09-16,active,0.59,0,0,0,auto_approved,0.2091,2022
3191e775-dfda-4202-b669-119d8811ad9e,U001331,2022-03-01 03:59:05,03:59:05,446485.22,bill_payment,M00022,VND,pending,mobile,D001902,218.191.76.157,debit_card,Hanoi,"9.630557,106.473868",23,F,2021-02-25,active,0.72,0,0,0,auto_approved,0.3356,2022
5a6a1976-338c-4011-83b5-c9f68a3669df,U001744,2022-08-19 14:38:33,14:38:33,1012991.8,online_payment,M00315,VND,success,desktop,D001589,19.227.196.244,mobile_wallet,Kuala Lumpur,"13.296132,102.726856",52,F,2021-04-28,active,0.93,0,0,0,auto_approved,0.1908,2022
0dfd690e-0adb-4f44-9a6a-49fe1d8c0f29,U000299,2022-03-11 06:15:20,06:15:20,111869.14,cash_withdrawal,M00311,USD,success,desktop,D002397,80.105.113.28,debit_card,Da Nang,"16.313266,104.365107",33,F,2021-09-06,active,0.93,0,0,0,auto_approved,0.1172,2022
f28af024-c536-4d5d-b9c4-7c2ca298f63a,U001221,2022-08-23 22:27:05,22:27:05,607953.72,online_payment,M00416,VND,success,mobile,D001678,46.213.45.119,credit_card,Bangkok,"19.444318,106.112737",66,F,2019-01-26,active,0.63,0,0,0,auto_approved,0.1329,2022
09b3c1db-60bf-4eeb-8d87-6791f12aa959,U000110,2022-06-26 07:11:43,07:11:43,402934.24,bill_payment,M00380,USD,success,desktop,D002596,205.181.181.54,debit_card,Hanoi,"9.596329,107.873945",67,M,2016-12-13,active,0.64,0,0,0,auto_approved,0.2667,2022
1ac2841f-cffd-4b0d-9eef-82c6be8ae199,U001371,2022-04-02 20:18:19,20:18:19,1643909.86,transfer,M00233,VND,failed,desktop,D001296,182.197.57.132,credit_card,Bangkok,"8.147764,102.546739",18,F,2020-10-12,active,0.68,0,0,0,auto_approved,0.0963,2022
e598e677-1bff-404c-b749-26bc142799f6,U001579,2022-01-12 11:32:08,11:32:08,1511199.05,transfer,M00058,VND,failed,desktop,D002996,27.14.245.209,mobile_wallet,Bangkok,"19.54834,103.736612",70,M,2017-12-19,active,0.96,0,0,0,auto_approved,0.4177,2022
3146cd7d-626b-4e91-8a31-7279df62e757,U000569,2022-08-17 07:14:50,07:14:50,276432.16,bill_payment,M00278,USD,success,mobile,D002184,198.101.143.24,mobile_wallet,Ho Chi Minh City,"12.780424,102.708531",53,F,2018-12-28,active,0.78,0,0,0,auto_approved,0.3032,2022
2f4421a8-0b47-49bc-91d3-7f19781fd6d1,U000625,2022-01-11 02:28:00,02:28:00,427279.43,bill_payment,M00435,VND,success,desktop,D000757,142.41.183.83,bank_transfer,Ho Chi Minh City,"13.153617,102.5809",38,M,2016-08-10,active,0.69,0,0,0,auto_approved,0.4179,2022
1e95e47c-3364-4651-8796-616650baeb6b,U000476,2022-01-28 02:44:37,02:44:37,513149.7,purchase,M00441,USD,success,atm,D001067,165.69.115.228,credit_card,Da Nang,"12.573885,103.406926",24,M,2017-06-07,active,0.55,0,0,0,auto_approved,0.268,2022
8fc41626-1b2b-46b0-811e-4de632f306a2,U000064,2022-07-24 18:26:35,18:26:35,636683.81,bill_payment,M00127,USD,success,atm,D002398,8.175.101.243,bank_transfer,Kuala Lumpur,"18.683422,105.809252",59,F,2018-07-01,active,0.89,0,0,0,auto_approved,0.1819,2022
b14ed859-15e0-40d7-9bef-53ec92561543,U001067,2022-03-25 03:50:04,03:50:04,245523.2,purchase,M00422,USD,success,atm,D000648,119.13.57.49,mobile_wallet,Singapore,"19.135946,105.195662",20,F,2018-09-14,active,0.81,0,0,0,auto_approved,0.1993,2022
9dd83ef1-1bd4-49f8-935e-864aa2b858e3,U001425,2022-04-27 17:13:04,17:13:04,1192140.06,transfer,M00187,VND,success,atm,D002354,234.79.165.241,debit_card,Hanoi,"19.22625,106.319177",70,F,2018-10-30,active,0.75,0,0,0,auto_approved,0.085,2022
d1ef4117-47e4-4528-8ac2-ff539a442568,U000621,2022-05-25 05:24:03,05:24:03,1590692.23,transfer,M00367,VND,success,mobile,D000916,18.144.126.121,credit_card,Hanoi,"13.445766,108.469621",59,M,2020-03-23,active,0.45,0,0,0,auto_approved,0.3784,2022
02de8a7d-fb7b-444d-8df1-5701bf25dded,U001378,2022-11-27 08:27:43,08:27:43,752997.27,purchase,M00330,USD,success,mobile,D001388,96.152.200.78,mobile_wallet,Singapore,"12.432168,105.471397",33,F,2022-05-31,active,0.98,0,0,0,auto_approved,0.3411,2022
4984a348-faf3-41b1-8bd0-5f02220fde7d,U001806,2022-11-16 19:00:49,19:00:49,41162.61,online_payment,M00302,USD,success,atm,D001116,152.109.3.250,bank_transfer,Bangkok,"18.653989,103.912475",44,F,2019-04-06,blocked,0.91,0,0,0,auto_approved,0.2139,2022
5b7f0738-f85e-4ebc-bb5b-2a42c8345087,U000994,2022-11-15 21:20:16,21:20:16,691474.37,transfer,M00373,USD,success,atm,D000113,197.49.13.111,bank_transfer,Da Nang,"8.276788,108.489784",69,M,2018-02-06,active,0.83,0,0,0,auto_approved,0.2563,2022
e414f9db-b61b-4e83-8c6a-ad9b1f1cdaea,U000514,2022-02-14 18:05:20,18:05:20,426295.31,transfer,M00199,VND,success,pos,D001982,6.102.206.104,bank_transfer,Ho Chi Minh City,"11.581021,108.363522",50,M,2018-04-04,active,0.77,0,0,0,auto_approved,0.2395,2022
8f6e93d9-aae0-47ba-8504-63f9b1429c5d,U000391,2022-06-22 21:44:49,21:44:49,349441.85,cash_withdrawal,M00098,VND,success,desktop,D002414,128.86.39.81,mobile_wallet,Hanoi,"9.783664,103.044601",54,F,2019-01-01,active,0.95,0,0,0,auto_approved,0.0157,2022
63e0e85e-6ed4-47d4-bc15-7be7591e5c5f,U001431,2022-10-16 07:13:50,07:13:50,336910.63,cash_withdrawal,M00117,USD,success,pos,D001862,254.204.251.195,mobile_wallet,Kuala Lumpur,"16.113013,104.597051",46,M,2015-05-29,active,0.73,0,0,0,auto_approved,0.0425,2022
bbf26b4f-3802-4dc5-9dab-0cce406bcf62,U001918,2022-09-05 09:50:36,09:50:36,1169875.8,online_payment,M00177,USD,failed,atm,D001504,88.51.152.110,mobile_wallet,Kuala Lumpur,"13.444497,107.945662",35,F,2019-11-03,active,0.94,0,0,0,auto_approved,0.4453,2022
7a32617c-8c31-4a53-bca7-3578a9ce467e,U000591,2022-01-27 08:07:09,08:07:09,288746.6,online_payment,M00500,USD,success,pos,D002826,62.129.60.50,bank_transfer,Kuala Lumpur,"20.907239,105.303936",33,F,2019-01-07,active,0.47,0,0,0,auto_approved,0.1261,2022
3f898a34-b851-4ff1-b514-82fbce3ab259,U001144,2022-12-12 01:14:15,01:14:15,906673.43,purchase,M00496,VND,failed,mobile,D002995,12.113.4.201,mobile_wallet,Da Nang,"15.272787,106.44148",42,M,2019-08-04,active,0.66,0,0,0,auto_approved,0.3798,2022
dc485285-8fb5-43a7-817a-a399021aa407,U001565,2022-12-04 09:39:54,09:39:54,38678.93,bill_payment,M00206,VND,success,atm,D000431,196.127.241.100,debit_card,Kuala Lumpur,"18.529838,104.458347",57,M,2021-01-31,active,0.95,0,0,0,auto_approved,0.0647,2022
b4e080f2-d26f-4718-9c2f-b474e3bc6964,U000658,2022-09-30 04:22:22,04:22:22,843055.17,online_payment,M00176,VND,success,mobile,D002650,131.80.191.19,bank_transfer,Ho Chi Minh City,"12.922753,105.934937",63,M,2016-12-06,active,0.56,0,0,0,auto_approved,0.2091,2022
3a3ee441-0542-47d9-89be-1b2b383f8e9d,U000500,2022-09-23 12:31:07,12:31:07,523909.69,bill_payment,M00457,USD,success,atm,D000559,16.221.75.42,credit_card,Singapore,"20.923761,106.71166",45,M,2016-09-18,active,0.73,0,0,0,auto_approved,0.2433,2022
07e7193e-e909-4bdb-b3dc-40899ea8a967,U000070,2022-11-18 13:15:43,13:15:43,258575.44,transfer,M00263,VND,success,atm,D000100,176.162.100.158,bank_transfer,Ho Chi Minh City,"16.926333,107.03913",22,F,2015-10-29,active,0.83,0,0,0,auto_approved,0.4167,2022
8f4b6ccd-d493-4721-8044-db25d144015c,U001253,2022-05-12 14:12:23,14:12:23,544608.41,cash_withdrawal,M00203,VND,success,atm,D002574,124.59.252.200,debit_card,Kuala Lumpur,"13.04557,103.039068",67,M,2018-09-16,active,0.59,0,0,0,auto_approved,0.3252,2022
cbb63c24-eb91-4756-b185-4e28a17051b1,U001204,2022-03-07 15:48:20,15:48:20,315018.91,purchase,M00261,VND,success,mobile,D000709,193.66.41.59,credit_card,Hanoi,"14.809002,106.662509",28,M,2021-01-02,active,0.98,0,0,0,auto_approved,0.1441,2022
77013be5-9bef-4e99-9a17-764292900c61,U000682,2022-05-12 22:16:19,22:16:19,166098.07,online_payment,M00122,USD,success,atm,D000828,7.94.84.130,bank_transfer,Singapore,"14.112039,105.237176",21,M,2019-12-28,active,0.93,0,0,0,auto_approved,0.2423,2022
b2c8940b-881b-4d6d-81e1-1f4f4cf40c3a,U000590,2022-11-25 20:29:06,20:29:06,668172.85,cash_withdrawal,M00238,USD,success,pos,D000923,45.131.188.218,mobile_wallet,Hanoi,"21.874821,107.28926",24,F,2020-06-22,active,0.76,0,0,0,auto_approved,0.2851,2022
eb34ee51-0a6a-45be-b4f5-a6dcab459ed8,U001646,2022-02-11 16:06:34,16:06:34,876436.58,online_payment,M00459,VND,failed,mobile,D001241,82.13.4.32,mobile_wallet,Da Nang,"10.831688,105.13314",21,F,2021-04-24,active,0.89,0,0,0,auto_approved,0.3198,2022
9d46faec-6b12-40d7-8d52-56a7a9fdcda9,U000744,2022-07-03 01:45:28,01:45:28,235956.05,online_payment,M00114,USD,success,mobile,D002444,236.212.50.166,mobile_wallet,Singapore,"17.730373,105.191315",27,M,2016-07-07,active,0.6,0,0,0,auto_approved,0.0593,2022
6c0269d8-6de6-4790-b31a-782c7323bb94,U001047,2022-08-20 13:40:41,13:40:41,2145683.26,online_payment,M00485,USD,success,atm,D000468,158.199.194.204,credit_card,Da Nang,"20.124217,105.56994",41,M,2020-11-15,active,0.55,0,0,0,auto_approved,0.0201,2022
0acf5854-c1b4-4093-8ea1-33895b3e898e,U000447,2022-06-13 11:14:31,11:14:31,36634.59,online_payment,M00083,VND,success,atm,D002643,3.91.62.108,debit_card,Da Nang,"9.432027,105.743676",42,F,2015-05-28,active,0.47,0,0,0,auto_approved,0.3549,2022
b372feb3-5052-449a-ab4d-72bd631e544a,U000870,2022-02-05 17:45:43,17:45:43,1132775.72,cash_withdrawal,M00415,VND,success,mobile,D000958,63.131.95.199,debit_card,Da Nang,"15.646566,108.024775",29,F,2017-06-04,active,0.57,0,0,0,auto_approved,0.3109,2022
c3746fc8-daca-45cc-a048-ce80c0b35698,U000604,2022-03-02 15:30:52,15:30:52,734825.92,online_payment,M00105,USD,success,atm,D000019,3.199.226.14,mobile_wallet,Kuala Lumpur,"21.95936,106.11019",44,F,2018-06-19,active,0.81,0,0,0,auto_approved,0.0519,2022
a2a0af81-3c4c-44a3-a5dc-76981eddac1a,U001373,2022-06-06 22:55:45,22:55:45,455467.72,cash_withdrawal,M00239,USD,success,atm,D000155,243.50.64.197,bank_transfer,Singapore,"12.274886,106.53452",28,F,2016-12-16,active,0.47,1,0,0,auto_approved,0.1367,2022
8b61f31b-8382-4d54-adaa-b0e39b618c05,U001091,2022-06-04 10:40:58,10:40:58,2458602.51,cash_withdrawal,M00071,VND,success,atm,D002019,185.114.158.55,credit_card,Bangkok,"17.516252,103.470953",53,M,2014-08-18,under_review,0.77,0,1,0,auto_approved,0.3046,2022
1805a528-f458-4554-aee7-dcde8c5519f8,U000942,2022-11-13 04:41:29,04:41:29,300509.21,transfer,M00100,USD,success,mobile,D002913,246.124.91.198,credit_card,Ho Chi Minh City,"10.027968,107.566537",45,M,2021-11-05,active,0.96,1,0,0,auto_approved,0.3108,2022
72933993-3c0d-4c00-b020-fb66e4340a16,U000548,2022-06-10 22:19:07,22:19:07,274929.88,transfer,M00462,USD,success,atm,D000225,130.247.123.253,mobile_wallet,Bangkok,"19.609911,103.664063",56,M,2015-05-28,active,0.8,1,0,0,auto_approved,0.4966,2022
079b5ce8-3202-4196-a7c5-2cea052742a3,U000950,2022-10-19 08:24:18,08:24:18,5182010.18,purchase,M00095,USD,success,pos,D000954,22.251.13.137,credit_card,Ho Chi Minh City,"21.127328,107.985126",23,M,2022-05-17,active,0.99,0,1,0,auto_approved,0.3673,2022
2d11d3c2-3626-4a67-8c5b-7ea86d0348f7,U001945,2022-12-24 08:07:52,08:07:52,2491422.77,online_payment,M00170,VND,success,desktop,D000732,236.247.202.153,mobile_wallet,Bangkok,"15.370043,102.388377",19,M,2015-03-14,active,0.68,1,0,0,auto_approved,0.3921,2022
d82e20ac-25fa-451a-9030-0fd932aaa45b,U001069,2022-08-31 21:55:35,21:55:35,523155.74,online_payment,M00202,VND,failed,mobile,D001482,10.61.55.222,bank_transfer,Hanoi,"13.592972,107.040628",60,F,2019-02-05,active,0.62,0,0,0,auto_approved,0.284,2022
3abab3cf-ad53-4c8c-b3fe-72bfd67e4f64,U001643,2022-02-19 23:44:08,23:44:08,96926.51,bill_payment,M00354,VND,success,atm,D002144,183.222.34.231,bank_transfer,Kuala Lumpur,"10.15029,108.473246",44,F,2021-01-28,active,0.48,1,0,0,auto_approved,0.2603,2022
fae90765-9c8d-49a6-ac36-4a2f9d4837cd,U001400,2022-04-25 07:25:37,07:25:37,127769.84,transfer,M00280,VND,success,desktop,D000701,117.237.60.213,mobile_wallet,Ho Chi Minh City,"20.347582,102.964605",47,M,2019-06-11,active,0.81,0,0,0,auto_approved,0.337,2022
d2a00234-7196-4c81-9599-0d74eaac2498,U001390,2022-01-05 21:41:37,21:41:37,61039.13,purchase,M00476,VND,success,mobile,D001773,32.230.200.231,bank_transfer,Kuala Lumpur,"20.457865,107.373458",63,M,2018-03-08,active,0.79,0,0,0,auto_approved,0.2677,2022
10434415-b112-4ef8-a8e7-186b82fd693b,U001388,2022-02-19 02:51:44,02:51:44,546018.06,online_payment,M00029,VND,success,mobile,D000468,246.227.228.106,credit_card,Ho Chi Minh City,"15.368994,102.133895",66,F,2015-10-14,active,0.63,0,0,0,auto_approved,0.0522,2022
f327b4c3-2e9e-4a78-8045-ddebaa6f4160,U000416,2022-04-16 20:37:23,20:37:23,81346.79,bill_payment,M00014,USD,failed,desktop,D001043,228.171.141.122,debit_card,Ho Chi Minh City,"21.942405,107.241169",64,F,2017-02-16,active,0.67,2,1,0,auto_approved,0.1697,2022
179a6b55-b556-4bf4-8450-951ea2d3939e,U001903,2022-04-05 05:01:26,05:01:26,763242.47,cash_withdrawal,M00139,USD,success,pos,D002244,34.178.173.119,mobile_wallet,Singapore,"10.51738,107.849736",57,F,2015-10-09,active,0.76,0,0,0,auto_approved,0.2605,2022
fb211565-7c2f-45fb-9cc0-c51f41625b12,U001296,2022-10-12 14:28:56,14:28:56,823555.55,cash_withdrawal,M00050,USD,success,atm,D002545,187.118.119.36,mobile_wallet,Da Nang,"20.647757,106.177124",70,F,2020-08-23,active,0.9,0,0,0,auto_approved,0.3232,2022
b13ced8a-dc72-4226-b49d-e462ea824a9f,U000575,2022-08-23 12:58:26,12:58:26,688000.88,cash_withdrawal,M00368,USD,success,pos,D000510,70.179.163.105,mobile_wallet,Kuala Lumpur,"10.791906,102.738792",29,F,2017-04-08,active,0.47,0,0,0,auto_approved,0.2286,2022
6b13a936-afaf-4921-8dc1-a46807540d4d,U001642,2022-01-09 21:19:56,21:19:56,683871.1,cash_withdrawal,M00213,VND,success,atm,D000742,60.29.58.82,debit_card,Da Nang,"10.814458,102.276634",50,F,2016-07-19,active,0.9,0,0,0,auto_approved,0.0411,2022
5fd65127-b917-4586-a786-04d10e674804,U000844,2022-04-07 09:49:55,09:49:55,1218894.08,transfer,M00156,VND,success,atm,D001107,133.151.151.118,mobile_wallet,Ho Chi Minh City,"14.124812,105.098561",32,F,2014-05-21,active,0.93,0,0,0,auto_approved,0.1621,2022
6971353c-5818-48d5-9556-af129e8c4f77,U000873,2022-10-23 21:14:41,21:14:41,247585.36,cash_withdrawal,M00401,VND,success,desktop,D002360,147.165.111.135,mobile_wallet,Kuala Lumpur,"18.519348,102.904289",49,M,2018-01-11,active,0.87,0,0,0,auto_approved,0.0173,2022
e62409ee-0028-4e0b-bf58-f4787cb62b51,U001155,2022-08-24 22:42:22,22:42:22,180516.7,purchase,M00216,USD,success,pos,D000154,62.231.178.254,bank_transfer,Bangkok,"13.366193,105.284261",31,M,2019-06-14,active,0.84,0,0,0,auto_approved,0.14,2022
28909bfb-7f4e-4c2d-a15e-9cdd73a7066c,U001144,2022-06-18 17:31:56,17:31:56,702630.61,bill_payment,M00363,VND,success,pos,D001107,63.18.105.104,bank_transfer,Da Nang,"13.287498,105.464187",70,M,2020-08-03,active,0.52,1,0,0,auto_approved,0.2978,2022
2aaa8778-6290-4501-8665-ceade7d5291f,U001406,2022-02-06 19:09:04,19:09:04,169661.79,online_payment,M00168,USD,success,pos,D000607,227.211.38.186,bank_transfer,Singapore,"20.040677,105.068064",28,M,2018-11-19,active,0.54,0,0,0,auto_approved,0.2303,2022
c4274f3f-32d6-4d47-a3c1-ebbada21a66c,U001272,2022-06-22 14:58:21,14:58:21,346479.57,bill_payment,M00151,USD,success,mobile,D000290,160.249.78.250,credit_card,Singapore,"14.184052,105.970708",24,F,2019-07-18,active,0.9,0,0,0,auto_approved,0.2479,2022
3175613e-9642-43eb-825c-e99b7142e2d5,U001897,2022-01-09 21:35:30,21:35:30,436211.23,cash_withdrawal,M00135,VND,success,mobile,D000781,245.29.244.65,mobile_wallet,Singapore,"11.251005,107.373067",24,M,2018-03-16,active,0.91,0,0,0,auto_approved,0.1798,2022
a8612024-2b5c-4782-9d5e-3a4219fbf8db,U000545,2022-09-30 16:22:44,16:22:44,757809.16,purchase,M00079,USD,pending,pos,D000165,71.39.122.73,bank_transfer,Kuala Lumpur,"8.028141,104.737182",53,F,2015-12-12,under_review,0.79,0,0,0,auto_approved,0.4425,2022
568070ac-25c1-4c66-ad9a-cdd2b6c62b13,U000998,2022-06-10 17:45:03,17:45:03,272320.36,transfer,M00180,USD,success,mobile,D002855,242.81.57.51,bank_transfer,Da Nang,"19.618821,107.952717",21,F,2017-03-03,active,0.45,1,0,0,auto_approved,0.5404,2022
371e355b-252d-4ee2-b759-91211d57401b,U000300,2022-01-10 02:29:48,02:29:48,108846.26,purchase,M00269,USD,success,mobile,D000142,118.61.86.207,debit_card,Singapore,"17.688299,104.282826",37,F,2015-09-24,active,0.65,0,0,0,auto_approved,0.3157,2022
f6661260-b180-4564-b736-f5156a074c3e,U000997,2022-12-02 03:17:33,03:17:33,1080685.54,transfer,M00448,USD,success,mobile,D000929,96.141.201.146,credit_card,Hanoi,"8.828388,104.955597",66,F,2015-06-14,under_review,0.52,0,0,0,auto_approved,0.3787,2022
3cb79686-7e63-4e5c-925d-5c4120b432f3,U001373,2022-09-06 08:28:46,08:28:46,1598705.93,transfer,M00446,USD,success,desktop,D001672,255.136.2.80,bank_transfer,Singapore,"9.852067,102.679069",58,M,2017-04-21,active,0.63,0,0,0,auto_approved,0.321,2022
4ec1af78-f0fa-408f-88ea-29ab095b1032,U000349,2022-11-14 04:14:49,04:14:49,1776989.48,purchase,M00146,VND,success,pos,D001258,44.21.133.113,bank_transfer,Ho Chi Minh City,"12.944319,108.459386",47,F,2018-06-18,active,0.47,0,0,0,auto_approved,0.0596,2022
0f20ac90-c9bc-4eec-b4b7-d3d000c22932,U000434,2022-02-01 01:39:39,01:39:39,296949.09,transfer,M00056,VND,success,atm,D002832,74.44.59.34,mobile_wallet,Kuala Lumpur,"8.853371,103.000354",41,F,2017-01-25,active,0.83,0,0,0,auto_approved,0.068,2022
d3bf3b35-5129-493f-ab73-e963f1fe5ecb,U000371,2022-09-07 22:14:19,22:14:19,517757.21,cash_withdrawal,M00378,USD,success,atm,D000730,163.164.219.208,bank_transfer,Bangkok,"10.199775,105.021967",38,F,2018-10-10,active,0.9,0,0,0,auto_approved,0.0459,2022
f53c20c8-80d4-4b7f-a8e5-218af806962a,U001240,2022-02-19 12:15:57,12:15:57,415483.05,transfer,M00002,VND,success,desktop,D002377,139.199.27.87,mobile_wallet,Singapore,"13.832225,108.023906",53,F,2019-12-11,active,0.74,0,0,0,auto_approved,0.3815,2022
4ea696ac-728d-4a97-ace1-05effb216812,U001104,2022-06-21 23:13:49,23:13:49,22527.45,transfer,M00461,VND,success,pos,D001860,93.229.165.17,debit_card,Da Nang,"20.030485,102.572592",63,M,2017-05-02,active,0.77,1,0,0,auto_approved,0.1071,2022
6838db19-6624-4eac-892e-65165a13d89e,U000389,2022-05-27 04:30:37,04:30:37,344408.76,purchase,M00020,USD,success,desktop,D002719,240.232.188.112,mobile_wallet,Da Nang,"14.959539,104.205515",25,F,2014-12-26,active,0.51,1,0,0,auto_approved,0.2493,2022
8508b723-3439-4761-aed7-02a62dae413c,U000270,2022-03-06 10:27:57,10:27:57,1032584.28,transfer,M00292,USD,success,atm,D002659,191.229.140.173,bank_transfer,Bangkok,"11.658739,105.475755",56,F,2014-02-18,active,0.78,0,0,0,auto_approved,0.3757,2022
dec423ee-1032-41ae-a031-4810a6f39c04,U001319,2022-02-02 03:01:37,03:01:37,1674293.37,online_payment,M00342,USD,success,desktop,D000864,113.217.216.120,credit_card,Hanoi,"16.541981,107.315198",44,M,2015-02-23,active,0.66,0,0,0,auto_approved,0.2152,2022
b1397c97-6a8d-4cc6-8c23-e1304f559bb5,U001880,2022-02-11 18:53:53,18:53:53,295666.24,bill_payment,M00083,USD,success,pos,D002225,79.11.54.42,credit_card,Kuala Lumpur,"16.119313,103.291149",53,M,2019-12-15,active,0.58,0,0,0,auto_approved,0.3519,2022
92d8ccca-fb8e-496c-bde8-3cda58045936,U001926,2022-01-04 15:25:25,15:25:25,1490452.44,bill_payment,M00020,VND,failed,mobile,D001496,140.239.134.183,debit_card,Bangkok,"13.412404,105.359349",49,F,2015-01-04,active,0.67,0,0,0,auto_approved,0.2392,2022
9e18ad8a-bf24-4c37-9ef7-eada16600293,U000798,2022-01-26 11:57:30,11:57:30,807032.16,online_payment,M00185,USD,success,mobile,D002291,172.85.192.71,debit_card,Bangkok,"20.566331,103.7051",39,F,2019-10-12,blocked,0.82,0,0,0,auto_approved,0.0899,2022
50cc32cc-54fd-44f6-a442-b5069319f157,U001914,2022-11-14 13:12:33,13:12:33,794055.48,transfer,M00255,USD,success,desktop,D001220,188.188.24.49,debit_card,Hanoi,"17.603381,103.328995",30,M,2021-05-26,active,0.87,0,0,0,auto_approved,0.3781,2022
e55a9929-0e17-4ae3-88ea-0785d9dba46f,U000368,2022-08-19 16:24:36,16:24:36,976149.91,online_payment,M00026,USD,success,atm,D000596,9.181.167.135,bank_transfer,Kuala Lumpur,"21.895286,107.857916",25,F,2014-07-20,active,1.0,0,0,0,auto_approved,0.3759,2022
1aad7e78-4249-484f-8b5b-1612bcf26e23,U001836,2022-02-23 07:11:19,07:11:19,339204.8,bill_payment,M00198,VND,success,desktop,D000221,183.77.128.3,bank_transfer,Hanoi,"10.066085,105.040729",66,F,2014-01-09,active,0.85,0,0,0,auto_approved,0.1115,2022
16e9459e-f1a9-4d70-8633-76c66c6cd4c5,U001485,2022-08-01 05:14:37,05:14:37,444975.37,cash_withdrawal,M00086,VND,success,mobile,D000396,247.227.23.212,debit_card,Kuala Lumpur,"16.100734,106.958606",37,M,2015-07-13,active,0.56,0,0,0,auto_approved,0.2907,2022
c108ef31-66cb-4da0-bacc-11b3d5c6350e,U000933,2022-08-13 23:33:14,23:33:14,67805.79,bill_payment,M00410,VND,success,atm,D000449,25.71.251.4,bank_transfer,Hanoi,"13.749637,107.630813",24,F,2022-03-02,active,1.0,0,0,0,auto_approved,0.3973,2022
f1cc2274-4f8a-43e8-972e-c31047c9ed8c,U000753,2022-08-21 22:15:58,22:15:58,288329.95,online_payment,M00391,USD,success,desktop,D000762,64.211.219.180,bank_transfer,Singapore,"8.392908,105.981426",67,F,2021-04-29,active,0.59,0,0,0,auto_approved,0.3772,2022
5eb5dfa5-ecd5-41f9-962c-0d4e4f5f6752,U001016,2022-06-30 15:14:42,15:14:42,255683.99,cash_withdrawal,M00101,USD,success,desktop,D001157,197.177.141.216,bank_transfer,Ho Chi Minh City,"17.30862,107.712875",62,M,2021-10-03,active,0.67,0,1,1,pending_review,0.4263,2022
8780017e-fc6d-472c-9092-c7c02e4b4b3f,U001973,2022-09-11 18:15:22,18:15:22,262791.66,cash_withdrawal,M00113,VND,success,pos,D001098,104.229.42.34,bank_transfer,Da Nang,"13.239832,105.582365",33,F,2021-08-13,active,0.58,0,0,0,auto_approved,0.4127,2022
f61a4f18-d52f-44b3-a8de-8022963d1209,U001886,2022-06-08 18:47:29,18:47:29,1458396.93,purchase,M00464,VND,success,desktop,D000072,8.198.79.46,credit_card,Da Nang,"8.215145,108.195855",33,M,2019-02-15,active,0.68,0,0,0,auto_approved,0.2337,2022
242f1a87-fc5b-452e-85fc-08a5b18851b6,U001253,2022-09-17 23:59:50,23:59:50,86717.3,cash_withdrawal,M00378,USD,success,desktop,D002956,180.74.64.137,bank_transfer,Da Nang,"18.996925,103.230271",41,M,2017-10-14,active,0.54,0,0,0,auto_approved,0.1943,2022
fadb1126-e1c2-4e0e-9e63-61f134588c56,U000802,2022-03-07 21:17:37,21:17:37,1204176.59,bill_payment,M00207,USD,success,desktop,D001246,240.138.42.134,bank_transfer,Singapore,"21.343892,108.79787",56,M,2019-08-08,active,0.81,0,0,0,auto_approved,0.1426,2022
d85cccff-21ce-4a2d-be30-a46088c83545,U000268,2022-06-20 14:30:39,14:30:39,18117.38,cash_withdrawal,M00460,USD,success,atm,D001925,165.78.85.36,credit_card,Da Nang,"8.945079,106.885648",52,F,2016-05-18,active,0.75,1,1,0,auto_approved,0.3035,2022
089fc8d6-bbd0-48af-870c-b149fadee4bc,U001041,2022-12-01 11:32:34,11:32:34,103023.91,purchase,M00222,USD,success,atm,D002592,33.21.248.70,bank_transfer,Bangkok,"10.471154,108.866936",37,F,2021-07-13,active,0.62,0,0,0,auto_approved,0.3594,2022
59d43ee7-3015-4fbb-8b97-185480440fdf,U001110,2022-06-29 21:00:27,21:00:27,174753.72,cash_withdrawal,M00025,VND,success,desktop,D002191,171.143.252.132,debit_card,Kuala Lumpur,"10.84675,103.019417",54,M,2018-02-07,active,0.6,0,0,0,auto_approved,0.3403,2022
40360d9b-a3f1-4cea-aa67-0b90b2412587,U000044,2022-12-24 14:25:57,14:25:57,739159.84,purchase,M00425,USD,success,mobile,D001672,79.96.97.151,bank_transfer,Da Nang,"8.72368,106.509429",37,M,2021-08-04,active,0.52,0,0,0,auto_approved,0.3335,2022
1a50de83-70f7-4a4c-a2b5-e794cc525358,U000847,2022-11-13 04:47:20,04:47:20,89841.79,transfer,M00128,VND,failed,atm,D002673,100.122.168.26,debit_card,Bangkok,"11.5236,105.321467",63,M,2022-03-25,active,0.67,0,0,0,auto_approved,0.305,2022
ecbf10d8-436c-4bcc-a759-826b095fbda3,U001339,2022-09-23 13:01:47,13:01:47,472018.1,transfer,M00172,VND,success,atm,D001713,82.111.58.190,debit_card,Kuala Lumpur,"21.946506,102.08456",45,F,2016-05-19,active,0.71,0,0,0,auto_approved,0.0929,2022
2f623a75-545c-4758-9b06-ee7cd757470f,U001377,2022-12-27 03:12:43,03:12:43,162855.74,cash_withdrawal,M00038,VND,success,pos,D001877,159.132.194.105,debit_card,Singapore,"10.748776,106.089947",60,M,2016-01-07,active,0.67,1,0,0,auto_approved,0.2759,2022
ef9dbb2d-a67e-4263-8721-8cc880d82dd5,U000135,2022-07-20 07:53:39,07:53:39,1939418.59,purchase,M00405,VND,success,pos,D000498,225.86.245.152,mobile_wallet,Hanoi,"13.433181,104.932713",50,M,2014-11-21,active,0.98,0,0,0,auto_approved,0.4417,2022
a684ca89-6a15-43c5-8a02-f0b84e984d35,U001706,2022-03-12 04:53:19,04:53:19,173508.7,purchase,M00442,USD,success,atm,D002275,77.151.81.57,mobile_wallet,Bangkok,"14.973989,104.960132",34,M,2018-06-29,active,0.89,0,0,0,auto_approved,0.4253,2022
5e46fee0-af4b-4067-a652-94e438e3a4d5,U000138,2022-06-12 21:35:42,21:35:42,491710.37,online_payment,M00266,USD,success,mobile,D001000,45.114.161.178,credit_card,Da Nang,"20.299855,106.392492",24,F,2019-08-11,active,0.47,0,0,0,auto_approved,0.1171,2022
6df2adaa-3b76-4784-bfda-4290f53dce7b,U001376,2022-01-28 19:55:20,19:55:20,615082.34,bill_payment,M00336,VND,success,desktop,D000402,29.178.197.37,bank_transfer,Singapore,"21.837553,105.624076",61,F,2018-07-17,active,0.84,0,0,0,auto_approved,0.325,2022
5fa13315-031e-4c74-8d18-117456f4a1fe,U000214,2022-05-06 03:26:14,03:26:14,236582.71,transfer,M00061,VND,success,desktop,D001008,169.37.113.204,bank_transfer,Bangkok,"21.112081,102.266315",68,F,2018-11-29,active,0.53,1,0,0,auto_approved,0.2328,2022
e95131ad-51d0-4050-897b-a100966eab05,U001444,2022-05-18 11:09:57,11:09:57,393271.09,cash_withdrawal,M00042,USD,success,mobile,D000608,146.129.2.193,mobile_wallet,Bangkok,"21.61392,103.325235",38,F,2018-10-18,active,0.62,0,0,0,auto_approved,0.2527,2022
b6d4ea8c-7887-4fcd-85ec-7f1adf68d65e,U000291,2022-06-26 15:34:26,15:34:26,1392727.11,cash_withdrawal,M00402,USD,success,mobile,D002019,62.138.242.195,mobile_wallet,Singapore,"21.210258,108.757318",39,F,2016-11-03,active,0.76,0,0,0,auto_approved,0.1035,2022
8280b726-7d48-4946-b554-8c76b0e75516,U000036,2022-02-01 15:12:48,15:12:48,121720.99,cash_withdrawal,M00485,USD,success,atm,D000048,42.175.224.157,credit_card,Ho Chi Minh City,"13.948346,104.439367",58,M,2018-09-23,active,0.49,0,0,0,auto_approved,0.4437,2022
f05dd09e-e031-4c2c-9297-0e993453a408,U001663,2022-12-18 03:26:38,03:26:38,2077284.36,transfer,M00086,VND,success,atm,D000047,235.163.250.40,bank_transfer,Da Nang,"13.964459,104.393348",55,M,2017-06-23,active,0.54,0,0,0,auto_approved,0.012,2022
f07bc348-3f10-4a28-8d97-c8e9ec74f27b,U001471,2022-06-27 11:04:26,11:04:26,364950.49,online_payment,M00147,USD,success,desktop,D001737,18.176.161.35,credit_card,Bangkok,"16.677866,102.937521",27,F,2018-12-07,active,0.66,0,0,0,auto_approved,0.3398,2022
81a1e86e-3bfb-4ce2-9505-a1fe53865dfe,U000712,2022-06-07 11:11:40,11:11:40,487074.46,purchase,M00127,USD,success,desktop,D002965,163.195.197.72,bank_transfer,Kuala Lumpur,"10.958965,104.610028",67,F,2016-11-27,active,0.58,0,0,0,auto_approved,0.0881,2022
bcc492cb-31b3-46cb-97b4-bc4841321fb8,U000412,2022-04-03 08:22:16,08:22:16,385.84,transfer,M00188,USD,success,pos,D000505,58.151.172.222,mobile_wallet,Hanoi,"17.522375,104.618287",47,M,2014-08-27,active,0.59,0,0,0,auto_approved,0.4268,2022
8ceec37c-18b3-4ef4-8c29-0a8ea4a5aee3,U000341,2022-06-07 04:50:28,04:50:28,446618.88,bill_payment,M00456,VND,success,atm,D001823,100.40.74.140,mobile_wallet,Bangkok,"20.639189,108.927726",27,F,2020-10-22,active,0.68,0,0,0,auto_approved,0.1789,2022
66268541-e7ab-4c93-b8db-aac6450d767b,U000691,2022-07-16 14:25:40,14:25:40,764342.59,purchase,M00429,VND,success,desktop,D001719,52.17.59.167,debit_card,Hanoi,"15.990636,107.921774",25,M,2021-05-23,active,0.66,0,0,0,auto_approved,0.1108,2022
b495e77b-10ac-4d28-85ca-bae2bfce7ad5,U001992,2022-05-11 17:24:26,17:24:26,261884.62,online_payment,M00324,VND,success,pos,D002050,65.213.61.114,mobile_wallet,Kuala Lumpur,"11.434251,103.793234",56,F,2015-01-31,under_review,0.76,0,0,0,auto_approved,0.3341,2022
35af624f-b68d-4c2b-9c89-0eb1dbd68f67,U000597,2022-07-15 15:18:37,15:18:37,166377.69,bill_payment,M00048,USD,success,desktop,D000145,48.158.71.204,bank_transfer,Singapore,"8.343969,106.715984",31,M,2014-10-15,active,0.59,0,0,0,auto_approved,0.3431,2022
19e58499-77ba-4bc8-ab60-ed6a5b105740,U000812,2022-05-21 21:59:28,21:59:28,316749.9,transfer,M00340,USD,success,mobile,D002949,43.111.113.87,credit_card,Singapore,"13.733934,102.772976",40,M,2018-10-03,active,0.74,0,0,0,auto_approved,0.3482,2022
d4e33903-21a5-488b-8f16-78c21b9ba943,U001884,2022-04-14 07:21:05,07:21:05,382677.96,cash_withdrawal,M00220,USD,success,desktop,D000385,210.79.190.128,credit_card,Hanoi,"21.489239,104.547222",47,M,2015-01-19,active,0.77,0,0,0,auto_approved,0.127,2022
a826ce4c-5865-4244-94bd-d49c0fdd88fa,U000595,2022-10-14 05:51:59,05:51:59,675142.59,bill_payment,M00137,VND,success,mobile,D001060,68.155.9.68,debit_card,Ho Chi Minh City,"11.496632,102.624164",30,F,2022-05-18,active,0.54,0,0,0,auto_approved,0.0454,2022
a78d2378-1d48-4950-8abf-9c460bad24d7,U001104,2022-08-22 20:03:49,20:03:49,125172.69,transfer,M00443,VND,success,pos,D002207,67.27.129.251,credit_card,Hanoi,"8.174206,102.730497",42,M,2019-03-23,active,0.79,0,0,0,auto_approved,0.2971,2022
1d418d0a-f725-4cb9-86cd-ef7f22cdbd48,U001755,2022-06-18 04:27:27,04:27:27,554243.48,purchase,M00230,VND,failed,pos,D000982,94.53.178.146,mobile_wallet,Ho Chi Minh City,"12.817163,105.52105",29,F,2016-06-26,under_review,0.93,0,0,0,auto_approved,0.0416,2022
90cba298-466b-426a-b46c-2379e02f7555,U000739,2022-07-11 13:17:20,13:17:20,890143.25,bill_payment,M00237,USD,success,pos,D001775,80.204.124.61,mobile_wallet,Hanoi,"10.988296,102.445995",31,M,2018-11-22,active,0.67,0,1,0,auto_approved,0.4828,2022
0fd4ebb0-f4c7-4525-b4bf-679436079cf1,U000504,2022-03-17 14:13:53,14:13:53,129312.09,online_payment,M00103,USD,success,atm,D002176,44.111.249.31,credit_card,Da Nang,"19.552651,105.95503",66,M,2017-08-22,active,0.89,0,0,0,auto_approved,0.2512,2022
12fe873a-f3f3-4935-9828-5e134fe7e5ae,U000219,2022-04-07 16:57:12,16:57:12,641986.29,bill_payment,M00025,USD,success,atm,D002438,146.235.71.240,bank_transfer,Da Nang,"17.927859,107.231587",18,F,2021-03-05,active,0.69,0,0,0,auto_approved,0.2623,2022
fe2c139d-0884-4c91-83a3-4271eb426a98,U001094,2022-10-21 21:22:53,21:22:53,366165.9,bill_payment,M00392,VND,success,mobile,D000159,198.180.204.216,bank_transfer,Bangkok,"13.089996,108.767621",33,M,2020-03-10,active,0.46,3,1,0,auto_approved,0.469,2022
ee727e4d-08fe-4bba-99ef-d146bb4b05c9,U000571,2022-09-08 08:37:29,08:37:29,57347.43,bill_payment,M00097,USD,success,atm,D000039,208.168.111.93,bank_transfer,Hanoi,"15.191319,107.065505",51,F,2021-03-30,active,0.54,0,0,0,auto_approved,0.0364,2022
9ce33577-cc3e-4880-842b-19a3f75283fd,U000955,2022-06-02 09:24:10,09:24:10,687961.45,cash_withdrawal,M00467,VND,success,atm,D001814,33.101.10.152,bank_transfer,Singapore,"21.866858,106.384387",30,F,2017-09-16,active,0.92,0,0,0,auto_approved,0.1591,2022
acdd980a-79d5-4e5c-b2cd-fb69f0c7f388,U000083,2022-02-09 07:29:02,07:29:02,810672.43,cash_withdrawal,M00328,VND,success,atm,D001083,28.223.211.39,credit_card,Kuala Lumpur,"20.972477,105.480001",69,F,2014-12-05,active,0.67,0,0,0,auto_approved,0.1377,2022
936bc0a0-a6c2-49f0-aec0-522396710508,U000319,2022-10-29 16:21:58,16:21:58,1000988.89,bill_payment,M00195,USD,success,mobile,D000728,97.109.194.253,credit_card,Bangkok,"12.5889,105.889032",70,M,2021-03-31,active,0.82,1,1,0,auto_approved,0.4833,2022
96efe86a-5f99-4d21-83f8-fb714806413e,U000369,2022-08-24 10:28:23,10:28:23,266956.1,transfer,M00152,VND,success,atm,D001266,168.126.138.120,credit_card,Ho Chi Minh City,"12.095936,105.174394",29,M,2019-08-20,blocked,0.61,0,0,0,auto_approved,0.2437,2022
a7be23aa-b252-44d8-a3f5-34217a8d8c7d,U001904,2022-12-30 03:30:00,03:30:00,2089907.86,online_payment,M00090,USD,success,atm,D001413,22.97.41.161,mobile_wallet,Da Nang,"18.106703,103.219431",61,F,2019-02-11,active,0.48,0,0,0,auto_approved,0.1513,2022
945a60bf-bb10-4af8-9069-2c82250b3eec,U000659,2022-04-03 10:06:31,10:06:31,123998.86,bill_payment,M00297,USD,success,pos,D001150,15.66.142.233,bank_transfer,Singapore,"9.142239,106.324853",55,M,2019-10-15,active,0.84,0,0,0,auto_approved,0.3257,2022
b29bbe13-adfe-4a33-a254-193f3736497b,U001719,2022-12-18 02:49:34,02:49:34,27458.95,transfer,M00457,VND,success,desktop,D002507,121.242.162.180,credit_card,Da Nang,"8.111927,104.776797",70,F,2020-09-08,active,0.81,0,1,0,auto_approved,0.5878,2022
27591d89-2304-4673-9276-79eb118ef596,U000692,2022-02-04 03:56:42,03:56:42,418678.21,purchase,M00217,VND,success,mobile,D001882,252.46.144.249,debit_card,Kuala Lumpur,"13.801495,103.24255",43,M,2017-06-21,active,0.8,0,0,0,auto_approved,0.4338,2022
8bb6f01b-e550-4a94-9648-310c510b9050,U000071,2022-07-13 00:41:16,00:41:16,331049.52,online_payment,M00411,USD,success,atm,D000874,206.10.127.39,credit_card,Bangkok,"16.206248,104.474503",35,M,2018-09-15,active,0.97,0,0,0,auto_approved,0.0253,2022
bad68592-1b98-44c9-bffd-9481367db101,U000183,2022-10-13 07:13:37,07:13:37,1190782.83,transfer,M00301,VND,success,mobile,D002603,152.250.134.60,debit_card,Kuala Lumpur,"16.93485,108.313506",68,M,2015-04-22,active,0.65,0,1,0,auto_approved,0.4662,2022
6b0af74e-710e-4d9e-86c9-c8f97e4891f5,U000880,2022-08-25 23:12:51,23:12:51,1228363.18,cash_withdrawal,M00497,VND,success,mobile,D001225,156.31.217.32,credit_card,Kuala Lumpur,"21.404972,104.963525",70,M,2020-06-22,active,0.87,0,0,0,auto_approved,0.1487,2022
6b08027b-3423-4245-b937-faf47dabd371,U000227,2022-01-20 19:10:41,19:10:41,157983.34,bill_payment,M00365,USD,success,atm,D001557,73.162.141.66,mobile_wallet,Singapore,"15.852441,106.94567",64,M,2019-07-31,active,0.92,1,0,0,auto_approved,0.3784,2022
59dd51ee-f118-4872-b0b1-16f0c668f677,U000556,2022-02-09 17:08:30,17:08:30,321865.71,cash_withdrawal,M00259,VND,pending,mobile,D002622,233.94.183.99,mobile_wallet,Singapore,"18.106794,106.942797",39,M,2016-07-01,active,0.79,0,0,0,auto_approved,0.2367,2022
bbb35d65-d57d-4934-824a-775254bf228a,U000595,2022-07-26 10:18:47,10:18:47,2019209.91,purchase,M00148,VND,success,pos,D000890,84.20.197.102,debit_card,Bangkok,"20.492449,106.763397",24,M,2014-07-16,active,0.69,2,1,1,pending_review,0.3341,2022
11a85f19-1e23-4793-909f-9754975b95fb,U001133,2022-07-13 05:41:02,05:41:02,391542.69,online_payment,M00188,USD,pending,atm,D001292,21.95.111.225,mobile_wallet,Ho Chi Minh City,"16.27572,106.288866",65,F,2020-02-20,active,0.85,0,0,0,auto_approved,0.3994,2022
d1090978-7b8f-4733-8a33-f282622aed40,U001729,2022-08-04 22:22:40,22:22:40,1104441.37,online_payment,M00022,VND,success,atm,D002969,159.187.251.166,credit_card,Kuala Lumpur,"20.468342,108.602148",47,F,2017-12-16,active,0.54,0,0,0,auto_approved,0.0151,2022
6b1f0be2-bd8a-49f4-8242-b2101c3755b7,U001347,2022-05-31 21:53:08,21:53:08,939740.04,cash_withdrawal,M00001,USD,failed,desktop,D002703,35.105.245.129,credit_card,Hanoi,"14.644114,102.408354",39,M,2021-07-22,active,0.95,0,0,0,auto_approved,0.0691,2022
c3c67ec8-c283-4dc6-9767-d8899ef79ae5,U001276,2022-05-27 16:39:38,16:39:38,26432.99,bill_payment,M00145,VND,success,desktop,D002963,10.57.237.105,debit_card,Ho Chi Minh City,"16.375003,108.567809",42,M,2019-08-19,active,0.91,0,0,0,auto_approved,0.3267,2022
e0fc5675-c15a-422c-a447-455d5bada4fe,U001843,2022-01-30 22:31:23,22:31:23,637830.37,cash_withdrawal,M00372,USD,success,mobile,D001887,116.159.62.170,credit_card,Singapore,"12.960692,108.553883",29,M,2014-11-01,active,0.69,0,0,0,auto_approved,0.1614,2022
88324b70-7dc2-494b-9f0e-372d8bdd5ed3,U001341,2022-11-27 04:37:27,04:37:27,1561319.01,cash_withdrawal,M00032,VND,success,desktop,D001233,62.54.225.250,mobile_wallet,Singapore,"13.564722,107.281874",51,M,2021-02-13,active,0.55,0,0,0,auto_approved,0.4244,2022
7418270f-2c24-4d89-9990-b776eec170e3,U001418,2022-09-22 08:58:53,08:58:53,174700.0,cash_withdrawal,M00337,USD,success,pos,D000523,154.241.111.145,credit_card,Kuala Lumpur,"10.503159,103.194023",33,M,2016-02-09,active,0.65,1,1,0,auto_approved,0.4212,2022
0880dda4-4e83-479c-89ad-23bc2a1d04f0,U000929,2022-08-08 09:41:43,09:41:43,396157.47,transfer,M00179,USD,success,atm,D000556,66.102.74.137,bank_transfer,Da Nang,"9.280739,108.886497",67,M,2018-12-30,active,0.66,0,0,0,auto_approved,0.3671,2022
c698a886-ccd7-4420-abf1-ecea94924e84,U001149,2022-11-29 05:37:42,05:37:42,463883.19,online_payment,M00089,USD,success,mobile,D001064,67.53.103.201,credit_card,Kuala Lumpur,"21.236484,107.175883",63,M,2020-09-19,under_review,0.88,2,1,0,auto_approved,0.5308,2022
05e0114a-1873-44f5-bed4-6ebfb46df2f0,U000089,2022-06-20 04:18:47,04:18:47,1422002.61,cash_withdrawal,M00372,USD,success,mobile,D000946,39.192.7.107,credit_card,Ho Chi Minh City,"18.959799,103.07117",44,F,2019-02-24,active,0.91,0,0,0,auto_approved,0.0227,2022
0a4d683d-e7fc-4815-9558-780263fa7ab6,U001835,2022-06-01 17:53:44,17:53:44,1488672.53,transfer,M00371,VND,success,mobile,D001175,92.143.203.155,bank_transfer,Bangkok,"10.177593,102.357497",36,F,2014-04-19,active,0.54,0,0,0,auto_approved,0.1368,2022
c3d613b5-1b71-4500-87f4-a051b998444e,U001055,2022-10-17 11:12:44,11:12:44,470329.38,purchase,M00440,USD,success,atm,D000081,92.141.59.76,mobile_wallet,Bangkok,"8.469271,105.473654",52,F,2021-06-22,blocked,0.71,1,0,0,auto_approved,0.5554,2022
e62cad00-9484-4030-a2c2-2f3ea6b6292c,U000808,2022-01-04 01:32:08,01:32:08,399411.65,cash_withdrawal,M00336,VND,success,pos,D001611,7.171.140.241,bank_transfer,Singapore,"21.266755,108.172489",51,F,2019-08-11,active,0.64,2,1,1,pending_review,0.3164,2022
0b97b7a0-c9f8-46c7-a590-dea82670a818,U001176,2022-05-21 13:22:22,13:22:22,182029.38,purchase,M00246,USD,success,desktop,D002140,109.97.222.104,bank_transfer,Kuala Lumpur,"17.070611,105.440241",68,M,2018-12-04,active,0.78,0,0,0,auto_approved,0.059,2022
9ee419c4-01ce-4b54-ab22-983370778fd9,U000889,2022-03-08 05:13:08,05:13:08,419745.84,purchase,M00313,VND,success,atm,D002527,97.149.114.195,debit_card,Ho Chi Minh City,"17.469652,102.435893",62,M,2015-03-07,active,0.68,0,0,0,auto_approved,0.0919,2022
2a2560b4-78a8-46ca-a64f-b3ad9b33bcc2,U000293,2022-11-09 12:29:18,12:29:18,232917.68,online_payment,M00141,VND,success,pos,D002702,162.208.107.252,debit_card,Da Nang,"11.809513,104.463905",25,M,2018-07-10,active,0.6,0,0,0,auto_approved,0.2748,2022
00d3678e-422c-4884-8cec-b1d6c96e8c02,U000319,2022-10-08 05:47:25,05:47:25,364153.41,cash_withdrawal,M00354,VND,pending,atm,D002531,41.108.250.80,bank_transfer,Bangkok,"14.67286,104.995882",69,M,2022-08-07,active,0.7,0,0,0,auto_approved,0.1544,2022
e6ae5d1c-870a-43f3-b9a2-11c7ca0952db,U000683,2022-07-14 01:41:00,01:41:00,72978.36,bill_payment,M00136,VND,success,mobile,D002438,22.208.114.200,debit_card,Da Nang,"19.239069,105.34153",47,F,2021-05-10,active,0.62,0,0,0,auto_approved,0.1314,2022
97f723b1-6d47-45d9-8926-e4ec7fbfde48,U001554,2022-04-02 01:19:47,01:19:47,580216.77,purchase,M00345,USD,success,pos,D001187,63.72.84.135,credit_card,Singapore,"21.266908,106.835235",30,F,2018-04-26,active,0.72,0,1,0,auto_approved,0.3801,2022
ba374f3c-5ccc-47f1-90b7-315109a10d92,U000884,2022-04-17 17:26:22,17:26:22,1319230.07,online_payment,M00312,VND,success,mobile,D002149,54.99.16.202,debit_card,Hanoi,"12.152476,107.302572",37,F,2018-11-23,active,0.62,0,0,0,auto_approved,0.124,2022
1e0030a3-9217-4708-868e-93f5c9a72bfe,U000351,2022-08-05 11:00:08,11:00:08,816253.08,cash_withdrawal,M00354,VND,success,mobile,D000859,71.243.82.185,bank_transfer,Hanoi,"8.663345,106.377139",58,M,2015-02-01,active,0.99,2,1,0,auto_approved,0.4915,2022
146fe800-879c-48ce-8db9-d314d0662a91,U001040,2022-10-30 05:06:13,05:06:13,351702.3,bill_payment,M00433,USD,success,pos,D000678,88.229.206.95,bank_transfer,Kuala Lumpur,"10.806063,105.272443",63,M,2016-09-30,active,0.64,1,0,0,auto_approved,0.5049,2022
f6a14c76-caea-4207-9049-0ded1f83201d,U000505,2022-12-12 07:38:30,07:38:30,186452.8,online_payment,M00415,VND,success,desktop,D001177,95.124.124.148,debit_card,Da Nang,"10.985179,104.921525",68,F,2022-05-27,active,0.69,0,0,0,auto_approved,0.3102,2022
324aa765-f2fc-4cac-9e4a-a5cda98a00a0,U001613,2022-01-15 01:45:32,01:45:32,478880.88,transfer,M00049,VND,success,mobile,D001524,90.147.170.126,bank_transfer,Da Nang,"21.64466,104.430213",70,M,2014-12-31,active,0.79,0,0,0,auto_approved,0.2769,2022
1d7c709f-0276-4ca9-8982-1c63e77c43dd,U001511,2022-11-04 08:08:58,08:08:58,784789.48,online_payment,M00279,VND,success,pos,D001239,157.129.128.229,credit_card,Kuala Lumpur,"18.286763,103.776719",48,M,2021-06-22,active,0.92,0,0,0,auto_approved,0.4255,2022
79bde1d1-79e7-4407-8e92-149705d4f0ba,U001827,2022-12-14 07:20:49,07:20:49,500546.83,transfer,M00016,USD,success,pos,D001682,150.14.243.33,bank_transfer,Hanoi,"17.598151,107.750146",61,F,2021-12-20,active,0.59,0,0,0,auto_approved,0.1896,2022
9d87c817-f2c8-4d9e-a24b-df0d945003e7,U001497,2022-02-13 21:54:34,21:54:34,451265.14,purchase,M00061,VND,success,atm,D002261,178.140.33.217,bank_transfer,Ho Chi Minh City,"18.36576,104.468921",62,F,2015-01-30,active,0.46,0,0,0,auto_approved,0.4472,2022
a3841298-4a71-420a-aad0-a1ded0111759,U000465,2022-08-28 22:01:54,22:01:54,176411.76,bill_payment,M00137,USD,success,desktop,D000315,27.119.44.146,mobile_wallet,Singapore,"9.930824,107.80056",27,M,2021-12-12,active,0.59,0,0,0,auto_approved,0.3631,2022
288a054f-286e-4066-93e7-2d8d80417d6e,U000035,2022-08-16 19:38:08,19:38:08,19007.86,cash_withdrawal,M00019,USD,success,mobile,D000300,242.32.46.143,mobile_wallet,Da Nang,"13.745859,106.649117",55,M,2015-12-15,active,0.55,0,0,0,auto_approved,0.0887,2022
1fec3ec1-394b-4c85-aabb-ed6c048185fb,U000618,2022-09-27 21:21:30,21:21:30,39860.05,purchase,M00035,VND,success,mobile,D002185,117.147.65.157,bank_transfer,Kuala Lumpur,"15.436146,107.146418",34,F,2018-10-26,active,0.87,0,0,0,auto_approved,0.4248,2022
1e6fcaa0-2672-4d02-bced-119c4e480583,U000028,2022-01-21 07:04:12,07:04:12,2138011.71,bill_payment,M00483,USD,success,mobile,D000538,212.125.87.197,bank_transfer,Kuala Lumpur,"13.785071,103.6616",63,M,2018-03-18,active,0.74,0,0,0,auto_approved,0.2557,2022
21a9ecc3-6af8-4b19-b84f-5bbf0214ed33,U001871,2022-03-06 14:04:58,14:04:58,17865.76,transfer,M00112,VND,success,pos,D000302,236.55.201.75,credit_card,Hanoi,"11.139872,108.439998",35,M,2020-10-07,active,0.96,0,0,0,auto_approved,0.449,2022
ff604667-193d-46ed-8928-a5b9902908a1,U000903,2022-01-12 04:21:42,04:21:42,550487.75,transfer,M00277,VND,success,pos,D000736,164.173.94.190,bank_transfer,Da Nang,"17.968684,103.552948",27,F,2018-10-26,active,0.66,0,1,0,auto_approved,0.6317,2022
b6d11f44-3d17-436c-b396-064e85de16c0,U000749,2022-01-29 02:27:12,02:27:12,363052.18,cash_withdrawal,M00193,VND,success,desktop,D000075,119.83.108.237,credit_card,Hanoi,"11.651536,103.463741",41,F,2016-06-11,active,0.85,0,0,0,auto_approved,0.0351,2022
29170c7b-14e7-4deb-84f4-ed418c23a124,U000990,2022-09-16 20:54:27,20:54:27,1868112.21,cash_withdrawal,M00273,VND,success,mobile,D000065,163.89.21.163,credit_card,Da Nang,"14.902647,108.873264",46,F,2020-03-24,active,0.56,0,0,0,auto_approved,0.1366,2022
f48e03bb-5997-4d16-a4c7-42a852e051f1,U001854,2022-03-16 05:56:46,05:56:46,1079449.54,transfer,M00477,USD,success,atm,D001006,64.211.204.205,credit_card,Bangkok,"12.547231,106.022303",66,F,2020-01-24,blocked,0.93,0,0,0,auto_approved,0.2082,2022
1095d893-4127-4c98-b658-172323298731,U000897,2022-08-25 14:56:22,14:56:22,98306.58,bill_payment,M00275,VND,success,atm,D001092,175.24.171.121,debit_card,Da Nang,"13.192737,104.101104",29,F,2021-08-11,active,0.49,0,0,0,auto_approved,0.2308,2022
54d2f1fb-8017-4b5c-a08e-69b101d6c433,U001069,2022-03-14 09:13:03,09:13:03,1047204.69,purchase,M00487,USD,success,pos,D001810,227.112.16.32,credit_card,Singapore,"21.993708,104.790212",37,M,2021-01-22,active,0.46,0,0,0,auto_approved,0.3954,2022
b83bb7f8-af52-4cc8-94ee-9a8c74b84587,U000285,2022-07-04 00:13:10,00:13:10,160990.17,cash_withdrawal,M00159,VND,success,mobile,D001063,12.108.28.56,debit_card,Bangkok,"10.339007,107.420866",66,F,2014-06-02,active,0.84,0,0,0,auto_approved,0.0239,2022
bb02eeee-9d8d-429a-84fb-eff2a99f2668,U000347,2022-09-18 07:55:35,07:55:35,408919.07,purchase,M00209,VND,success,atm,D000002,9.255.183.10,credit_card,Ho Chi Minh City,"14.273444,105.582854",28,F,2019-03-16,active,0.91,0,0,0,auto_approved,0.1422,2022
c99f6451-44ad-449c-9918-d043ec166820,U000477,2022-05-02 21:39:55,21:39:55,229558.72,online_payment,M00423,VND,success,desktop,D000626,197.216.251.168,bank_transfer,Kuala Lumpur,"13.374067,107.71988",70,F,2016-10-13,active,0.9,0,0,0,auto_approved,0.258,2022
71b627ad-21e3-4b56-88ee-75969d1738ea,U000324,2022-11-27 20:29:12,20:29:12,68350.88,bill_payment,M00082,USD,success,atm,D000744,201.248.78.111,bank_transfer,Kuala Lumpur,"8.155757,107.215146",33,F,2016-02-21,active,0.8,0,0,0,auto_approved,0.2242,2022
55954539-6422-4018-86ec-7feb9f7fdd68,U000580,2022-03-25 16:44:52,16:44:52,88724.15,online_payment,M00194,USD,success,pos,D001175,22.94.15.145,credit_card,Da Nang,"8.169631,102.596381",50,F,2015-05-30,active,0.99,0,0,0,auto_approved,0.3216,2022
bec3e848-6d46-4278-be3a-030245618943,U001704,2022-10-29 05:26:17,05:26:17,2939302.34,transfer,M00350,VND,success,atm,D000264,64.87.84.24,bank_transfer,Ho Chi Minh City,"13.513404,108.700176",70,F,2021-04-23,active,0.68,0,0,0,auto_approved,0.2241,2022
4fcb0819-5dff-4020-9676-d997589ba2c6,U000723,2022-09-24 18:30:37,18:30:37,744600.52,transfer,M00129,VND,success,desktop,D001446,228.237.118.198,bank_transfer,Da Nang,"11.511098,108.931894",59,F,2018-02-16,active,0.53,0,0,0,auto_approved,0.192,2022
54450279-46ff-471d-ac2f-4e3d8af22bd7,U001637,2022-08-09 00:42:48,00:42:48,352197.24,bill_payment,M00022,VND,failed,mobile,D001874,14.92.205.161,bank_transfer,Da Nang,"15.669142,102.65819",51,M,2018-10-11,active,0.79,0,0,0,auto_approved,0.1462,2022
28e90cd3-937d-4e63-9525-98c9f7e8f639,U001586,2022-10-19 16:15:43,16:15:43,518220.55,transfer,M00220,USD,success,atm,D002059,108.179.184.133,credit_card,Singapore,"13.760012,107.378563",35,M,2020-07-05,active,0.81,0,0,0,auto_approved,0.0192,2022
6ca8fc7b-fef1-47b5-b1ae-8ac440543e34,U001709,2022-07-11 22:17:36,22:17:36,370141.6,cash_withdrawal,M00391,USD,success,pos,D002731,192.22.250.27,bank_transfer,Da Nang,"12.349189,102.188514",25,M,2017-01-19,active,0.61,0,0,0,auto_approved,0.4378,2022
6f543d8a-cfc6-44e7-8841-8d5535b95c40,U000933,2022-04-09 14:11:16,14:11:16,871834.42,purchase,M00117,VND,success,atm,D000469,142.122.53.192,credit_card,Singapore,"9.241827,103.045656",67,F,2015-07-10,active,0.79,0,0,0,auto_approved,0.2449,2022
adf64d59-36cb-49dd-b65e-eff783f564dc,U001154,2022-09-16 20:06:58,20:06:58,1513353.89,online_payment,M00005,USD,success,desktop,D001566,180.193.107.183,debit_card,Singapore,"10.882069,102.07181",41,F,2016-03-19,active,0.84,0,0,0,auto_approved,0.3551,2022
b862529e-cdd8-4047-865a-84c054a7ad1a,U000202,2022-05-12 13:13:29,13:13:29,386104.87,cash_withdrawal,M00063,VND,failed,mobile,D002073,59.156.209.186,bank_transfer,Ho Chi Minh City,"10.620834,107.990246",44,F,2019-02-03,active,0.47,1,0,0,auto_approved,0.438,2022
c2ebdbae-9e30-4feb-93a8-d85fcd367594,U001356,2022-01-03 21:59:08,21:59:08,1564907.55,purchase,M00289,VND,success,desktop,D001373,148.162.40.16,debit_card,Da Nang,"15.471464,106.268891",36,F,2018-12-18,active,0.46,0,0,0,auto_approved,0.2565,2022
e55c2413-1f11-4285-9765-319b499d1d44,U000210,2022-07-11 22:12:57,22:12:57,1312269.57,purchase,M00305,USD,success,mobile,D000583,158.22.128.22,bank_transfer,Singapore,"21.223178,106.289443",19,F,2018-01-29,active,0.96,0,0,0,auto_approved,0.4165,2022
25a4d141-e947-4946-ba2b-2adf9e8ad931,U000167,2022-09-27 11:16:23,11:16:23,1793900.05,purchase,M00157,VND,success,atm,D002555,205.153.185.201,bank_transfer,Ho Chi Minh City,"13.582283,102.905763",47,M,2020-09-30,active,0.83,0,0,0,auto_approved,0.0284,2022
9e77a970-85bb-4afc-9e80-8f95d95695cd,U001019,2022-12-27 17:27:41,17:27:41,42590.1,purchase,M00288,VND,failed,pos,D002153,133.109.197.83,bank_transfer,Kuala Lumpur,"18.391973,106.25322",59,M,2015-05-15,active,0.95,0,0,0,auto_approved,0.1425,2022
b6ba3dea-0eb9-4867-93c9-62e9477d3952,U001713,2022-07-13 04:28:28,04:28:28,936395.7,purchase,M00296,VND,success,desktop,D001369,45.60.114.79,bank_transfer,Bangkok,"14.882293,103.442873",64,M,2014-05-25,active,0.94,0,1,0,auto_approved,0.4438,2022
6cc49669-48b2-403c-900b-2585bcc777e1,U001496,2022-11-11 17:34:41,17:34:41,31721.8,online_payment,M00271,USD,success,mobile,D002748,171.87.2.115,credit_card,Hanoi,"17.187763,107.404709",63,F,2018-08-19,active,0.81,1,0,0,auto_approved,0.5201,2022
e830b6ce-ce37-4d9d-a180-edef46312afe,U000756,2022-04-01 12:30:04,12:30:04,1165101.91,cash_withdrawal,M00138,VND,success,pos,D000864,21.77.10.251,debit_card,Kuala Lumpur,"21.040768,103.707644",30,M,2014-05-22,active,0.56,1,0,0,auto_approved,0.4361,2022
892d0203-9891-4056-a634-b63deb5f0c20,U001800,2022-04-06 08:35:38,08:35:38,15824.31,online_payment,M00246,USD,pending,pos,D002045,1.9.48.114,mobile_wallet,Kuala Lumpur,"16.284305,104.020829",46,F,2016-10-19,active,0.85,0,0,0,auto_approved,0.0513,2022
10100018-34ad-413f-8e9a-90098b141012,U000410,2022-02-22 20:22:45,20:22:45,490555.57,cash_withdrawal,M00226,USD,success,mobile,D001690,214.187.119.128,bank_transfer,Bangkok,"17.620326,104.300249",30,M,2016-07-27,active,0.94,0,0,0,auto_approved,0.1411,2022
83b567ee-2996-4e60-bd66-73f75aea85c7,U001967,2022-11-19 13:48:30,13:48:30,145874.12,purchase,M00489,USD,success,desktop,D002930,73.131.221.89,bank_transfer,Da Nang,"14.36579,108.668564",58,M,2017-07-19,under_review,0.46,0,0,0,auto_approved,0.4149,2022
5a44d8e8-b5f6-4135-a2e2-fc184c2036d1,U000895,2022-05-27 12:41:55,12:41:55,847321.32,cash_withdrawal,M00034,USD,success,pos,D001079,164.27.0.47,mobile_wallet,Da Nang,"18.764876,108.536605",30,F,2020-04-07,active,0.73,0,0,0,auto_approved,0.2381,2022
3162646a-7de3-4da3-a748-4d6ee7250460,U001899,2022-10-28 05:20:21,05:20:21,1543261.7,online_payment,M00186,VND,success,pos,D000307,167.115.190.106,debit_card,Ho Chi Minh City,"13.285023,104.402863",59,M,2017-11-12,blocked,0.99,1,0,0,auto_approved,0.429,2022
36fca572-13c0-4235-8b63-229c519852b7,U001332,2022-12-21 21:34:47,21:34:47,1116157.41,purchase,M00449,USD,success,mobile,D000050,97.223.200.20,bank_transfer,Kuala Lumpur,"18.527934,102.254229",39,F,2018-06-21,active,0.8,0,0,0,auto_approved,0.0122,2022
5d5b2eca-1394-45ee-bfd3-875b42f6b910,U001955,2022-06-11 21:37:33,21:37:33,78879.23,cash_withdrawal,M00370,USD,success,mobile,D000799,171.174.187.34,bank_transfer,Ho Chi Minh City,"20.634365,103.058536",65,M,2020-01-28,active,0.51,0,0,0,auto_approved,0.0931,2022
069ef07a-3e26-47c2-a170-95522810676f,U000031,2022-08-31 05:09:04,05:09:04,636682.72,online_payment,M00454,VND,success,desktop,D002659,106.104.209.241,mobile_wallet,Singapore,"20.570233,104.719755",18,M,2019-08-31,active,0.84,0,0,0,auto_approved,0.1015,2022
681b56f4-843f-41df-b0e9-b2ebf5225065,U001204,2022-06-07 13:44:06,13:44:06,215829.95,bill_payment,M00077,VND,success,pos,D001604,167.171.106.68,mobile_wallet,Ho Chi Minh City,"16.800836,103.47204",60,M,2018-01-17,active,0.47,0,0,0,auto_approved,0.0901,2022
02dd6389-1be2-47e2-bca5-1f31cfe84dcc,U001684,2022-02-20 19:38:53,19:38:53,2317034.39,bill_payment,M00051,VND,success,atm,D000079,207.200.190.209,debit_card,Ho Chi Minh City,"12.48055,108.342486",68,M,2020-10-06,active,0.67,0,0,0,auto_approved,0.3947,2022
4d763152-1ef5-4e46-b994-1727d8b6b106,U000681,2022-04-22 04:31:24,04:31:24,1205517.78,bill_payment,M00426,USD,success,pos,D001595,170.233.160.135,debit_card,Kuala Lumpur,"21.465576,103.961149",64,F,2015-05-22,active,0.76,0,0,0,auto_approved,0.2396,2022
43cf21d7-66eb-4f9f-90b7-9947000c99e0,U001794,2022-09-15 22:18:05,22:18:05,1468056.49,online_payment,M00464,USD,success,pos,D000135,141.127.221.9,bank_transfer,Da Nang,"8.609442,107.143404",27,F,2019-02-05,active,0.61,0,0,0,auto_approved,0.3113,2022
7b5047af-5d09-4876-a0b5-308210f4ffc4,U000674,2022-01-11 12:49:09,12:49:09,159912.98,cash_withdrawal,M00037,VND,success,pos,D002640,105.108.18.59,credit_card,Hanoi,"9.86212,107.224466",52,F,2017-08-22,active,0.99,0,0,0,auto_approved,0.0678,2022
b08b65cc-8d0f-42f1-b001-bd96e02713c8,U001831,2022-04-28 15:16:29,15:16:29,4841796.83,bill_payment,M00439,USD,success,mobile,D002744,20.170.19.21,credit_card,Singapore,"9.615487,106.118806",52,M,2020-12-24,active,0.56,0,1,0,auto_approved,0.305,2022
72e355f6-d509-4fb8-b3b0-f750fc7059f0,U001572,2022-11-15 20:43:49,20:43:49,103614.52,purchase,M00324,VND,success,atm,D000238,228.181.217.57,mobile_wallet,Ho Chi Minh City,"18.412729,103.550869",52,M,2021-05-17,active,0.56,0,0,0,auto_approved,0.1042,2022
84394350-cd78-428e-90ef-37bb59a0c16d,U000967,2022-06-26 22:47:48,22:47:48,210992.44,online_payment,M00265,VND,success,desktop,D002748,222.136.236.121,debit_card,Ho Chi Minh City,"14.014778,103.963015",67,F,2015-04-26,active,0.53,0,0,0,auto_approved,0.4216,2022
c61c64a1-85da-4390-8fba-1cb8c6a039a6,U000670,2022-04-26 23:28:38,23:28:38,2072131.48,bill_payment,M00036,USD,success,pos,D001584,131.194.25.22,debit_card,Hanoi,"20.482273,107.179231",61,M,2017-02-07,active,0.79,0,0,0,auto_approved,0.0476,2022
1443ff0b-c816-4973-a19b-03d837a4180b,U001038,2022-01-12 13:12:38,13:12:38,140858.32,cash_withdrawal,M00258,VND,success,mobile,D001900,107.17.214.101,mobile_wallet,Da Nang,"15.300333,108.581285",43,F,2015-02-17,active,0.95,0,0,0,auto_approved,0.4302,2022
1e810389-b730-40db-b915-59d329170311,U000335,2022-11-30 12:32:50,12:32:50,23062.48,transfer,M00146,VND,success,pos,D000272,72.2.181.239,debit_card,Singapore,"17.021558,108.672866",33,M,2022-01-23,active,0.92,0,0,0,auto_approved,0.4354,2022
3ccc87ac-341b-469c-9ed7-b5f750a32d10,U001084,2022-11-07 05:42:38,05:42:38,486072.0,online_payment,M00076,VND,success,desktop,D000838,124.241.91.112,bank_transfer,Bangkok,"16.61754,106.135414",43,M,2016-03-22,active,0.54,0,0,0,auto_approved,0.1204,2022
1f467b37-7a14-401a-b715-7cf9e011e056,U000442,2022-06-07 18:06:40,18:06:40,98303.47,purchase,M00234,VND,success,desktop,D001391,58.24.197.200,credit_card,Singapore,"10.540998,103.346438",58,F,2019-11-28,active,0.65,0,1,1,pending_review,0.4291,2022
7729edc6-7c3e-49aa-a525-9df1af41d75d,U001778,2022-01-11 09:22:07,09:22:07,4463445.53,online_payment,M00187,VND,success,mobile,D000821,210.183.85.196,debit_card,Da Nang,"8.007273,106.025203",63,M,2019-05-27,active,0.63,1,1,0,auto_approved,0.4139,2022
7f24b037-edc5-46b5-9a8c-12c780a08bcc,U001097,2022-02-06 06:00:14,06:00:14,2493078.9,bill_payment,M00066,USD,success,mobile,D002160,227.253.81.103,mobile_wallet,Hanoi,"13.890439,102.943997",59,F,2013-12-17,active,0.65,0,0,0,auto_approved,0.362,2022
1ea2a33f-8587-4b87-806a-b81388353435,U000482,2022-01-19 18:27:41,18:27:41,997177.29,bill_payment,M00372,USD,success,pos,D002363,116.142.152.190,debit_card,Da Nang,"9.875563,105.15732",37,M,2014-08-02,active,0.56,0,0,0,auto_approved,0.1485,2022
1c4108ad-9540-4b1f-9bd6-bc6450eeb61d,U000888,2022-11-05 10:08:30,10:08:30,563821.74,online_payment,M00296,VND,success,pos,D000843,76.158.206.50,bank_transfer,Da Nang,"21.873782,102.116969",22,F,2019-04-08,active,0.79,0,0,0,auto_approved,0.1228,2022
ae4d042c-ffad-4863-9513-4ff53e6aabe5,U000848,2022-09-01 16:36:00,16:36:00,66823.4,cash_withdrawal,M00085,USD,success,atm,D000114,208.162.36.240,mobile_wallet,Singapore,"19.501389,102.605186",68,F,2017-12-30,active,0.59,1,0,0,auto_approved,0.5455,2022
575eaf89-5e8b-4b4d-8017-78e81722ccf1,U000584,2022-03-09 09:18:23,09:18:23,736741.81,transfer,M00172,VND,success,atm,D001900,122.90.200.102,mobile_wallet,Kuala Lumpur,"8.98972,104.082398",35,F,2014-11-30,active,0.61,0,0,0,auto_approved,0.3763,2022
a23b6355-5acf-4e8c-9e79-854f84c434f9,U001467,2022-11-02 20:03:14,20:03:14,479770.96,transfer,M00498,USD,success,mobile,D001894,40.74.132.21,credit_card,Bangkok,"14.479546,108.837674",66,M,2016-11-04,active,0.94,0,0,0,auto_approved,0.1947,2022
18b92161-d0ea-48e4-8133-97cf95bc833e,U001184,2022-01-29 11:00:24,11:00:24,892281.04,bill_payment,M00383,VND,success,mobile,D001995,101.227.78.150,mobile_wallet,Da Nang,"21.621678,104.998541",60,M,2015-08-02,active,0.79,0,0,0,auto_approved,0.2921,2022
8d871bb2-0489-4b1d-9b74-fc0186d45b48,U001825,2022-12-22 06:09:35,06:09:35,532846.14,bill_payment,M00198,USD,success,pos,D002943,46.163.255.143,debit_card,Bangkok,"12.191837,107.409201",54,F,2021-03-03,active,0.46,1,0,0,auto_approved,0.3641,2022
1f2b3287-de41-459f-9a63-b34096b2b6c8,U000646,2022-06-03 01:43:55,01:43:55,36427.1,cash_withdrawal,M00286,USD,success,desktop,D002248,234.76.64.18,debit_card,Singapore,"21.60745,107.190168",29,M,2022-03-04,active,0.75,0,0,0,auto_approved,0.0312,2022
e8ed1d32-4b53-4d19-8423-6bc3f8efc484,U000697,2022-10-08 13:08:57,13:08:57,311922.0,transfer,M00249,USD,success,pos,D001560,101.54.58.35,bank_transfer,Singapore,"9.314574,104.146299",50,M,2022-01-16,active,0.86,0,0,0,auto_approved,0.1693,2022
28df04ab-dca3-4cb2-8614-287a61d63049,U000961,2022-09-13 05:39:15,05:39:15,293945.8,purchase,M00337,VND,success,desktop,D002103,251.197.249.48,mobile_wallet,Singapore,"11.173693,108.987551",67,F,2018-02-16,active,0.95,1,0,0,auto_approved,0.1254,2022
797e685e-66aa-4844-a6b0-5c3c31d06414,U000287,2022-06-24 22:26:35,22:26:35,546813.03,bill_payment,M00260,VND,success,atm,D002586,26.114.251.34,bank_transfer,Singapore,"9.441667,102.494444",35,F,2020-08-06,active,0.77,0,0,0,auto_approved,0.0271,2022
6eda8e68-742a-4a29-9333-0224a3c87084,U001172,2022-06-01 21:02:22,21:02:22,132934.6,online_payment,M00029,USD,success,pos,D002196,138.252.79.183,mobile_wallet,Singapore,"17.124527,108.9625",59,F,2014-11-05,active,0.97,0,0,0,auto_approved,0.2186,2022
0aee9eab-31a9-4e6d-9e08-f3fbf089a3dd,U000072,2022-06-11 14:58:31,14:58:31,27845.23,cash_withdrawal,M00035,USD,success,atm,D001110,223.167.233.153,bank_transfer,Singapore,"21.083588,103.453938",32,M,2020-05-05,active,0.78,0,0,0,auto_approved,0.0797,2022
b4bd0fee-944c-4194-8b96-ac73113db0ad,U000250,2022-07-29 22:04:02,22:04:02,596905.65,cash_withdrawal,M00333,USD,failed,pos,D001790,164.49.217.173,credit_card,Bangkok,"11.023357,107.310464",43,F,2020-08-31,active,0.57,0,0,0,auto_approved,0.1281,2022
fff52c25-4035-4e64-9dec-6edfa57f40d3,U000460,2022-10-17 17:13:12,17:13:12,232363.87,online_payment,M00397,VND,success,atm,D001171,18.227.153.53,debit_card,Kuala Lumpur,"21.26478,106.643042",22,F,2016-07-19,active,0.71,0,0,0,auto_approved,0.1998,2022
9d8d2978-2474-41f4-9f65-3f45bd83a688,U000951,2022-04-28 18:05:58,18:05:58,1021109.27,bill_payment,M00342,VND,success,atm,D000635,131.110.227.84,mobile_wallet,Kuala Lumpur,"11.72356,104.553386",65,F,2015-12-02,active,0.63,0,0,0,auto_approved,0.1538,2022
b8ccce9b-7f2a-402e-ad25-12b898bb4083,U000984,2022-05-07 08:19:22,08:19:22,1844.49,cash_withdrawal,M00235,USD,success,atm,D001171,225.96.179.49,bank_transfer,Kuala Lumpur,"10.750097,105.946866",33,M,2014-11-21,active,0.6,1,0,0,auto_approved,0.5038,2022
f500a4ed-6c19-4d58-b9d0-80a59970d67c,U001571,2022-04-29 22:46:27,22:46:27,222416.42,cash_withdrawal,M00113,VND,success,mobile,D001103,226.58.50.111,debit_card,Bangkok,"11.161571,107.898473",28,M,2015-06-09,active,0.97,0,0,0,auto_approved,0.2044,2022
3f7cc82e-2fe8-4d3c-b8f8-10225df94462,U000354,2022-12-17 11:06:07,11:06:07,454813.66,online_payment,M00106,VND,success,pos,D000457,40.122.116.56,mobile_wallet,Ho Chi Minh City,"16.998658,102.960641",44,M,2021-06-13,active,0.58,2,1,1,pending_review,0.239,2022
0ce4851e-b136-42fa-a76e-771b17156855,U000118,2022-05-04 17:42:14,17:42:14,2516967.92,online_payment,M00490,VND,failed,atm,D000441,221.113.46.68,mobile_wallet,Singapore,"15.589851,102.800053",50,F,2018-11-05,active,0.51,0,0,0,auto_approved,0.3948,2022
232c1223-57d9-47cf-8566-94fbe944da16,U000053,2022-02-22 20:05:33,20:05:33,621116.77,purchase,M00270,USD,success,desktop,D002014,156.70.83.41,bank_transfer,Da Nang,"12.94348,103.907289",25,M,2019-12-22,active,0.9,0,0,0,auto_approved,0.0626,2022
9b38e4f5-671d-4790-9692-89dcb8a383c9,U001059,2022-03-16 19:00:37,19:00:37,615804.99,cash_withdrawal,M00300,VND,success,mobile,D001747,105.112.241.72,debit_card,Singapore,"15.984538,102.763263",64,M,2019-11-15,active,0.48,1,0,0,auto_approved,0.486,2022
1d165d51-e153-43a9-beeb-9155b0e1f42a,U000983,2022-05-02 23:12:38,23:12:38,1063094.35,bill_payment,M00442,USD,success,desktop,D001459,116.163.219.125,mobile_wallet,Singapore,"18.385012,108.46381",27,M,2018-11-28,active,0.64,0,0,0,auto_approved,0.3367,2022
28102d91-b791-4c34-b71d-604903962d6e,U001318,2022-08-06 21:14:04,21:14:04,1135773.79,transfer,M00202,USD,success,desktop,D001110,17.243.72.93,credit_card,Ho Chi Minh City,"17.425943,105.807623",35,M,2020-09-02,active,0.59,0,0,0,auto_approved,0.2569,2022
afea0c46-a1d8-4380-a8cb-13d5d8f85372,U000426,2022-10-10 05:34:29,05:34:29,2367663.45,purchase,M00447,VND,success,pos,D001669,62.105.160.28,credit_card,Hanoi,"11.630659,106.397781",62,M,2021-02-28,active,0.61,0,0,0,auto_approved,0.1385,2022
1f5b532b-4153-4cf6-80b6-ccb4b6972e86,U001631,2022-11-22 12:12:18,12:12:18,2299175.09,online_payment,M00198,VND,success,desktop,D001916,210.100.20.158,credit_card,Kuala Lumpur,"11.625368,105.396802",25,M,2015-10-13,active,0.79,0,0,0,auto_approved,0.4079,2022
e0bffc5c-e87e-4a98-9ccd-510979927c74,U001788,2022-06-27 13:17:57,13:17:57,22154.53,bill_payment,M00415,USD,success,pos,D001911,10.64.253.143,credit_card,Da Nang,"19.044093,104.670576",30,M,2016-05-20,active,0.53,0,0,0,auto_approved,0.3203,2022
e7886ad1-3f8c-4f33-844a-8b8c12906e3d,U001418,2022-09-14 13:47:12,13:47:12,1536042.42,transfer,M00260,VND,success,desktop,D001349,1.167.157.63,debit_card,Ho Chi Minh City,"15.082552,106.210258",44,M,2022-03-16,active,0.49,0,0,0,auto_approved,0.2116,2022
63c936d8-9a75-49cb-8073-bdcb90f33bd8,U001597,2022-03-11 08:38:59,08:38:59,2374.04,cash_withdrawal,M00262,USD,success,desktop,D000755,45.77.200.88,mobile_wallet,Bangkok,"19.181248,106.982056",28,F,2014-03-24,active,0.78,1,0,0,auto_approved,0.1582,2022
450f4a10-0381-4c43-adeb-e3bbd7e0706d,U000788,2022-10-07 16:36:08,16:36:08,851273.37,bill_payment,M00321,USD,success,desktop,D002572,230.151.80.231,bank_transfer,Ho Chi Minh City,"12.048039,104.348511",48,M,2018-10-16,active,0.77,0,0,0,auto_approved,0.3826,2022
9c596eb0-79dd-4edb-aa1b-398b5ce917c6,U000460,2022-05-17 03:27:25,03:27:25,2035998.74,transfer,M00115,VND,success,desktop,D000683,96.137.9.187,bank_transfer,Da Nang,"13.42374,102.865098",51,F,2020-02-09,active,0.98,0,0,0,auto_approved,0.279,2022
c488d115-1330-4c25-8d18-d376bb1a73a2,U000412,2022-09-18 09:45:58,09:45:58,31837.7,bill_payment,M00437,USD,success,mobile,D001934,220.168.201.105,credit_card,Hanoi,"21.956271,106.997089",69,M,2018-10-09,under_review,0.98,0,0,0,auto_approved,0.2334,2022
6a4144dc-ef19-4579-94fe-972f83593ae0,U000363,2022-11-24 01:55:12,01:55:12,2423834.81,bill_payment,M00413,USD,failed,desktop,D001323,16.238.123.129,credit_card,Kuala Lumpur,"18.69381,105.144283",37,F,2019-07-13,active,0.85,3,1,1,pending_review,0.2369,2022
77336496-6801-4719-be51-db1dbcc0606d,U000446,2022-12-16 23:14:15,23:14:15,33117.25,transfer,M00356,VND,success,atm,D000904,155.245.188.118,debit_card,Da Nang,"9.102163,102.469507",32,F,2017-10-15,active,0.58,0,0,0,auto_approved,0.1265,2022
1e9368d2-98e9-4bdf-a6fa-49ca1f8e45a2,U001823,2022-08-01 10:45:01,10:45:01,5626.11,transfer,M00474,VND,pending,pos,D000311,234.164.26.27,debit_card,Kuala Lumpur,"19.435354,104.329773",19,M,2021-08-12,active,0.93,0,0,0,auto_approved,0.1128,2022
d5cb7190-888b-4165-8e5d-5446833fc7c0,U001405,2022-09-03 04:24:32,04:24:32,20813.16,cash_withdrawal,M00357,VND,success,mobile,D001966,71.227.254.30,mobile_wallet,Kuala Lumpur,"16.310876,105.468694",31,M,2020-01-13,active,0.67,0,0,0,auto_approved,0.2976,2022
70a4fe5f-d845-4f96-b06a-e2e6098536dc,U000129,2022-09-26 23:01:09,23:01:09,471292.09,transfer,M00076,USD,success,pos,D002799,211.11.126.252,credit_card,Da Nang,"16.294154,107.575261",22,M,2018-07-09,active,0.84,1,0,0,auto_approved,0.5676,2022
15781af7-f19c-4640-8d89-df24b6a05910,U000817,2022-07-13 11:36:52,11:36:52,103274.06,bill_payment,M00199,VND,success,mobile,D000017,82.200.45.136,debit_card,Ho Chi Minh City,"18.620782,103.587871",55,F,2021-06-04,active,0.77,0,0,0,auto_approved,0.0417,2022
37dd0464-bff3-4cc3-92fe-036be3685662,U001602,2022-10-10 15:00:37,15:00:37,879673.89,cash_withdrawal,M00228,USD,success,desktop,D001405,76.155.164.173,credit_card,Singapore,"20.873841,105.491367",22,F,2021-07-24,active,0.51,0,0,0,auto_approved,0.2832,2022
a6f01083-5adc-467f-813f-17191a2171df,U000832,2022-11-05 00:03:55,00:03:55,277690.02,transfer,M00348,USD,success,atm,D000798,17.81.165.153,mobile_wallet,Bangkok,"20.573758,105.568275",23,M,2021-09-26,active,0.78,1,0,0,auto_approved,0.6011,2022
3bb6acfa-146e-4c4b-b013-c64524cc9a21,U001022,2022-05-17 20:27:23,20:27:23,232250.02,online_payment,M00490,USD,success,atm,D002163,212.203.193.74,credit_card,Kuala Lumpur,"15.244651,107.08062",41,M,2018-06-12,active,0.63,0,0,0,auto_approved,0.4495,2022
977c0004-2dd0-455e-8b74-7dafb18d02c0,U000273,2022-03-24 07:10:34,07:10:34,1108143.81,purchase,M00317,VND,success,pos,D001381,144.172.144.98,mobile_wallet,Hanoi,"11.543114,103.456285",39,M,2021-01-28,active,0.74,0,0,0,auto_approved,0.1829,2022
597cbc09-9293-49b9-b191-616496ca61c9,U000576,2022-08-23 06:53:10,06:53:10,164542.02,transfer,M00129,VND,success,pos,D002932,222.83.7.187,credit_card,Bangkok,"12.235128,106.128511",70,F,2020-09-20,active,0.76,0,0,0,auto_approved,0.0451,2022
dcbdbd65-3540-4eab-9ac0-27ab0fdd7941,U001621,2022-12-04 09:43:32,09:43:32,201506.45,transfer,M00101,USD,success,atm,D000927,141.87.201.37,mobile_wallet,Hanoi,"14.961769,102.696615",31,F,2022-06-07,active,0.69,2,1,0,auto_approved,0.3782,2022
ff0ad1ae-9364-46fe-bd34-70985db91fa1,U000343,2022-06-28 18:19:54,18:19:54,801024.86,online_payment,M00497,USD,success,mobile,D001943,161.170.7.231,mobile_wallet,Da Nang,"16.814378,106.574938",30,F,2019-10-23,active,0.59,0,0,0,auto_approved,0.1586,2022
3f8c30cc-562d-4e10-a83f-f3b57d6ae469,U001071,2022-09-24 20:18:45,20:18:45,1003870.27,online_payment,M00299,VND,failed,atm,D000772,138.128.132.81,bank_transfer,Da Nang,"16.733763,107.733635",61,F,2017-04-17,active,0.88,0,0,0,auto_approved,0.0341,2022
709d1e8d-0826-4323-b2dd-416444dc095e,U001662,2022-05-08 05:53:07,05:53:07,834645.52,online_payment,M00137,USD,success,mobile,D002948,230.112.75.92,bank_transfer,Hanoi,"12.266169,103.529722",57,M,2018-03-20,active,0.92,0,0,0,auto_approved,0.0518,2022
180eac66-027c-4cc9-af3d-d21c4783a53b,U000375,2022-05-21 18:41:07,18:41:07,760176.32,online_payment,M00391,VND,success,desktop,D001561,168.50.194.47,mobile_wallet,Bangkok,"14.803569,105.642907",54,M,2017-12-13,active,0.97,0,0,0,auto_approved,0.3134,2022
bc098718-3a70-4542-87f3-5182fbd82cad,U001074,2022-04-16 20:47:08,20:47:08,190676.99,purchase,M00222,USD,success,mobile,D001187,195.239.154.14,bank_transfer,Bangkok,"18.642688,103.929199",69,F,2015-01-12,active,0.81,0,0,0,auto_approved,0.144,2022
eb4d6f6c-17d2-4a95-ad56-afe104a43f6d,U000369,2022-04-05 15:45:56,15:45:56,132000.55,cash_withdrawal,M00093,VND,success,pos,D001677,130.212.16.222,debit_card,Ho Chi Minh City,"19.402186,107.067197",42,F,2020-03-14,active,0.98,0,0,0,auto_approved,0.182,2022
2db50eb6-1302-4bdb-b4d3-4677d94d6cd0,U001984,2022-09-10 09:54:49,09:54:49,778691.49,bill_payment,M00326,USD,success,desktop,D002720,193.76.180.122,bank_transfer,Ho Chi Minh City,"11.049514,102.064659",51,F,2020-12-09,active,0.98,0,0,0,auto_approved,0.3781,2022
43a701ba-f0e0-4315-a267-cc9c4ddea457,U000843,2022-01-30 06:01:02,06:01:02,2250715.94,cash_withdrawal,M00357,USD,success,pos,D000521,133.77.49.163,bank_transfer,Bangkok,"12.067391,104.038284",28,M,2019-04-20,active,0.92,0,0,0,auto_approved,0.2305,2022
d4b172bb-9850-4673-bf2b-24363b6cfa87,U000587,2022-09-29 04:00:55,04:00:55,667546.07,online_payment,M00011,USD,success,mobile,D002944,254.122.109.101,debit_card,Singapore,"13.168835,105.040832",65,F,2022-02-09,active,0.83,0,0,0,auto_approved,0.4156,2022
e394cf0b-9638-4246-b8a3-95b6bf8ed248,U000327,2022-04-11 12:43:10,12:43:10,1051142.86,purchase,M00286,USD,success,desktop,D000306,75.55.157.183,credit_card,Bangkok,"14.027839,102.634749",40,F,2018-03-20,active,0.83,0,0,0,auto_approved,0.0248,2022
c853b3cf-52b2-4aa3-b4f6-33878aa4b580,U001983,2022-04-15 08:01:11,08:01:11,323415.86,bill_payment,M00244,VND,success,atm,D000642,56.125.84.235,bank_transfer,Kuala Lumpur,"21.692594,102.708766",43,F,2015-12-04,active,0.86,0,0,0,auto_approved,0.3674,2022
2beb39c1-6359-4a78-88fe-d126cf90aeb1,U000862,2022-07-20 10:05:12,10:05:12,77518.38,transfer,M00188,VND,success,desktop,D000958,84.29.130.56,debit_card,Da Nang,"14.012834,108.310934",44,M,2016-05-10,active,0.94,0,1,0,auto_approved,0.2503,2022
62a1a24f-7372-4412-889a-671c28e12609,U000498,2022-04-25 22:55:40,22:55:40,114711.68,bill_payment,M00045,VND,success,mobile,D002510,46.40.56.208,credit_card,Bangkok,"20.535515,102.457008",69,M,2014-08-26,active,0.61,0,0,0,auto_approved,0.1522,2022
ae3316ff-b8a9-406a-9945-525fb2354291,U001504,2022-12-15 01:43:57,01:43:57,329839.53,purchase,M00486,USD,success,desktop,D002674,250.4.214.216,credit_card,Singapore,"12.156379,108.277562",48,F,2016-01-15,active,0.62,0,0,0,auto_approved,0.4425,2022
b5ea3020-e2e2-4dac-9f43-19685c330548,U000410,2022-04-27 17:17:37,17:17:37,1862270.94,bill_payment,M00133,VND,success,pos,D001564,217.123.200.166,mobile_wallet,Hanoi,"21.16612,104.642232",19,M,2020-09-27,active,0.82,0,0,0,auto_approved,0.4461,2022
80c79e03-db8e-4758-a752-1574cd09e11f,U000971,2022-02-24 04:43:51,04:43:51,20486.32,purchase,M00123,USD,success,pos,D002191,181.119.35.80,mobile_wallet,Hanoi,"8.918301,104.941001",57,F,2014-12-20,active,0.54,0,0,0,auto_approved,0.4354,2022
3f17c4d3-96c0-45af-81b6-0026ddd62aa6,U001855,2022-03-17 04:34:43,04:34:43,44216.68,purchase,M00349,VND,success,mobile,D000987,127.147.79.35,credit_card,Hanoi,"10.426961,106.49871",55,M,2020-08-31,active,0.56,0,0,0,auto_approved,0.207,2022
46cefbef-0e5b-4c91-9155-a7d431a4bf95,U000108,2022-09-09 13:24:53,13:24:53,639839.27,online_payment,M00489,VND,success,pos,D001126,139.251.107.133,debit_card,Hanoi,"9.749328,107.146015",64,M,2018-06-17,active,0.52,0,0,0,auto_approved,0.1242,2022
9a2a0efd-159e-4b18-81ff-604f63c15544,U001647,2022-01-31 23:47:31,23:47:31,718111.55,bill_payment,M00212,USD,success,pos,D000482,60.39.89.178,credit_card,Da Nang,"20.495145,103.575282",55,M,2019-10-30,active,0.54,0,0,0,auto_approved,0.1712,2022
845a137c-b26a-444a-97b7-63452ee09616,U001798,2022-12-31 15:14:47,15:14:47,1333264.78,online_payment,M00360,USD,success,pos,D002743,136.194.100.68,bank_transfer,Da Nang,"12.291061,106.590825",67,F,2018-05-17,active,0.56,0,0,0,auto_approved,0.198,2022
3bd400e7-f5f9-4a70-be0b-a4aa14328f21,U000905,2022-08-28 01:58:34,01:58:34,205208.74,bill_payment,M00009,USD,success,desktop,D000283,167.49.30.62,credit_card,Kuala Lumpur,"13.504057,103.318754",40,M,2016-05-11,active,0.76,0,0,0,auto_approved,0.3291,2022
7303e3cc-af4e-44e0-96b4-bc4735336fe5,U000369,2022-12-21 18:57:02,18:57:02,310649.65,transfer,M00500,USD,success,atm,D002139,24.95.170.28,bank_transfer,Bangkok,"12.800737,105.396546",35,M,2017-10-04,active,0.55,0,0,0,auto_approved,0.1783,2022
917e3e5d-d6f3-4be9-a50c-1f9c0c359f15,U001464,2022-07-29 06:04:18,06:04:18,1075211.48,cash_withdrawal,M00304,VND,success,mobile,D001852,74.197.165.19,mobile_wallet,Bangkok,"18.561122,108.76595",61,M,2022-03-26,active,0.69,0,0,0,auto_approved,0.1384,2022
97392501-8403-4472-9b70-751171243aa3,U001753,2022-05-01 02:01:13,02:01:13,167375.16,bill_payment,M00095,USD,success,mobile,D002161,249.44.54.248,debit_card,Da Nang,"9.203469,108.745135",55,M,2014-03-05,active,0.5,0,0,0,auto_approved,0.025,2022
1455f8bb-7f07-4cfc-8410-9bfe0ba6caa5,U000688,2022-08-25 19:41:48,19:41:48,760164.89,transfer,M00044,USD,success,pos,D001466,145.148.131.195,debit_card,Singapore,"19.993774,105.319178",23,M,2021-12-05,active,0.76,0,0,0,auto_approved,0.0898,2022
de3d52e1-4410-4127-9bc5-3a8d002846d3,U000346,2022-05-08 12:29:00,12:29:00,1005657.94,transfer,M00187,VND,success,mobile,D000711,141.251.44.182,debit_card,Da Nang,"9.896203,104.474752",67,F,2016-11-07,active,0.58,2,1,0,auto_approved,0.5046,2022
97c0dc0b-0f08-4d89-8311-aaa0c2a00e9d,U000355,2022-05-28 22:08:56,22:08:56,1900840.1,bill_payment,M00102,VND,pending,pos,D000839,35.63.212.58,mobile_wallet,Hanoi,"17.345096,108.435981",31,F,2020-08-29,active,0.77,0,0,0,auto_approved,0.1947,2022
3f3dc70e-1b42-4832-98ad-df3ec99292a3,U001339,2022-08-16 06:35:15,06:35:15,13065.52,bill_payment,M00090,USD,success,mobile,D002894,92.109.242.15,mobile_wallet,Da Nang,"21.990398,104.675109",41,F,2016-03-04,active,0.7,0,0,0,auto_approved,0.1405,2022
89887c36-34d0-4966-bc91-69d7da3c690f,U001095,2022-08-26 19:44:55,19:44:55,274326.85,transfer,M00252,VND,success,desktop,D000644,161.43.204.13,credit_card,Bangkok,"8.33425,106.928108",44,F,2018-04-14,active,0.95,0,0,0,auto_approved,0.2687,2022
0d31ff13-e833-4cc0-8826-7189f0ef7e55,U000662,2022-06-07 14:38:55,14:38:55,1156477.25,cash_withdrawal,M00312,USD,success,atm,D001539,55.200.109.239,mobile_wallet,Ho Chi Minh City,"12.073002,106.61356",67,F,2019-07-06,active,0.77,0,0,0,auto_approved,0.0922,2022
2e503a3b-3e4d-428c-916b-9a5d8191fdfa,U000324,2022-03-29 13:03:11,13:03:11,276952.1,cash_withdrawal,M00044,VND,success,mobile,D001694,248.52.234.199,bank_transfer,Ho Chi Minh City,"18.446448,105.471463",52,M,2014-12-09,active,0.83,0,1,0,auto_approved,0.3889,2022
5bd66e48-9f79-49d6-b033-9b82644c2f23,U001429,2022-03-04 01:03:59,01:03:59,105715.17,bill_payment,M00365,VND,success,pos,D002740,242.120.8.233,mobile_wallet,Da Nang,"20.729887,102.637403",64,M,2015-11-21,active,0.5,0,0,0,auto_approved,0.2212,2022
a63c33f8-bd1e-4446-80c3-bf33f6588dfd,U000874,2022-01-14 11:27:51,11:27:51,1540802.79,bill_payment,M00348,VND,success,mobile,D002430,88.194.154.190,debit_card,Hanoi,"18.670959,107.985743",44,F,2016-07-30,active,0.52,0,0,0,auto_approved,0.1361,2022
ec65cd2f-442d-465d-a8e0-e817172a04fa,U001008,2022-05-14 01:37:26,01:37:26,1970971.76,purchase,M00360,VND,success,atm,D000798,34.122.130.4,bank_transfer,Ho Chi Minh City,"8.433028,105.081008",69,F,2019-05-20,active,0.83,2,1,1,pending_review,0.2882,2022
e9a02a65-c55a-470f-bcc1-6a6b59a610ed,U000999,2022-09-08 01:24:33,01:24:33,105875.05,cash_withdrawal,M00281,VND,success,desktop,D000203,47.110.228.110,bank_transfer,Hanoi,"17.70469,108.313251",65,F,2018-01-14,active,0.74,2,1,1,pending_review,0.3301,2022
5e7d9b62-5744-41bd-ace3-b1c642327749,U001366,2022-04-30 13:52:08,13:52:08,431683.56,cash_withdrawal,M00485,VND,success,pos,D000749,138.68.235.51,credit_card,Hanoi,"21.784323,107.552889",52,F,2014-04-15,active,0.84,0,0,0,auto_approved,0.2257,2022
34153908-87ac-4104-8553-d7a04bf1a19f,U000920,2022-04-26 19:42:27,19:42:27,379150.02,purchase,M00215,VND,success,atm,D000964,17.60.61.79,debit_card,Ho Chi Minh City,"18.067089,102.789025",69,M,2014-09-02,active,0.95,0,0,0,auto_approved,0.4274,2022
805991df-7dd8-477a-a7ac-80c6e3110f24,U001558,2022-10-15 05:50:39,05:50:39,1714233.99,transfer,M00065,USD,success,pos,D001486,211.241.207.226,debit_card,Singapore,"17.241089,106.670335",23,F,2021-12-10,active,0.91,0,0,0,auto_approved,0.2288,2022
07e754b9-9248-4132-83df-f1c95d65baa4,U001812,2022-10-28 10:01:56,10:01:56,446839.85,bill_payment,M00334,USD,success,mobile,D002506,117.193.20.32,debit_card,Hanoi,"19.569352,105.897563",62,F,2017-08-25,active,0.87,0,0,0,auto_approved,0.0599,2022
77fbd7f8-2e60-4074-bde6-4424a257bd3d,U001932,2022-07-30 01:02:49,01:02:49,1874205.06,cash_withdrawal,M00248,VND,success,desktop,D002438,97.6.153.35,mobile_wallet,Da Nang,"15.987979,106.783161",66,F,2020-03-29,active,0.76,1,1,0,auto_approved,0.6256,2022
3e15c245-94d6-4a81-bc08-2a80df4b6ee8,U001450,2022-06-19 03:42:10,03:42:10,1486242.83,bill_payment,M00368,VND,success,pos,D001283,133.141.245.131,debit_card,Da Nang,"15.68352,103.3042",61,F,2019-07-26,active,0.48,0,0,0,auto_approved,0.4198,2022
fcd1ae7b-b970-4fde-a09b-c3992a96fb12,U001882,2022-10-26 16:56:30,16:56:30,1730899.77,bill_payment,M00152,USD,success,desktop,D002936,103.163.36.136,bank_transfer,Bangkok,"17.493519,103.852962",30,F,2021-10-26,active,0.71,0,0,0,auto_approved,0.3181,2022
a36dccf2-11de-4d83-909f-aa8c544743c0,U001493,2022-05-02 15:50:45,15:50:45,1077230.04,purchase,M00126,VND,success,pos,D000989,3.33.57.227,mobile_wallet,Ho Chi Minh City,"11.519641,108.624689",36,F,2019-04-27,under_review,0.6,0,0,0,auto_approved,0.1266,2022
bc88c986-9e92-4849-92a9-556f6ad5832d,U000656,2022-05-10 07:53:12,07:53:12,127720.81,bill_payment,M00281,USD,success,desktop,D002126,97.96.74.87,credit_card,Da Nang,"18.97943,105.72496",43,M,2016-01-21,active,0.49,0,0,0,auto_approved,0.3003,2022
789f8e99-1fcf-4eb8-a4f4-e4b2f6026934,U001795,2022-08-12 12:22:22,12:22:22,1494008.31,bill_payment,M00052,VND,success,atm,D002420,128.29.235.50,debit_card,Bangkok,"13.609354,105.67125",45,F,2020-05-25,active,0.91,2,1,0,auto_approved,0.6129,2022
28d7cc84-3774-44fc-b376-e330c50c2584,U000209,2022-09-26 06:32:29,06:32:29,424052.41,bill_payment,M00386,USD,failed,pos,D001233,47.248.110.168,credit_card,Bangkok,"12.721989,102.520879",66,M,2018-08-13,active,0.6,0,0,0,auto_approved,0.3401,2022
4b3ff831-da46-4f94-a493-06f4c084f993,U001279,2022-06-09 09:53:40,09:53:40,16759.33,transfer,M00457,VND,success,pos,D000708,40.163.14.57,bank_transfer,Da Nang,"16.758744,105.68619",41,M,2018-01-31,active,0.77,0,0,0,auto_approved,0.1782,2022
b7bec66f-73e8-4342-b2de-c554c4c45cf1,U001902,2022-04-19 16:59:34,16:59:34,387117.86,cash_withdrawal,M00391,USD,pending,atm,D002003,95.228.57.154,bank_transfer,Bangkok,"16.58271,105.073366",56,M,2019-01-12,under_review,0.95,0,0,0,auto_approved,0.2791,2022
a54c2519-f5f5-46ca-81a4-527e2eb85323,U000904,2022-07-06 18:27:39,18:27:39,1282744.79,bill_payment,M00261,VND,success,mobile,D001103,136.218.88.128,credit_card,Hanoi,"19.161631,105.548359",33,F,2016-03-03,active,0.85,0,0,0,auto_approved,0.3495,2022
2ef9c938-33a8-4793-8496-2563861bf69d,U001127,2022-08-31 15:51:51,15:51:51,50418.71,cash_withdrawal,M00337,USD,success,atm,D001164,123.6.208.116,mobile_wallet,Bangkok,"16.242391,106.153884",68,F,2019-06-29,active,0.82,0,0,0,auto_approved,0.4074,2022
b7d11615-13f1-4bc9-a9ea-ff20504e080c,U001764,2022-12-07 13:31:24,13:31:24,1633865.09,transfer,M00038,USD,success,pos,D001935,40.58.77.194,bank_transfer,Kuala Lumpur,"11.766568,104.692351",21,M,2020-07-16,active,0.81,0,0,0,auto_approved,0.2728,2022
2aa32f9a-99a4-4eac-8172-6ed234ec71cb,U000502,2022-12-04 07:51:59,07:51:59,1540317.84,bill_payment,M00140,USD,success,atm,D000463,5.147.124.185,mobile_wallet,Hanoi,"12.212338,108.929722",37,F,2020-08-18,active,0.52,0,1,0,auto_approved,0.3307,2022
73557039-ebb0-4739-9834-12e39104fd6f,U001504,2022-08-19 23:44:47,23:44:47,2715288.54,online_payment,M00495,VND,success,atm,D002694,44.74.149.252,bank_transfer,Ho Chi Minh City,"13.310806,105.060196",44,F,2018-12-31,active,0.76,0,0,0,auto_approved,0.4419,2022
4a3203d3-fa36-4309-8b24-ad9a5e376f45,U000540,2022-09-30 06:19:37,06:19:37,100318.99,transfer,M00067,VND,pending,atm,D000002,241.154.212.151,credit_card,Ho Chi Minh City,"19.729985,102.855133",59,M,2018-09-07,active,0.55,0,0,0,auto_approved,0.198,2022
1fcd7e74-337b-435a-9e5a-5b18ec799f2a,U001917,2022-12-23 23:24:04,23:24:04,2671209.46,transfer,M00472,VND,success,desktop,D001164,100.2.23.186,bank_transfer,Kuala Lumpur,"20.220603,107.425107",19,F,2021-03-17,active,0.67,0,0,0,auto_approved,0.0386,2022
68d89b82-2121-4dbb-852f-e1345c612bb3,U000749,2022-02-17 22:08:27,22:08:27,455300.7,cash_withdrawal,M00220,USD,success,mobile,D000503,163.24.0.16,credit_card,Ho Chi Minh City,"16.584618,108.254332",46,F,2018-02-12,active,0.86,0,0,0,auto_approved,0.2353,2022
66c2ef1e-f20e-4f12-b51f-7a84e07f8a49,U001406,2022-10-12 18:00:25,18:00:25,1908518.52,cash_withdrawal,M00255,VND,success,pos,D001827,218.3.80.33,debit_card,Bangkok,"12.895565,107.870845",28,M,2016-04-29,active,0.69,0,0,0,auto_approved,0.1417,2022
f3ad96ef-3ffb-4ac3-9a88-c53006aa45c5,U001157,2022-11-11 11:43:52,11:43:52,838089.5,purchase,M00058,VND,success,atm,D002008,87.186.5.111,bank_transfer,Singapore,"9.297435,102.13377",54,F,2021-10-13,active,0.75,0,0,0,auto_approved,0.3556,2022
586567bb-3db7-42ac-b51c-78c02fecb97b,U000493,2022-03-23 05:19:08,05:19:08,150947.13,purchase,M00102,USD,success,mobile,D001107,92.211.41.27,mobile_wallet,Ho Chi Minh City,"10.62017,102.205001",40,M,2014-02-25,active,0.9,0,0,0,auto_approved,0.2632,2022
adbfe70f-e298-4db8-a4c0-19d7d8267e0a,U000877,2022-02-02 05:17:28,05:17:28,1017081.67,cash_withdrawal,M00144,VND,success,pos,D000491,252.89.128.158,credit_card,Bangkok,"14.067986,105.888292",52,F,2017-10-28,active,0.91,0,0,0,auto_approved,0.2343,2022
003b834e-7216-4fc5-937d-c508d96451bb,U000810,2022-05-02 18:46:01,18:46:01,415911.14,online_payment,M00259,VND,pending,atm,D002091,206.177.172.242,mobile_wallet,Kuala Lumpur,"14.454908,102.201076",37,F,2016-06-16,active,0.84,0,0,0,auto_approved,0.0331,2022
b14d0da8-c316-405f-851e-802b79bb28dd,U001549,2022-05-06 03:27:59,03:27:59,1835011.17,cash_withdrawal,M00097,USD,success,desktop,D000843,66.195.237.247,debit_card,Singapore,"17.109906,108.610624",51,F,2019-12-06,active,0.98,0,0,0,auto_approved,0.3557,2022
dcea0536-553c-425a-b1f1-d1903a258432,U000989,2022-03-28 15:24:04,15:24:04,48963.5,online_payment,M00407,VND,success,mobile,D002463,213.56.69.140,credit_card,Ho Chi Minh City,"8.040602,103.064603",35,M,2018-07-17,active,0.87,0,1,0,auto_approved,0.5703,2022
0da77c66-a147-4dfc-85d4-bd5368199009,U001914,2022-07-06 09:06:20,09:06:20,28009.39,online_payment,M00434,VND,success,desktop,D002231,251.236.107.175,mobile_wallet,Bangkok,"17.020571,107.7987",60,F,2016-01-11,active,0.8,0,0,0,auto_approved,0.3327,2022
a011a511-6344-4d1b-bf56-c55c9a3fc475,U001665,2022-09-20 07:01:23,07:01:23,14811.97,purchase,M00417,VND,success,mobile,D000514,245.225.157.22,credit_card,Hanoi,"9.714261,102.309276",60,M,2021-11-04,active,0.64,2,1,1,pending_review,0.459,2022
fc1396ec-1be0-4fb1-b7e1-e10c9044ad0a,U000581,2022-01-22 10:54:17,10:54:17,1258805.59,cash_withdrawal,M00008,USD,success,pos,D000284,7.234.52.3,mobile_wallet,Kuala Lumpur,"16.699268,106.082475",68,M,2016-12-04,active,0.56,0,0,0,auto_approved,0.366,2022
36d58cd1-dc54-42b7-b972-2e7e21356e25,U000219,2022-05-18 14:10:55,14:10:55,273.06,online_payment,M00338,VND,success,desktop,D002179,192.206.222.232,credit_card,Da Nang,"12.55658,105.444267",56,M,2017-03-15,under_review,0.91,0,0,0,auto_approved,0.275,2022
a81967ba-620f-47a8-a360-ef1b4eff2847,U000084,2022-12-30 11:36:08,11:36:08,305673.03,transfer,M00292,USD,success,mobile,D002755,116.7.120.148,credit_card,Singapore,"11.652901,107.550443",22,F,2022-01-09,active,0.97,0,0,0,auto_approved,0.2308,2022
c2625ada-88c0-4bf9-8e87-5f19c817e897,U001588,2022-06-06 19:16:28,19:16:28,441469.85,purchase,M00362,USD,success,mobile,D002608,45.191.146.13,bank_transfer,Ho Chi Minh City,"18.795641,108.041527",51,M,2018-02-21,active,0.81,0,0,0,auto_approved,0.158,2022
ad97be47-5101-4441-a295-dc3d90883632,U001922,2022-05-18 17:42:04,17:42:04,193650.4,cash_withdrawal,M00310,USD,success,desktop,D000475,40.108.151.238,bank_transfer,Hanoi,"18.00506,103.630981",25,M,2018-02-19,active,0.45,0,0,0,auto_approved,0.4339,2022
9b813e09-8878-4e33-ab29-235b8481e44d,U001256,2022-06-10 05:43:06,05:43:06,696591.14,bill_payment,M00340,USD,success,desktop,D002627,112.36.240.69,bank_transfer,Hanoi,"13.161975,106.299127",40,F,2021-08-19,active,0.99,0,0,0,auto_approved,0.0755,2022
e4fa4358-5eae-4f65-96ca-91587b9475b0,U000105,2022-05-04 20:54:14,20:54:14,99676.07,transfer,M00062,VND,success,pos,D000497,97.202.5.254,mobile_wallet,Bangkok,"19.888017,108.544277",31,F,2020-11-01,active,0.78,0,0,0,auto_approved,0.1359,2022
d9a1cb72-b7c8-40ab-abfb-624c350606d8,U001668,2022-12-17 04:43:59,04:43:59,815895.11,transfer,M00388,USD,success,pos,D001096,33.76.201.21,credit_card,Da Nang,"16.593977,108.182577",22,F,2018-04-04,active,0.49,2,1,0,auto_approved,0.2948,2022
43302720-1b9c-4145-8b3c-a74021b19b67,U000574,2022-12-19 01:40:22,01:40:22,990542.82,transfer,M00244,VND,success,atm,D000556,244.199.180.178,debit_card,Da Nang,"16.240563,106.511013",24,M,2015-08-26,active,0.64,0,0,0,auto_approved,0.2,2022
93ba797f-2ac3-449d-b4c2-5283362925be,U000300,2022-06-28 13:19:52,13:19:52,956384.8,purchase,M00353,USD,success,desktop,D000929,223.99.250.59,debit_card,Singapore,"20.031303,104.720404",56,M,2018-09-04,active,0.62,0,0,0,auto_approved,0.0821,2022
a0100561-539a-4dcd-b11c-a190824ac14a,U000620,2022-09-19 22:54:29,22:54:29,2269299.37,online_payment,M00425,USD,success,atm,D000799,163.59.63.150,bank_transfer,Ho Chi Minh City,"11.302728,105.715593",20,F,2015-09-30,active,0.78,0,0,0,auto_approved,0.0714,2022
1ae1d6ff-4439-427a-be56-65900132e9b1,U001905,2022-11-21 11:37:56,11:37:56,1981102.4,bill_payment,M00094,USD,success,desktop,D001219,232.102.238.117,debit_card,Ho Chi Minh City,"14.065954,106.304367",27,M,2018-09-26,active,0.53,1,0,0,auto_approved,0.4446,2022
a00be96b-c88b-4685-a4d8-256eb4fb5a05,U001246,2022-04-15 08:54:06,08:54:06,72602.09,purchase,M00029,VND,success,atm,D002054,83.170.160.202,bank_transfer,Da Nang,"12.554417,102.642568",54,M,2015-10-26,active,1.0,1,0,0,auto_approved,0.5554,2022
9620d07a-a93d-4a2f-90fe-db862ca14e97,U001114,2022-10-17 01:39:15,01:39:15,430497.88,cash_withdrawal,M00163,VND,success,pos,D000713,152.186.80.201,mobile_wallet,Ho Chi Minh City,"21.92912,108.646463",59,M,2021-10-01,active,0.53,0,0,0,auto_approved,0.1349,2022
a0037209-7c0b-4889-87e6-959e3bda3061,U001950,2022-10-30 21:04:42,21:04:42,476845.59,transfer,M00332,VND,success,pos,D000337,91.74.94.146,bank_transfer,Hanoi,"11.49807,107.78798",34,F,2021-11-15,active,0.54,1,0,0,auto_approved,0.554,2022
5f69a916-3ebd-41fd-9984-1b16f94a37ac,U001751,2022-02-23 22:27:25,22:27:25,133083.32,purchase,M00423,VND,success,desktop,D002407,191.180.130.3,credit_card,Bangkok,"12.264473,107.957868",27,M,2018-04-19,active,0.9,2,1,1,pending_review,0.2824,2022
c19cbd71-2dcf-4496-a63f-4cdc6ae05750,U001275,2022-03-01 17:28:16,17:28:16,576533.46,cash_withdrawal,M00081,VND,success,pos,D001296,101.82.223.117,mobile_wallet,Bangkok,"21.06305,103.093717",69,F,2021-04-25,active,0.9,0,0,0,auto_approved,0.292,2022
34c00f65-c496-4cb7-8510-48521bd72d03,U001821,2022-04-12 04:01:45,04:01:45,102157.45,bill_payment,M00067,VND,success,mobile,D000918,108.91.145.137,bank_transfer,Da Nang,"17.204381,104.401551",18,F,2019-12-24,active,0.51,0,0,0,auto_approved,0.2047,2022
14d0b50c-ac0c-41b4-ad13-f8f4b4816970,U000375,2022-03-04 09:26:42,09:26:42,625476.66,cash_withdrawal,M00301,USD,success,mobile,D001904,178.232.22.160,mobile_wallet,Kuala Lumpur,"21.206787,104.831189",45,M,2020-10-29,active,0.87,0,0,0,auto_approved,0.0945,2022
2a997868-4237-45ea-aed9-6f9c928553e9,U001849,2022-09-04 00:34:12,00:34:12,222578.19,cash_withdrawal,M00313,VND,success,mobile,D002788,243.224.71.140,debit_card,Ho Chi Minh City,"9.702804,103.293752",50,F,2016-03-02,active,0.89,1,0,0,auto_approved,0.4374,2022
6467ddaa-7940-404e-b620-6f7ecf377924,U000251,2022-06-28 02:22:36,02:22:36,1370626.01,purchase,M00199,VND,success,atm,D002530,161.179.8.113,mobile_wallet,Ho Chi Minh City,"10.276295,108.131601",63,M,2020-12-21,active,0.93,0,0,0,auto_approved,0.3806,2022
7bdb7ddd-a6c2-41ac-864d-6d7ca7feb2a8,U000190,2022-08-10 08:14:56,08:14:56,746510.66,bill_payment,M00405,VND,success,mobile,D001874,129.47.102.156,bank_transfer,Hanoi,"16.111667,108.495288",49,F,2022-03-08,active,0.71,0,0,0,auto_approved,0.0767,2022
8f8ff7a1-1e4c-4cea-91d4-66ee5e22d941,U000150,2022-10-11 13:48:54,13:48:54,287952.97,cash_withdrawal,M00164,VND,success,mobile,D002018,242.117.233.243,debit_card,Hanoi,"14.69933,108.425102",69,F,2018-05-18,active,0.59,0,0,0,auto_approved,0.201,2022
1f3db121-5cc9-44ec-bf00-dc403341c859,U001964,2022-02-15 20:08:55,20:08:55,131487.89,purchase,M00487,USD,success,atm,D000143,167.119.139.52,credit_card,Ho Chi Minh City,"20.790006,104.221218",39,F,2016-08-03,active,0.83,2,1,1,pending_review,0.1458,2022
0793cdb6-e184-43f1-b743-8835276181af,U000992,2022-12-22 12:50:24,12:50:24,919118.93,bill_payment,M00416,USD,success,mobile,D000747,29.253.47.15,mobile_wallet,Da Nang,"19.735633,107.144483",39,M,2019-04-08,active,0.47,0,0,0,auto_approved,0.1298,2022
e8187012-ea4c-423e-9b75-ab2a6c7836d8,U001501,2022-07-13 04:41:12,04:41:12,153647.22,purchase,M00151,USD,success,desktop,D001298,98.96.201.45,credit_card,Da Nang,"17.263726,107.9246",31,M,2016-01-05,active,0.99,0,0,0,auto_approved,0.16,2022
88591a07-6cc8-400b-bdaf-0aa2d1c414c2,U000541,2022-06-27 11:18:04,11:18:04,1094183.93,transfer,M00371,VND,success,mobile,D001391,25.130.251.66,mobile_wallet,Ho Chi Minh City,"15.213073,104.901511",19,F,2015-03-05,active,0.5,1,0,0,auto_approved,0.3267,2022
a4e998b6-3d83-4190-b295-c3f076ba7d2a,U000223,2022-04-11 12:22:35,12:22:35,262224.98,transfer,M00332,VND,success,mobile,D000534,109.247.121.214,credit_card,Hanoi,"18.909428,106.201389",19,F,2021-09-20,active,0.56,0,1,1,pending_review,0.2191,2022
01381b4a-de70-4cd2-a05f-940ea6ec9f58,U001777,2022-09-27 20:42:42,20:42:42,669045.03,cash_withdrawal,M00027,USD,success,pos,D000909,220.252.98.207,credit_card,Ho Chi Minh City,"21.468311,108.866543",39,M,2022-06-19,active,0.81,0,0,0,auto_approved,0.402,2022
595c5dd2-d88f-4661-8545-7cce6e256087,U001291,2022-10-15 01:08:45,01:08:45,770653.12,online_payment,M00190,VND,success,pos,D000286,154.94.240.191,mobile_wallet,Bangkok,"10.484777,108.302181",18,F,2021-01-09,active,0.5,0,0,0,auto_approved,0.0661,2022
faa76561-075a-4755-aa55-b832114057ff,U000422,2022-09-05 19:22:36,19:22:36,811852.39,purchase,M00226,VND,success,desktop,D000930,97.30.102.226,bank_transfer,Ho Chi Minh City,"20.191099,103.337531",54,M,2017-08-16,active,0.99,0,0,0,auto_approved,0.1783,2022
70ee4ec2-69ef-4722-882f-63c3c1d88fe8,U001652,2022-06-03 23:54:21,23:54:21,320741.23,cash_withdrawal,M00231,USD,failed,pos,D000433,32.190.70.251,debit_card,Singapore,"9.07394,105.462357",47,F,2019-01-15,active,0.88,0,0,0,auto_approved,0.0669,2022
bcfcec70-0b8f-4e02-a29c-f09df445d9df,U000720,2022-05-31 01:56:16,01:56:16,485169.62,cash_withdrawal,M00450,USD,success,pos,D002994,151.144.95.179,debit_card,Hanoi,"13.230337,107.974021",52,M,2017-12-11,active,0.8,0,0,0,auto_approved,0.4106,2022
01ebfa1e-534b-47b7-8805-cbfcd2fbdd6c,U000918,2022-01-23 20:59:13,20:59:13,143313.5,cash_withdrawal,M00051,USD,success,atm,D000454,164.41.28.208,debit_card,Hanoi,"13.056179,107.06106",43,F,2020-12-06,active,0.53,0,0,0,auto_approved,0.3613,2022
5faf1d7c-68fe-43e5-b21d-f696d3761300,U001943,2022-05-08 01:33:21,01:33:21,1422450.24,bill_payment,M00012,VND,success,desktop,D000620,207.218.82.101,credit_card,Kuala Lumpur,"19.75176,104.548675",23,F,2015-03-28,active,0.69,1,0,0,auto_approved,0.2597,2022
0639a43f-ada5-46a2-94b8-52ab0eb116d4,U001251,2022-07-16 15:55:51,15:55:51,325610.32,cash_withdrawal,M00262,USD,success,pos,D001561,93.155.133.55,mobile_wallet,Kuala Lumpur,"13.132878,106.184124",48,M,2017-10-26,active,0.7,0,0,0,auto_approved,0.2974,2022
a7f29fdc-e6f3-4955-babc-4823af51596e,U001817,2022-11-14 04:47:12,04:47:12,405077.32,online_payment,M00019,USD,success,mobile,D000773,119.152.191.46,bank_transfer,Singapore,"20.462046,102.786072",38,M,2014-11-30,active,0.62,0,0,0,auto_approved,0.1047,2022
e4b1d880-36ee-4c74-b9a1-dbb961adcb6b,U001829,2022-10-08 04:27:41,04:27:41,1337852.85,transfer,M00039,USD,success,pos,D001704,133.92.174.137,mobile_wallet,Da Nang,"15.859378,105.052302",32,M,2020-08-05,under_review,0.62,1,0,0,auto_approved,0.4695,2022
8e5a1bd3-993f-43f7-90c1-d932bb1221eb,U001495,2022-03-18 06:29:35,06:29:35,2394808.2,cash_withdrawal,M00002,USD,success,desktop,D000206,2.203.228.166,debit_card,Bangkok,"10.244575,104.339042",25,M,2019-03-28,under_review,0.97,2,1,0,auto_approved,0.3337,2022
c1171777-af68-4030-880f-231dce7db061,U001140,2022-12-04 01:52:09,01:52:09,74736.44,cash_withdrawal,M00192,VND,success,pos,D001419,42.27.1.79,debit_card,Bangkok,"16.195279,102.848635",58,F,2015-06-10,active,0.89,0,0,0,auto_approved,0.4329,2022
4e23d31d-daa6-4728-bc70-739284328bfe,U001932,2022-01-05 10:00:53,10:00:53,784019.32,cash_withdrawal,M00340,USD,failed,atm,D001415,212.59.75.36,mobile_wallet,Singapore,"16.447753,103.286644",62,F,2021-10-19,active,0.94,0,0,0,auto_approved,0.1155,2022
982e830a-84e7-4b5b-8b5a-874386434719,U000498,2022-10-02 14:26:40,14:26:40,1119597.71,bill_payment,M00084,VND,success,atm,D001175,84.15.216.135,debit_card,Da Nang,"21.663196,104.362332",67,M,2014-09-05,active,0.66,0,0,0,auto_approved,0.3796,2022
e6ec9a33-3742-4791-a7b6-5481481b7cd2,U000725,2022-08-21 02:45:47,02:45:47,482295.16,cash_withdrawal,M00114,USD,success,desktop,D002075,49.99.165.103,bank_transfer,Da Nang,"18.081397,105.616716",25,M,2015-02-01,active,0.97,0,0,0,auto_approved,0.3885,2022
da7aa6c5-af66-4696-8b43-a2b2e3d79414,U000771,2022-09-12 05:28:18,05:28:18,31735.34,transfer,M00153,USD,success,atm,D001879,167.184.249.10,mobile_wallet,Ho Chi Minh City,"10.036016,103.322397",34,M,2017-02-13,active,0.6,0,0,0,auto_approved,0.0683,2022
ddff121d-364e-4469-af43-07dfec3d1a35,U001884,2022-05-27 09:36:11,09:36:11,1735795.37,online_payment,M00289,VND,success,desktop,D001499,47.22.244.220,bank_transfer,Ho Chi Minh City,"19.384935,107.716256",23,F,2017-04-26,active,0.49,0,0,0,auto_approved,0.0695,2022
fa2c56fc-8424-4df7-ae27-adea582b2ab8,U001980,2022-01-30 23:58:19,23:58:19,51198.17,bill_payment,M00229,USD,success,mobile,D002897,246.7.206.140,bank_transfer,Ho Chi Minh City,"19.734331,106.34163",48,F,2016-04-24,active,0.86,0,0,0,auto_approved,0.1585,2022
ceae4a4d-4eff-4359-81e6-8af35b00acba,U000936,2022-09-07 08:09:16,08:09:16,454949.26,bill_payment,M00022,VND,failed,desktop,D002878,167.180.37.212,debit_card,Ho Chi Minh City,"8.549503,102.023745",62,M,2015-11-05,active,0.86,0,0,0,auto_approved,0.1628,2022
a6e7d976-0f48-4161-b2fd-a51f6c326567,U001309,2022-04-14 10:07:16,10:07:16,6474.76,purchase,M00195,VND,success,atm,D000042,5.202.28.45,debit_card,Da Nang,"19.410677,106.164542",49,M,2020-01-28,active,0.52,0,0,0,auto_approved,0.3148,2022
600c99ad-c707-4675-9933-93a3fef79ac4,U000638,2022-03-09 20:06:54,20:06:54,1509922.11,online_payment,M00336,VND,success,atm,D000847,143.63.84.175,debit_card,Bangkok,"8.918123,102.283987",26,F,2015-04-03,active,0.63,0,0,0,auto_approved,0.1929,2022
2a4ece76-9610-4d1d-b671-ebaad7d5fd70,U001459,2022-10-12 06:08:24,06:08:24,773800.89,transfer,M00493,USD,success,desktop,D000391,47.99.93.13,credit_card,Kuala Lumpur,"9.268887,103.568725",46,F,2022-01-14,active,0.7,0,0,0,auto_approved,0.4305,2022
13d4e22e-5fd8-4f4d-851e-02ff64974bdb,U000699,2022-08-10 10:44:57,10:44:57,1003487.13,transfer,M00322,USD,success,mobile,D000111,182.238.241.31,credit_card,Da Nang,"21.46049,106.898877",26,M,2016-12-07,active,0.78,0,0,0,auto_approved,0.0796,2022
7b1954c9-4c9e-4b67-9681-f825448c1929,U000913,2022-11-24 06:36:31,06:36:31,276213.54,bill_payment,M00122,USD,success,atm,D000436,84.1.29.118,bank_transfer,Da Nang,"12.008718,107.301132",21,F,2020-06-20,active,0.79,0,0,0,auto_approved,0.3264,2022
f61bb8a9-19f2-4f73-a86d-ec30d391d094,U000689,2022-11-01 00:17:35,00:17:35,787619.29,transfer,M00322,USD,failed,desktop,D001626,241.65.204.89,credit_card,Da Nang,"15.593074,106.623335",46,F,2021-04-14,active,0.7,0,0,0,auto_approved,0.0634,2022
fcc6dc6c-e1a8-47ad-83e9-e3a4985b0589,U001424,2022-05-24 12:31:38,12:31:38,1634157.64,transfer,M00471,VND,success,desktop,D002306,124.103.163.80,mobile_wallet,Kuala Lumpur,"19.733376,105.349576",48,F,2020-06-24,active,0.82,2,1,0,auto_approved,0.1874,2022
01de0e15-c682-4027-8471-b6c040cc1539,U001751,2022-09-02 23:03:52,23:03:52,1387258.71,bill_payment,M00274,VND,success,desktop,D001330,61.178.230.106,credit_card,Hanoi,"12.507565,105.879146",45,M,2015-07-01,active,0.67,1,0,0,auto_approved,0.2062,2022
6317da89-2a73-4003-b212-22b27ee2cba2,U000675,2022-06-20 06:07:50,06:07:50,1101966.0,bill_payment,M00011,USD,success,atm,D000924,17.139.254.53,debit_card,Hanoi,"15.664595,102.715618",53,F,2018-12-15,active,0.68,0,0,0,auto_approved,0.1535,2022
26892c9c-06d8-4230-b8d5-f5ab989a1a34,U000547,2022-05-17 17:18:09,17:18:09,226947.26,online_payment,M00455,VND,success,desktop,D000607,210.141.97.164,credit_card,Bangkok,"17.815197,107.151186",53,M,2018-02-22,active,0.98,0,0,0,auto_approved,0.2092,2022
bcf258fd-423b-4c90-89be-ecff677ffd1e,U000815,2022-01-11 05:32:28,05:32:28,803643.22,bill_payment,M00412,VND,success,atm,D001339,68.23.225.236,credit_card,Da Nang,"15.299032,108.689196",45,M,2021-04-18,active,0.53,0,0,0,auto_approved,0.1697,2022
d5adaa44-d001-4828-8c4c-759bda08127e,U000022,2022-01-21 17:50:17,17:50:17,475905.81,transfer,M00184,USD,success,mobile,D002471,211.145.92.65,bank_transfer,Ho Chi Minh City,"16.474632,102.955995",69,M,2021-02-28,active,0.67,0,0,0,auto_approved,0.4402,2022
f5b90492-6509-470d-aac0-e1ae9abf9cc9,U000174,2022-09-08 17:32:24,17:32:24,994873.77,purchase,M00428,USD,success,mobile,D000048,3.133.48.161,bank_transfer,Da Nang,"8.002851,105.841691",60,F,2016-04-07,active,0.99,0,0,0,auto_approved,0.3019,2022
f80c4f2a-c097-40da-ab26-8168b9379cef,U000432,2022-06-25 05:08:15,05:08:15,878016.66,purchase,M00386,USD,success,desktop,D002959,159.140.249.36,debit_card,Kuala Lumpur,"10.693949,107.543525",20,F,2014-06-12,active,0.98,0,0,0,auto_approved,0.2433,2022
9a49072c-0854-49b1-9413-d50bdf736c7e,U000858,2022-12-08 10:39:15,10:39:15,573772.26,cash_withdrawal,M00016,USD,success,atm,D002718,168.243.153.169,mobile_wallet,Singapore,"13.565089,105.367037",35,F,2019-06-01,active,0.8,0,0,0,auto_approved,0.3373,2022
715fdec0-46ae-4eeb-ac97-c67fb6741dab,U000106,2022-12-03 22:28:13,22:28:13,1291487.07,cash_withdrawal,M00411,VND,success,pos,D001847,115.136.208.45,debit_card,Singapore,"11.683172,105.504203",44,M,2020-11-30,active,0.97,0,0,0,auto_approved,0.0332,2022
15741fac-a7e3-458d-8da2-434a5d7cc679,U001370,2022-09-14 05:57:13,05:57:13,440397.19,purchase,M00432,VND,success,desktop,D000655,126.93.130.224,mobile_wallet,Hanoi,"21.998748,102.185072",42,F,2016-06-20,active,0.79,0,0,0,auto_approved,0.3722,2022
19513e60-8dde-4e2d-b8c0-3321a242f90d,U000213,2022-05-24 21:52:36,21:52:36,585005.66,transfer,M00110,USD,success,atm,D002476,181.73.231.10,bank_transfer,Ho Chi Minh City,"9.641261,102.150363",39,F,2018-02-15,active,0.69,1,0,0,auto_approved,0.3904,2022
b2f8ee91-0fdb-4e11-88e3-9c8273fbb8eb,U001058,2022-04-06 17:21:13,17:21:13,966879.98,bill_payment,M00409,VND,success,desktop,D002065,146.31.43.196,bank_transfer,Da Nang,"13.581708,102.138986",46,M,2020-03-11,active,0.74,0,0,0,auto_approved,0.237,2022
2fead6dd-a2e2-4ab3-b37c-e0624637e925,U001668,2022-07-19 01:23:59,01:23:59,1198177.07,bill_payment,M00215,VND,pending,atm,D001256,206.113.224.74,bank_transfer,Singapore,"11.763654,108.548084",68,M,2017-11-01,active,0.97,0,0,0,auto_approved,0.2632,2022
6136910f-4f1d-4fa1-b14b-948a525cc5bc,U000024,2022-08-13 05:36:22,05:36:22,66439.13,online_payment,M00065,USD,success,pos,D002214,94.155.138.153,bank_transfer,Da Nang,"16.376078,104.661342",21,M,2015-08-14,active,0.75,1,0,0,auto_approved,0.4128,2022
17cfefa0-0695-4737-8cd7-336978e42eb3,U000895,2022-08-16 03:54:53,03:54:53,1109017.16,purchase,M00449,VND,success,atm,D001305,47.151.19.113,bank_transfer,Ho Chi Minh City,"19.759608,102.822482",70,F,2017-05-07,active,0.76,0,0,0,auto_approved,0.032,2022
b38f3552-d4c3-4739-8af7-2edd963a7cc1,U001867,2022-08-18 08:05:49,08:05:49,1315103.27,online_payment,M00276,USD,success,atm,D001594,187.146.176.161,debit_card,Ho Chi Minh City,"11.989126,104.892238",38,M,2016-01-03,active,0.63,0,0,0,auto_approved,0.2764,2022
2be3e2c0-5012-42b5-91dd-a69cd648e1e8,U000761,2022-01-02 17:10:32,17:10:32,403668.99,online_payment,M00478,VND,success,atm,D001051,165.229.228.195,debit_card,Ho Chi Minh City,"14.202068,105.77834",32,M,2021-04-04,active,0.88,0,0,0,auto_approved,0.4348,2022
a8fb42db-1d12-4685-a56a-d8f9080d97ee,U001951,2022-12-11 03:13:00,03:13:00,283593.04,purchase,M00365,VND,success,atm,D000357,105.122.50.150,debit_card,Hanoi,"20.332354,104.040789",67,F,2015-06-14,active,0.54,2,1,0,auto_approved,0.5787,2022
c65751e7-8cb8-464a-9c13-d0fd4bc373c6,U001275,2022-10-03 11:01:37,11:01:37,806966.43,online_payment,M00083,VND,success,atm,D001890,90.44.146.205,debit_card,Hanoi,"9.280585,106.658399",43,F,2018-03-25,blocked,0.78,0,0,0,auto_approved,0.3346,2022
b8eaf14f-bd0e-44b8-acfc-0a3a846c68d5,U000431,2022-04-01 16:09:46,16:09:46,502845.57,bill_payment,M00388,USD,success,desktop,D001238,207.20.246.121,bank_transfer,Singapore,"8.504021,104.319066",63,M,2020-06-26,active,0.48,0,0,0,auto_approved,0.3015,2022
dbdfb239-cf34-4956-b078-924e80d6ba8a,U001424,2022-05-03 07:58:18,07:58:18,33415.51,bill_payment,M00341,USD,success,mobile,D002364,97.158.101.30,debit_card,Hanoi,"16.129201,107.823877",56,F,2017-12-11,active,0.88,0,0,0,auto_approved,0.0748,2022
168ef020-4dca-46fe-bdf6-ab2452108b6e,U000681,2022-04-30 11:26:37,11:26:37,557430.55,online_payment,M00291,VND,success,pos,D001621,151.142.104.73,bank_transfer,Bangkok,"9.692974,103.705528",58,F,2015-01-10,active,0.74,0,0,0,auto_approved,0.0221,2022
f6f06f26-b63b-4d4f-ba6f-fbcc439a3ab0,U001718,2022-11-24 00:24:42,00:24:42,1504368.98,bill_payment,M00199,VND,success,desktop,D002633,164.208.51.228,mobile_wallet,Hanoi,"8.922134,106.953862",46,M,2016-04-24,active,0.56,1,0,0,auto_approved,0.4533,2022
c51f2c24-0f56-47b1-9308-d34e2dd52bd7,U000339,2022-07-05 09:46:01,09:46:01,357619.85,transfer,M00468,USD,success,desktop,D002092,249.34.194.104,mobile_wallet,Hanoi,"14.170525,104.056505",27,M,2014-12-06,active,0.51,0,0,0,auto_approved,0.3654,2022
bf59ad28-c304-4a75-b13b-71dff77982c5,U001105,2022-05-04 17:11:41,17:11:41,324589.16,transfer,M00342,VND,success,desktop,D000668,113.182.87.32,credit_card,Bangkok,"20.799978,104.811806",29,M,2015-04-16,active,0.92,0,0,0,auto_approved,0.0205,2022
f742c4cf-0467-4968-96bc-665fa5d304e8,U001212,2022-01-08 00:40:02,00:40:02,744476.05,online_payment,M00011,USD,success,pos,D002184,169.240.169.117,bank_transfer,Da Nang,"16.914613,104.233142",41,M,2016-10-09,active,0.57,0,1,0,auto_approved,0.5369,2022
32a8185c-7805-49ec-b8f0-1f36e48a709a,U000091,2022-12-17 00:14:18,00:14:18,264994.77,online_payment,M00420,VND,failed,pos,D000418,7.254.135.227,credit_card,Kuala Lumpur,"20.516611,105.037967",22,M,2017-11-12,active,0.55,0,0,0,auto_approved,0.368,2022
94be826f-b551-4a02-b216-224723654c33,U001956,2022-05-18 15:10:25,15:10:25,224145.99,bill_payment,M00166,VND,success,atm,D001336,55.7.54.55,credit_card,Da Nang,"14.432422,103.173825",59,F,2018-11-17,active,0.74,0,0,0,auto_approved,0.3058,2022
36a0ba73-3762-4856-918e-44e9c49f4f1e,U001278,2022-01-01 20:27:39,20:27:39,11760.61,purchase,M00451,USD,success,desktop,D000923,98.181.160.211,credit_card,Kuala Lumpur,"13.779508,107.300794",58,F,2021-02-16,active,0.8,0,0,0,auto_approved,0.1285,2022
e85abac9-3b30-47f9-a78c-4306a24b06f2,U001728,2022-12-18 08:27:41,08:27:41,864864.47,online_payment,M00240,VND,success,atm,D001935,124.159.238.36,credit_card,Kuala Lumpur,"15.722841,107.602108",33,M,2022-10-18,active,0.76,0,0,0,auto_approved,0.2027,2022
4c71c4ee-2387-4989-86e6-87aab23b2f7d,U000495,2022-09-30 08:24:12,08:24:12,1012978.41,cash_withdrawal,M00003,VND,success,pos,D002620,39.48.8.199,debit_card,Ho Chi Minh City,"10.87684,107.310483",38,F,2014-12-10,active,0.83,0,0,0,auto_approved,0.062,2022
4adb35e5-ca2a-4c06-927f-78d826c0de23,U001560,2022-04-08 02:00:06,02:00:06,232026.09,bill_payment,M00402,VND,success,desktop,D000954,233.93.200.222,bank_transfer,Bangkok,"11.57446,107.133948",36,F,2017-04-06,active,0.69,0,1,0,auto_approved,0.5566,2022
315d902b-182a-4739-a3ea-9742e0ea90a4,U001958,2022-08-31 06:14:05,06:14:05,745301.2,online_payment,M00059,VND,success,atm,D000959,228.71.75.238,mobile_wallet,Da Nang,"14.026214,106.249818",19,F,2016-01-14,blocked,0.73,0,0,0,auto_approved,0.4319,2022
ca09698d-babd-4f8e-823a-9cc75256d3b5,U001197,2022-08-09 03:17:27,03:17:27,43658.24,transfer,M00373,VND,success,atm,D002270,94.139.137.136,mobile_wallet,Bangkok,"14.003647,103.843108",59,M,2018-03-20,active,0.9,2,1,0,auto_approved,0.1867,2022
e61f7de5-24f1-44ab-8ae0-d0013c6d012b,U001399,2022-07-24 21:51:59,21:51:59,902586.23,transfer,M00348,USD,pending,atm,D000085,45.65.224.144,credit_card,Bangkok,"9.198874,103.855473",21,F,2020-06-10,active,0.57,1,0,0,auto_approved,0.2223,2022
ab1bd38b-369c-4541-bfd1-26b1d8b720f2,U001464,2022-03-29 15:25:56,15:25:56,653778.66,cash_withdrawal,M00069,USD,success,pos,D000805,11.75.25.14,mobile_wallet,Bangkok,"13.778975,107.136708",41,F,2015-02-15,active,0.94,0,0,0,auto_approved,0.3867,2022
bcda3cf6-fb55-4234-a81e-fa0477af5643,U000797,2022-09-15 11:16:25,11:16:25,350515.54,transfer,M00178,USD,success,mobile,D001218,157.199.78.46,mobile_wallet,Da Nang,"19.579482,104.729943",34,M,2021-11-28,active,0.88,1,0,0,auto_approved,0.342,2022
6965616d-6d16-4b7d-8d51-b78d7c7a1218,U000999,2022-11-11 19:45:26,19:45:26,200004.27,purchase,M00024,VND,success,pos,D002500,60.189.8.231,debit_card,Singapore,"9.633411,103.353157",40,M,2021-11-25,active,0.46,1,0,0,auto_approved,0.136,2022
2c5cfb0c-1b87-487a-9a4e-ab17a04c786b,U001120,2022-06-16 09:53:49,09:53:49,229648.32,purchase,M00213,USD,success,atm,D000065,94.212.168.29,credit_card,Bangkok,"15.536399,104.149264",22,M,2018-01-27,active,0.9,0,0,0,auto_approved,0.1811,2022
984ec9e8-311e-4717-8b04-e6faf5ce675c,U001403,2022-04-29 09:29:35,09:29:35,650502.32,online_payment,M00172,USD,success,desktop,D001840,65.239.45.26,credit_card,Singapore,"20.656315,105.754888",21,F,2020-03-13,active,0.67,0,0,0,auto_approved,0.1461,2022
f837c0c6-c0a4-40f8-9995-cc4e61ba0b68,U001167,2022-06-07 12:35:26,12:35:26,191817.77,bill_payment,M00441,USD,success,desktop,D002234,64.14.158.30,bank_transfer,Kuala Lumpur,"19.213654,108.874314",25,F,2017-04-12,active,0.67,0,0,0,auto_approved,0.3086,2022
7746131a-ab71-4fbc-ab16-e54a4d58fa83,U000501,2022-10-19 19:34:00,19:34:00,756527.16,bill_payment,M00457,VND,success,mobile,D002270,150.215.69.62,mobile_wallet,Da Nang,"20.299067,104.550669",39,M,2016-06-09,active,0.88,0,0,0,auto_approved,0.2982,2022
a156ad81-3947-450d-a535-ccf949163fad,U000279,2022-08-02 07:15:31,07:15:31,1028839.46,online_payment,M00098,VND,success,mobile,D000959,118.50.227.210,mobile_wallet,Hanoi,"17.657428,107.850222",59,F,2016-06-23,active,0.45,0,0,0,auto_approved,0.0634,2022
0dfaa6ba-126a-45ac-944d-931442ce6c5e,U000135,2022-04-13 19:21:02,19:21:02,170600.41,purchase,M00091,VND,pending,pos,D002647,65.50.200.169,debit_card,Ho Chi Minh City,"18.41279,103.831071",24,M,2019-03-18,active,0.57,0,0,0,auto_approved,0.3666,2022
81a4b965-f724-4862-b391-c0239af380c8,U001384,2022-10-05 16:32:49,16:32:49,33705.18,bill_payment,M00385,VND,success,mobile,D000998,123.155.240.61,debit_card,Bangkok,"19.531068,105.429315",30,F,2014-11-12,active,0.65,0,0,0,auto_approved,0.4431,2022
f982764a-550e-4e2a-86e7-cd0c306d5dfc,U001889,2022-07-11 01:28:53,01:28:53,584513.54,transfer,M00183,VND,success,mobile,D001326,177.140.217.126,credit_card,Hanoi,"9.080319,104.317857",18,M,2020-07-29,active,0.98,0,0,0,auto_approved,0.4007,2022
312a5e7a-325b-4735-9369-9a5e42f2b604,U000528,2022-01-31 06:54:21,06:54:21,1134866.92,cash_withdrawal,M00258,VND,success,atm,D002810,236.130.198.164,bank_transfer,Bangkok,"20.181426,104.651886",24,M,2019-01-08,active,0.85,1,0,0,auto_approved,0.3413,2022
78899a9a-c46c-47f1-96ab-0f79181c7408,U001444,2022-03-17 16:07:39,16:07:39,426275.6,cash_withdrawal,M00489,USD,success,atm,D002584,33.119.225.73,debit_card,Hanoi,"16.75396,105.408311",29,M,2020-03-27,under_review,0.51,0,0,0,auto_approved,0.2919,2022
adf2d717-a409-4752-8721-5bddc9e35573,U000630,2022-12-26 12:12:32,12:12:32,257446.32,online_payment,M00042,VND,success,mobile,D000320,108.96.102.240,bank_transfer,Hanoi,"16.474713,102.201712",49,M,2019-11-05,active,0.84,0,0,0,auto_approved,0.1421,2022
aacadfd8-d869-426a-bf80-9a015bc7add5,U001857,2022-10-08 23:07:06,23:07:06,398708.61,purchase,M00010,USD,success,mobile,D002033,15.215.15.192,mobile_wallet,Kuala Lumpur,"9.421232,104.73278",18,F,2016-09-17,active,0.79,0,0,0,auto_approved,0.2076,2022
74ddb637-322c-4bbe-93ac-d633142d5c62,U000071,2022-04-26 15:18:49,15:18:49,1016670.3,bill_payment,M00053,USD,success,mobile,D002887,179.134.194.43,debit_card,Kuala Lumpur,"10.447542,108.844833",30,F,2015-10-28,active,0.59,0,0,0,auto_approved,0.3145,2022
aa864625-616b-4abf-9875-3c87ff12dc36,U000143,2022-04-19 12:23:40,12:23:40,189681.1,bill_payment,M00016,USD,success,atm,D000805,198.161.48.92,credit_card,Da Nang,"18.245029,108.212084",61,M,2014-12-29,active,0.91,1,0,0,auto_approved,0.5966,2022
b9295832-d86e-4f0c-b30e-df17ac9bae38,U001769,2022-08-29 04:46:13,04:46:13,75493.54,bill_payment,M00357,VND,success,mobile,D001761,135.195.175.49,bank_transfer,Ho Chi Minh City,"12.782074,107.482929",54,F,2017-08-02,active,0.94,2,1,0,auto_approved,0.6118,2022
909ede24-cd06-4fae-a388-8b43b74fa700,U001061,2022-11-13 19:44:32,19:44:32,187625.38,bill_payment,M00488,USD,success,mobile,D002229,29.169.47.236,debit_card,Ho Chi Minh City,"18.455604,104.494005",58,M,2022-02-22,active,0.57,1,0,0,auto_approved,0.3392,2022
f64055f5-dcc1-45ac-a635-ca085effab3b,U000839,2022-01-04 02:43:16,02:43:16,1306092.09,transfer,M00045,VND,success,pos,D002874,142.115.229.49,debit_card,Kuala Lumpur,"8.302797,107.027966",29,M,2014-01-15,active,0.6,1,0,0,auto_approved,0.3168,2022
cbb7bb29-a208-4970-9fe9-7aa05a6ee332,U000216,2022-11-29 05:37:21,05:37:21,642649.54,cash_withdrawal,M00030,USD,success,desktop,D002322,76.61.220.225,bank_transfer,Bangkok,"8.872793,107.973736",52,M,2019-10-29,active,0.76,0,0,0,auto_approved,0.0882,2022
96d3ef5f-08d7-4270-b739-9949215767a9,U001368,2022-06-09 05:40:03,05:40:03,92453.98,online_payment,M00143,USD,pending,mobile,D002862,181.110.52.108,debit_card,Bangkok,"19.290131,106.757063",69,F,2021-02-27,active,0.95,1,0,0,auto_approved,0.3727,2022
548741bb-97ef-49dc-a93f-2d07b895c85f,U000471,2022-03-26 18:57:06,18:57:06,1606402.42,purchase,M00259,VND,success,pos,D002531,47.24.187.173,credit_card,Bangkok,"18.652624,106.001737",68,F,2020-03-05,active,0.68,0,0,0,auto_approved,0.2014,2022
1cc3474e-1d83-4a3f-853d-9507fb185179,U001621,2022-10-27 07:57:14,07:57:14,24826.83,transfer,M00477,VND,success,atm,D002699,60.24.150.103,bank_transfer,Ho Chi Minh City,"14.434537,102.368903",37,F,2015-05-27,active,0.83,0,0,0,auto_approved,0.4092,2022
058f41c4-6222-4f42-82ad-36ce3c98630b,U001716,2022-06-16 23:36:06,23:36:06,1390538.43,cash_withdrawal,M00077,USD,success,desktop,D000194,171.161.99.76,debit_card,Singapore,"16.992837,104.047518",26,F,2018-05-31,active,0.6,0,0,0,auto_approved,0.2017,2022
e087cd1e-5092-402c-bf71-be2ba351eccb,U001119,2022-08-28 02:08:10,02:08:10,581875.79,transfer,M00009,VND,success,pos,D001221,145.41.170.116,debit_card,Bangkok,"12.262115,105.562413",61,F,2020-12-11,active,0.9,0,0,0,auto_approved,0.3311,2022
463ff1a5-2236-40d1-8bfe-a278494aae45,U001349,2022-04-03 05:59:16,05:59:16,16770.2,purchase,M00072,USD,failed,desktop,D001470,92.78.77.85,credit_card,Bangkok,"20.386162,106.18139",51,M,2021-12-21,active,0.76,0,0,0,auto_approved,0.2986,2022
41f1e0db-3b0f-4449-8847-8302c01d5efb,U001527,2022-03-25 15:14:46,15:14:46,1411456.65,transfer,M00291,VND,success,desktop,D000607,168.182.119.28,credit_card,Ho Chi Minh City,"13.433458,105.826581",40,F,2015-09-15,active,0.97,0,0,0,auto_approved,0.4194,2022
7cd8725c-82ac-467c-a2db-6ee2b466c1d0,U000870,2022-02-11 17:38:04,17:38:04,552418.52,online_payment,M00066,USD,success,desktop,D002585,54.142.241.223,bank_transfer,Hanoi,"11.355827,102.383409",29,M,2021-10-11,active,0.66,0,0,0,auto_approved,0.2703,2022
28dda19a-af85-4a18-9a20-68029f500d35,U001487,2022-08-30 04:38:19,04:38:19,1525815.25,transfer,M00043,VND,success,atm,D002650,46.105.224.57,debit_card,Da Nang,"8.411633,103.02071",69,F,2014-07-07,active,0.6,0,0,0,auto_approved,0.1533,2022
2a5bd871-aa20-45ef-89ed-15feab50d601,U001064,2022-07-06 18:10:23,18:10:23,377589.54,transfer,M00125,VND,success,desktop,D002791,85.216.50.15,mobile_wallet,Ho Chi Minh City,"15.727102,103.338964",18,M,2018-08-18,active,0.83,0,0,0,auto_approved,0.3797,2022
640edf39-264c-4423-a5d1-79807f81b536,U001535,2022-08-08 15:04:53,15:04:53,479741.22,bill_payment,M00473,VND,success,pos,D002357,47.72.198.22,credit_card,Kuala Lumpur,"14.014561,107.27704",62,M,2017-08-30,active,0.65,0,0,0,auto_approved,0.2355,2022
d8b5b1a8-0998-4a7d-a7ce-f49631fabe34,U001844,2022-06-22 23:05:13,23:05:13,393302.55,online_payment,M00065,VND,success,pos,D002796,179.109.119.10,debit_card,Da Nang,"11.730209,104.904766",34,F,2017-03-18,active,0.62,0,0,0,auto_approved,0.2065,2022
f5b3bf00-5877-4963-b65e-42c36a84ffde,U000230,2022-04-07 23:46:06,23:46:06,2183001.54,cash_withdrawal,M00264,USD,success,mobile,D001637,243.165.20.203,mobile_wallet,Hanoi,"13.624721,103.595196",27,M,2021-10-09,active,0.54,2,1,0,auto_approved,0.5243,2022
cbb6b6f6-a882-41a8-835a-8a1ea74311ed,U001311,2022-01-13 19:22:29,19:22:29,18532.4,bill_payment,M00073,VND,success,desktop,D000975,69.251.196.164,mobile_wallet,Bangkok,"20.420067,102.664218",56,M,2021-05-02,active,0.78,0,0,0,auto_approved,0.0977,2022
35a0cafe-99d7-46dc-b568-3bb40019aa65,U000325,2022-12-08 13:57:48,13:57:48,301357.75,cash_withdrawal,M00440,USD,success,desktop,D002249,154.96.211.103,mobile_wallet,Bangkok,"13.896276,107.772494",57,F,2019-11-09,active,0.57,0,0,0,auto_approved,0.2724,2022
ae24c901-f62b-4278-85d3-094e655e8515,U001251,2022-09-18 07:43:07,07:43:07,1785117.11,online_payment,M00147,VND,success,pos,D000926,239.138.148.228,bank_transfer,Singapore,"16.155863,108.675216",41,M,2017-08-10,active,0.61,0,0,0,auto_approved,0.3021,2022
77f3998e-734b-4ba7-84f7-b58d492ec0e6,U000047,2022-09-03 14:11:35,14:11:35,762277.9,cash_withdrawal,M00469,USD,success,pos,D000774,125.197.91.226,mobile_wallet,Singapore,"13.304781,105.550846",38,M,2018-07-03,active,0.58,0,0,0,auto_approved,0.135,2022
ebaa6ed4-2bda-43c1-b09d-373eb155bd66,U000153,2022-01-17 02:57:02,02:57:02,483380.17,online_payment,M00293,USD,success,pos,D002360,232.35.152.193,bank_transfer,Singapore,"14.699073,105.852201",19,M,2015-01-23,active,0.69,0,0,0,auto_approved,0.0543,2022
27c81c65-1298-4ee6-ac85-376c909b8a82,U000158,2022-10-08 18:44:20,18:44:20,1375765.11,online_payment,M00217,USD,success,pos,D002994,93.57.78.156,mobile_wallet,Singapore,"18.705179,107.785551",67,F,2020-04-16,active,0.81,2,1,0,auto_approved,0.4637,2022
e7d56cee-bc21-4d5f-bd03-19bf138bd1d2,U000231,2022-05-06 12:41:12,12:41:12,292636.91,purchase,M00003,VND,success,atm,D000469,129.163.60.154,bank_transfer,Kuala Lumpur,"11.080439,106.684743",69,F,2015-05-13,active,0.5,0,0,0,auto_approved,0.3737,2022
38b7b01d-945e-4844-9c35-f1a15ee82a3e,U000015,2022-01-31 00:37:10,00:37:10,2699.24,purchase,M00147,USD,success,pos,D000740,74.197.102.250,debit_card,Kuala Lumpur,"8.086365,103.698768",47,F,2014-12-26,active,0.56,0,0,0,auto_approved,0.2069,2022
e8869176-044e-41c6-a6d5-65c980e6ba0b,U000982,2022-12-01 06:26:05,06:26:05,331371.04,purchase,M00491,VND,success,desktop,D002683,60.189.226.147,debit_card,Bangkok,"14.227872,103.567606",47,M,2018-11-14,active,0.52,0,0,0,auto_approved,0.3321,2022
e85daa7f-59a2-401c-8a99-6030bd3f9297,U000815,2022-06-02 16:17:07,16:17:07,192893.78,bill_payment,M00385,USD,success,mobile,D001163,163.236.21.97,bank_transfer,Hanoi,"13.732274,103.078255",65,M,2020-03-18,active,0.79,0,0,0,auto_approved,0.3861,2022
246eafa4-a969-44d1-8344-8456b8c8204c,U001278,2022-04-20 03:19:34,03:19:34,484635.77,online_payment,M00392,USD,success,pos,D002514,132.190.33.27,bank_transfer,Ho Chi Minh City,"17.505522,102.968364",70,M,2015-05-28,active,0.91,0,0,0,auto_approved,0.027,2022
1d804a9d-31aa-43e0-a2c2-4b2d2765101a,U001856,2022-01-25 05:32:28,05:32:28,573381.85,cash_withdrawal,M00439,USD,success,desktop,D000003,80.185.144.239,credit_card,Da Nang,"17.559623,103.018857",56,M,2015-08-07,active,0.8,0,0,0,auto_approved,0.4227,2022
3bc7308e-73ff-46ba-9268-bbcc5fdf58aa,U001303,2022-09-01 11:17:50,11:17:50,891706.46,bill_payment,M00082,VND,success,atm,D001578,41.114.14.172,mobile_wallet,Singapore,"17.548551,104.414828",35,M,2019-10-29,active,0.52,0,0,0,auto_approved,0.1129,2022
a2a75319-18d1-4d46-b059-e2a57a06570f,U001188,2022-07-08 03:40:52,03:40:52,181886.8,bill_payment,M00484,USD,success,desktop,D002645,60.94.128.216,credit_card,Bangkok,"18.680388,107.627573",45,M,2017-04-07,active,0.62,1,0,0,auto_approved,0.1921,2022
102563ae-f8c2-4350-9a3d-ac141248d5f9,U001247,2022-08-17 12:59:27,12:59:27,662759.63,purchase,M00310,VND,success,desktop,D001623,129.178.13.28,bank_transfer,Kuala Lumpur,"15.778475,105.9599",45,F,2018-06-14,under_review,0.66,0,0,0,auto_approved,0.3213,2022
23ab9b28-48c3-40c9-9524-fe0dbfd1f78d,U000907,2022-06-03 21:57:23,21:57:23,1070440.0,bill_payment,M00146,VND,success,pos,D002556,4.1.142.201,mobile_wallet,Kuala Lumpur,"21.134055,103.444051",61,M,2021-10-18,blocked,0.71,0,0,0,auto_approved,0.1756,2022
c3fe10a9-f558-4eef-9ab3-22d73fe61fc8,U000061,2022-07-16 00:43:44,00:43:44,216129.33,online_payment,M00386,VND,failed,pos,D001504,84.148.234.59,credit_card,Kuala Lumpur,"21.053527,104.881703",40,F,2015-09-05,active,0.72,0,0,0,auto_approved,0.3889,2022
ad00b56e-9460-4fc8-8aff-4dd9f96e0975,U000771,2022-05-27 00:49:58,00:49:58,750219.43,online_payment,M00232,VND,success,pos,D002028,133.220.255.171,mobile_wallet,Hanoi,"14.973209,107.605527",69,F,2021-04-01,active,0.8,0,0,0,auto_approved,0.117,2022
fe50495d-1215-4d57-a051-925d90fecc56,U001442,2022-05-10 22:12:33,22:12:33,649282.47,purchase,M00225,VND,pending,desktop,D002104,94.116.146.225,credit_card,Da Nang,"10.037315,107.173598",48,M,2018-06-23,under_review,0.65,0,0,0,auto_approved,0.402,2022
e76e14bf-05b0-4bcd-bb36-52766895de80,U001954,2022-03-23 17:23:19,17:23:19,229318.43,online_payment,M00478,USD,pending,mobile,D002448,45.254.148.36,debit_card,Singapore,"9.16567,108.504599",27,F,2015-07-05,active,0.98,0,0,0,auto_approved,0.0714,2022
8a2232f7-3a3c-4117-add1-ac72a8ad295b,U000152,2022-09-27 18:01:43,18:01:43,730147.18,bill_payment,M00420,VND,failed,pos,D000855,9.232.231.42,bank_transfer,Hanoi,"21.110622,103.535326",69,M,2018-08-11,active,0.78,0,0,0,auto_approved,0.1065,2022
e132c1b6-8ff9-40f1-bb92-65f41f1a750c,U001286,2022-03-16 04:36:32,04:36:32,250863.74,purchase,M00481,VND,success,pos,D002664,7.16.164.249,credit_card,Singapore,"21.982288,108.410354",53,M,2019-02-14,active,0.67,0,0,0,auto_approved,0.4227,2022
2ac3c281-818a-460b-9a9b-97874382e98a,U000010,2022-06-23 02:44:27,02:44:27,445245.71,bill_payment,M00340,VND,success,mobile,D002370,40.21.136.13,bank_transfer,Kuala Lumpur,"9.784008,102.581168",55,M,2014-11-07,active,0.81,1,0,0,auto_approved,0.3109,2022
fcae8ec1-b174-4096-adf4-b53bc012f0ea,U001344,2022-10-14 13:16:24,13:16:24,566923.91,cash_withdrawal,M00079,VND,success,atm,D002030,174.68.177.126,credit_card,Da Nang,"9.859014,106.797594",34,F,2015-10-10,active,0.45,0,0,0,auto_approved,0.069,2022
a8f09e2d-0829-404e-89e4-1451482f8932,U001274,2022-01-27 10:29:17,10:29:17,1067743.43,purchase,M00213,USD,success,mobile,D001151,31.204.165.186,mobile_wallet,Bangkok,"20.426665,107.869582",70,M,2021-02-06,active,0.45,0,0,0,auto_approved,0.1901,2022
b0fef89f-c876-4847-b236-d2b75599e2a9,U000482,2022-10-05 17:48:24,17:48:24,958339.29,transfer,M00075,VND,success,desktop,D000830,35.39.70.71,mobile_wallet,Ho Chi Minh City,"13.375298,105.825253",69,M,2017-03-31,active,0.86,0,0,0,auto_approved,0.4222,2022
52f3ea06-8495-490b-bd33-96812574bdbc,U000150,2022-04-16 06:02:51,06:02:51,769304.85,purchase,M00175,VND,success,desktop,D001566,207.245.198.147,mobile_wallet,Hanoi,"10.547903,105.445906",64,M,2014-08-06,active,0.85,0,0,0,auto_approved,0.3034,2022
f013cfe9-7556-4cfe-97e3-298dad386aab,U000605,2022-01-18 03:47:47,03:47:47,254067.91,transfer,M00345,VND,success,mobile,D002007,49.234.146.142,bank_transfer,Bangkok,"15.361873,108.595293",24,M,2015-10-30,active,0.87,0,0,0,auto_approved,0.3207,2022
eefac93d-1497-4bc9-99d0-bb100a931da2,U000420,2022-05-06 20:21:18,20:21:18,648875.43,online_payment,M00067,USD,success,mobile,D000372,118.10.140.183,credit_card,Singapore,"21.858538,102.711031",23,M,2014-04-12,active,0.75,1,0,0,auto_approved,0.1827,2022
c52867df-75c1-4dbd-ac72-876295125b83,U000931,2022-04-23 01:16:18,01:16:18,1757596.8,bill_payment,M00032,VND,success,mobile,D002003,90.138.102.70,credit_card,Hanoi,"19.058882,107.560709",67,M,2019-09-22,active,0.64,0,0,0,auto_approved,0.1831,2022
f57e5db8-b56c-40d0-b1ec-9d7a48ff3eca,U000589,2022-04-19 00:54:38,00:54:38,1486412.01,bill_payment,M00146,USD,success,desktop,D002412,128.28.185.100,bank_transfer,Kuala Lumpur,"9.135491,103.994634",41,M,2014-02-21,active,0.68,0,0,0,auto_approved,0.1928,2022
e9e33f8a-1203-4061-9f12-0ba5cabef4f2,U000554,2022-11-17 11:49:55,11:49:55,32686.76,purchase,M00382,VND,success,atm,D002037,71.198.179.205,credit_card,Da Nang,"20.414062,102.101567",59,M,2020-01-10,active,0.83,0,0,0,auto_approved,0.1937,2022
128f35eb-e6ab-4d1d-8b19-2b302a129a61,U000440,2022-11-16 20:43:56,20:43:56,196382.37,cash_withdrawal,M00082,VND,success,mobile,D000134,147.188.24.200,debit_card,Hanoi,"10.221172,105.897294",19,F,2017-09-14,active,0.9,0,0,0,auto_approved,0.0143,2022
46d89e21-382a-470d-a284-73b1987d93ae,U000886,2022-07-19 06:34:57,06:34:57,433906.69,transfer,M00227,USD,success,desktop,D001805,225.250.180.212,debit_card,Singapore,"10.073019,106.756141",67,M,2015-08-25,active,0.74,0,0,0,auto_approved,0.114,2022
cc4984ea-d7d4-4c1f-b3c3-b88452f2b455,U000579,2022-10-02 06:04:58,06:04:58,3460879.13,purchase,M00374,USD,success,desktop,D000073,200.86.133.61,credit_card,Ho Chi Minh City,"12.805765,105.941577",55,F,2021-12-21,active,0.67,0,1,0,auto_approved,0.6526,2022
15b64ec5-6abe-4c8e-9616-13d65428eb8c,U001758,2022-01-31 18:59:01,18:59:01,427980.36,cash_withdrawal,M00036,VND,success,mobile,D002819,95.56.7.107,debit_card,Ho Chi Minh City,"20.117714,106.33012",42,F,2020-07-01,active,0.91,0,0,0,auto_approved,0.1147,2022
3701989c-ec08-44bd-902c-48611e6b6332,U001950,2022-07-23 02:04:36,02:04:36,83832.94,cash_withdrawal,M00287,VND,success,desktop,D002452,176.66.206.151,credit_card,Bangkok,"16.760215,104.115196",62,M,2022-06-18,active,0.47,1,0,0,auto_approved,0.1791,2022
fd2e2c63-d1a9-4fe6-a92a-282c767eeee2,U001292,2022-11-17 06:31:57,06:31:57,150163.72,purchase,M00005,VND,success,atm,D001018,84.222.76.220,bank_transfer,Ho Chi Minh City,"21.452144,106.166283",51,F,2014-11-04,active,0.5,0,0,0,auto_approved,0.2121,2022
91fa2369-7ff3-4dfc-9869-59893e734545,U000293,2022-09-06 05:33:49,05:33:49,2458684.22,cash_withdrawal,M00022,USD,success,desktop,D000143,255.154.108.200,bank_transfer,Hanoi,"19.342464,107.626517",60,F,2016-09-09,active,0.83,0,0,0,auto_approved,0.1407,2022
876bf691-477c-428e-a7d2-85753ac672a7,U000707,2022-08-29 14:05:07,14:05:07,2338941.9,cash_withdrawal,M00031,USD,success,atm,D000806,4.212.97.62,credit_card,Singapore,"14.222966,108.839339",68,M,2019-01-03,active,0.47,0,0,0,auto_approved,0.1573,2022
103d7ca2-a16e-4723-99ef-e119da4da2cf,U001711,2022-03-10 18:35:48,18:35:48,502033.2,cash_withdrawal,M00479,USD,failed,pos,D001503,121.20.54.97,debit_card,Kuala Lumpur,"21.452575,106.281198",63,M,2019-11-20,active,0.59,0,0,0,auto_approved,0.377,2022
02c565c0-eb09-4b80-94fc-bedc59eb2f63,U001185,2022-12-27 03:08:02,03:08:02,2651240.21,cash_withdrawal,M00028,USD,success,mobile,D000615,113.169.102.225,mobile_wallet,Kuala Lumpur,"8.504172,105.501702",22,M,2021-08-22,active,0.65,0,0,0,auto_approved,0.1484,2022
39c3924b-246e-4b21-b282-7949f670581c,U001065,2022-12-07 21:41:13,21:41:13,176169.06,cash_withdrawal,M00406,VND,success,pos,D001420,64.31.11.186,credit_card,Da Nang,"21.251446,106.775872",66,M,2016-07-08,active,0.89,0,0,0,auto_approved,0.1015,2022
000010b7-a9cd-488f-8852-1acf7a171290,U000028,2022-09-06 19:00:43,19:00:43,456006.86,cash_withdrawal,M00069,USD,success,pos,D001767,112.168.60.255,credit_card,Bangkok,"11.861971,105.774082",62,F,2021-02-09,active,0.92,0,0,0,auto_approved,0.2386,2022
5bf87afc-446b-43d1-b284-d56f7a992e21,U000231,2022-11-28 19:33:21,19:33:21,1942098.97,cash_withdrawal,M00275,USD,success,atm,D002501,240.121.222.137,mobile_wallet,Da Nang,"8.716849,103.140385",27,F,2021-09-15,active,0.48,0,0,0,auto_approved,0.2265,2022
dbf2c2a3-e7c2-465a-82f1-1d5b7e381cd0,U001492,2022-12-22 10:04:06,10:04:06,379113.6,transfer,M00253,VND,success,mobile,D000842,25.178.242.244,mobile_wallet,Hanoi,"12.718963,102.330086",55,M,2015-07-02,active,0.89,0,0,0,auto_approved,0.2236,2022
947d43ea-ae44-4bcf-a1bd-8a8c9635e23e,U001082,2022-10-18 02:06:03,02:06:03,923143.75,bill_payment,M00457,USD,success,pos,D002712,213.75.52.7,bank_transfer,Singapore,"17.296956,105.868374",43,M,2018-10-13,active,0.74,0,0,0,auto_approved,0.4181,2022
6ce5e7fb-7489-4397-ab5f-f00c6366ebf0,U001713,2022-07-27 15:36:28,15:36:28,2701068.3,online_payment,M00089,VND,success,desktop,D002475,101.203.225.105,credit_card,Da Nang,"10.969101,103.063438",48,M,2020-01-31,active,0.65,0,0,0,auto_approved,0.0218,2022
aa334830-5fd1-462b-bcd8-5c11ed3fc59a,U001212,2022-05-25 04:36:35,04:36:35,379447.48,bill_payment,M00359,VND,success,atm,D002395,236.138.224.70,mobile_wallet,Kuala Lumpur,"12.444157,106.662321",20,M,2021-09-28,active,0.58,0,0,0,auto_approved,0.2013,2022
f9fbfc64-47da-482e-b14f-342b8f5d6486,U001529,2022-04-09 07:23:14,07:23:14,295714.08,cash_withdrawal,M00442,VND,success,mobile,D002959,159.145.78.15,mobile_wallet,Bangkok,"10.009166,104.69591",20,F,2019-10-07,active,0.95,0,0,0,auto_approved,0.3904,2022
0cbe6040-3ec2-419e-acb4-3090c0877eb0,U000061,2022-09-12 01:05:18,01:05:18,2421142.0,transfer,M00355,USD,success,mobile,D001709,17.239.235.245,credit_card,Ho Chi Minh City,"17.834974,103.405204",29,M,2017-02-14,under_review,0.54,0,0,0,auto_approved,0.0354,2022
7dcd92fd-6540-4155-b448-6988140a74ee,U001278,2022-02-05 20:56:10,20:56:10,1154824.71,purchase,M00262,USD,failed,atm,D000097,203.153.166.180,bank_transfer,Kuala Lumpur,"10.218647,104.944822",28,F,2015-04-06,active,0.71,1,0,0,auto_approved,0.4639,2022
36e2029f-152a-4f4c-8317-62f3cc62b336,U000676,2022-09-07 16:54:04,16:54:04,361702.67,transfer,M00186,VND,success,atm,D002761,48.69.55.74,credit_card,Hanoi,"21.214413,108.679383",27,F,2020-03-26,active,1.0,0,0,0,auto_approved,0.3631,2022
408fe67a-10ab-4b6d-9603-8fb1e3c364ac,U001401,2022-06-03 13:30:39,13:30:39,1698836.6,transfer,M00134,USD,success,pos,D001620,35.234.203.94,debit_card,Da Nang,"21.986831,104.555432",27,M,2022-04-12,active,0.92,0,0,0,auto_approved,0.0893,2022
726d97ef-2560-4929-a73f-2639fd00716c,U000998,2022-10-08 02:48:37,02:48:37,37844.55,purchase,M00312,USD,success,atm,D002685,169.48.109.218,bank_transfer,Da Nang,"8.473828,103.418592",23,M,2022-07-24,active,0.98,0,0,0,auto_approved,0.0878,2022
51d28e38-5521-4157-b64a-dacf82557e17,U000077,2022-04-06 11:32:34,11:32:34,661479.32,bill_payment,M00151,USD,success,atm,D000365,88.171.29.59,mobile_wallet,Da Nang,"10.980718,106.148429",70,M,2015-12-24,active,0.98,0,0,0,auto_approved,0.2089,2022
181ccd8c-2b7f-4d6a-8959-c7b47b5046e0,U001624,2022-06-07 16:35:16,16:35:16,863626.73,transfer,M00478,USD,success,pos,D000388,142.66.180.50,mobile_wallet,Singapore,"8.376644,105.379395",29,F,2018-09-21,active,0.55,0,0,0,auto_approved,0.2026,2022
aa9e1bf8-bc23-4c13-ab44-0c5acf2df7e8,U001580,2022-01-04 22:29:57,22:29:57,1473133.95,online_payment,M00199,VND,success,atm,D001768,143.87.207.194,bank_transfer,Bangkok,"9.13832,104.928735",58,M,2018-07-15,active,0.5,0,0,0,auto_approved,0.3783,2022
d4af2628-96c8-41c1-a013-ced4b46ee6f3,U001613,2022-09-06 06:44:36,06:44:36,183071.0,cash_withdrawal,M00168,VND,pending,desktop,D002371,233.172.172.246,debit_card,Kuala Lumpur,"15.057491,105.833432",31,M,2015-01-12,active,0.79,0,0,0,auto_approved,0.1669,2022
8e26e466-1ab8-4ff9-9e6c-87743c42526b,U001431,2022-06-22 10:14:17,10:14:17,1368315.33,cash_withdrawal,M00324,VND,failed,mobile,D001381,252.175.248.220,mobile_wallet,Ho Chi Minh City,"19.416585,104.641123",19,F,2020-08-18,active,0.73,0,0,0,auto_approved,0.2665,2022
48972fa3-b594-451a-bc57-3da85f554749,U000316,2022-06-22 15:22:54,15:22:54,865569.48,bill_payment,M00056,USD,success,atm,D000330,48.237.215.27,mobile_wallet,Kuala Lumpur,"15.671975,102.999085",63,F,2016-02-13,active,0.69,0,0,0,auto_approved,0.2612,2022
e813ef10-5c11-477f-821b-1ed268049236,U001821,2022-08-25 16:09:49,16:09:49,4574.42,online_payment,M00386,USD,success,mobile,D002371,66.191.53.117,debit_card,Kuala Lumpur,"14.43348,104.765244",20,F,2020-07-17,active,0.74,0,0,0,auto_approved,0.1732,2022
c7e6ab8a-b482-4756-8679-2968e5575376,U001165,2022-06-02 06:40:08,06:40:08,15065.31,purchase,M00352,VND,success,pos,D002763,110.219.6.34,credit_card,Singapore,"21.826084,107.760347",20,M,2020-04-03,active,0.74,2,1,0,auto_approved,0.1387,2022
34b1464d-2119-4af3-8a8a-96af145db29b,U001556,2022-05-25 15:30:01,15:30:01,1384645.05,cash_withdrawal,M00495,VND,success,desktop,D002261,121.104.142.49,credit_card,Da Nang,"12.959173,104.169491",34,F,2016-01-04,under_review,0.97,0,0,0,auto_approved,0.3842,2022
71f75017-faf3-4907-8c28-104d2620c962,U001790,2022-06-18 22:53:31,22:53:31,330585.54,cash_withdrawal,M00474,USD,success,mobile,D000860,8.156.77.104,mobile_wallet,Kuala Lumpur,"15.92742,103.626778",70,M,2016-08-27,active,0.7,0,0,0,auto_approved,0.0113,2022
f54557f0-d944-420d-b3b1-989740ddf7f6,U001745,2022-06-28 09:42:32,09:42:32,167647.7,purchase,M00133,USD,success,atm,D001663,244.118.11.151,debit_card,Bangkok,"13.923506,102.446146",27,M,2017-05-10,under_review,0.87,0,0,0,auto_approved,0.1211,2022
ea4bac60-f7c4-4d47-942e-8097efd58de5,U001971,2022-02-05 10:18:52,10:18:52,2475888.62,bill_payment,M00308,VND,success,pos,D002888,20.45.132.224,debit_card,Da Nang,"8.177202,103.347845",58,M,2014-07-23,active,1.0,0,0,0,auto_approved,0.1837,2022
0658d7e5-dc5b-4a8a-819b-e33a28df594b,U001502,2022-05-27 11:26:37,11:26:37,760162.57,bill_payment,M00334,VND,success,pos,D002082,209.175.39.244,bank_transfer,Da Nang,"9.100017,102.152156",29,M,2016-05-21,active,0.88,0,0,0,auto_approved,0.0472,2022
599f5ea2-a194-4afd-99b1-cdcb0be4f8e2,U000326,2022-12-05 15:16:36,15:16:36,618685.35,purchase,M00140,USD,success,pos,D002027,201.33.247.172,bank_transfer,Hanoi,"19.128232,105.113029",40,F,2015-08-17,active,0.73,0,0,0,auto_approved,0.377,2022
9ac3927e-d10b-482a-bd83-21051a7f5fed,U000127,2022-02-03 21:04:52,21:04:52,24109.84,cash_withdrawal,M00449,VND,success,mobile,D000377,239.109.205.155,bank_transfer,Ho Chi Minh City,"11.462635,106.434488",23,F,2016-12-23,active,0.68,0,0,0,auto_approved,0.2336,2022
90bdc2bb-4dc0-4658-8b2d-e44226a0990c,U001548,2022-06-24 18:12:13,18:12:13,246396.98,purchase,M00421,USD,success,desktop,D001572,25.190.108.156,mobile_wallet,Hanoi,"14.89818,105.18118",31,F,2020-09-02,active,0.5,0,0,0,auto_approved,0.0845,2022
8f6b30d1-2b5f-4fa8-b154-4138f3c5877f,U000798,2022-03-12 18:40:58,18:40:58,100813.74,online_payment,M00143,VND,success,pos,D000295,25.175.25.76,mobile_wallet,Bangkok,"18.16124,105.577786",30,M,2019-12-23,active,0.98,0,0,0,auto_approved,0.2152,2022
e0d4b511-f18a-41f9-b05a-549dce747e6d,U000937,2022-08-03 09:12:15,09:12:15,768652.96,purchase,M00200,USD,success,desktop,D000641,26.133.40.250,bank_transfer,Kuala Lumpur,"11.299964,106.499784",54,M,2016-02-22,active,0.91,0,0,0,auto_approved,0.3877,2022
3d224a4b-8184-4e2c-a895-83cba4b93baf,U001122,2022-03-22 06:12:16,06:12:16,153304.4,cash_withdrawal,M00431,USD,success,desktop,D001083,56.43.26.231,credit_card,Ho Chi Minh City,"14.672051,103.648642",44,M,2014-12-05,active,0.8,0,0,0,auto_approved,0.2168,2022
ae86e2d0-5952-4fa9-b6de-3ba955568bbc,U001269,2022-08-03 20:24:39,20:24:39,1994103.46,cash_withdrawal,M00472,VND,success,pos,D001267,176.116.227.68,bank_transfer,Kuala Lumpur,"18.860258,102.553725",69,M,2016-04-25,active,0.57,0,0,0,auto_approved,0.2951,2022
42b45345-1c43-4def-a4a8-9d3123eea296,U000185,2022-10-08 22:24:51,22:24:51,55868.69,online_payment,M00092,USD,success,atm,D000516,211.51.189.10,credit_card,Da Nang,"8.366081,106.08159",52,M,2015-07-07,active,0.9,0,0,0,auto_approved,0.1965,2022
84e81561-8c3b-4388-ac7d-48d800b51fa1,U000519,2022-06-01 04:59:29,04:59:29,293371.25,online_payment,M00261,VND,success,atm,D002750,183.87.90.78,credit_card,Da Nang,"17.548561,107.887758",51,M,2021-04-14,active,0.73,1,0,0,auto_approved,0.4061,2022
2d2922c3-9f41-424f-b50c-829bef6c48cc,U000773,2022-10-11 07:45:48,07:45:48,554911.61,bill_payment,M00002,VND,success,atm,D002538,85.212.83.48,credit_card,Da Nang,"17.476511,102.756951",60,M,2019-09-09,active,0.5,1,0,0,auto_approved,0.1893,2022
a6bff2e7-4cdc-4112-8a5e-c778d5291286,U001472,2022-03-09 07:32:21,07:32:21,936836.28,purchase,M00311,USD,success,atm,D002675,203.242.139.142,mobile_wallet,Singapore,"20.021539,108.566742",51,F,2021-04-03,active,0.96,0,0,0,auto_approved,0.2706,2022
1a42426f-9c8d-4298-92e3-1e52023908fe,U000594,2022-10-28 19:08:56,19:08:56,418776.05,bill_payment,M00294,USD,success,mobile,D001420,139.222.72.76,credit_card,Hanoi,"14.71257,104.461137",23,M,2018-03-19,active,0.93,0,0,0,auto_approved,0.3729,2022
382d3172-b0ba-4b36-9e8f-c4f16e68422d,U000076,2022-10-31 14:58:12,14:58:12,1295833.78,cash_withdrawal,M00444,VND,success,desktop,D000773,138.164.18.237,credit_card,Singapore,"21.276054,105.331518",55,M,2021-03-22,active,0.62,0,0,0,auto_approved,0.1835,2022
147cbb8c-0e5a-4eb3-bdc7-90b4d2c24e7b,U001730,2022-09-25 06:09:24,06:09:24,1020402.57,online_payment,M00265,USD,success,mobile,D002818,23.123.188.108,bank_transfer,Kuala Lumpur,"19.996588,102.305855",45,M,2019-05-24,under_review,0.8,0,0,0,auto_approved,0.1071,2022
f61a1a97-b885-43ea-9125-fda8204e4d11,U000479,2022-06-03 16:39:06,16:39:06,745528.11,transfer,M00160,USD,success,pos,D002871,29.142.200.185,bank_transfer,Hanoi,"9.547705,108.460879",35,F,2015-09-11,active,0.99,0,0,0,auto_approved,0.1265,2022
60944f49-4980-4a34-b618-1a1c6ab55b7b,U000623,2022-08-18 04:12:42,04:12:42,368914.7,transfer,M00494,USD,failed,pos,D001353,6.40.102.55,mobile_wallet,Ho Chi Minh City,"17.291465,107.69017",60,F,2022-06-08,active,0.68,0,1,1,pending_review,0.5803,2022
95284b15-2537-43ba-be85-d131f5f48ad0,U000054,2022-03-29 00:13:21,00:13:21,3492812.89,transfer,M00226,USD,success,desktop,D001979,56.136.91.16,debit_card,Singapore,"10.708145,103.352444",67,F,2019-05-16,active,0.83,0,1,0,auto_approved,0.5028,2022
27938850-d4c0-49cf-920a-a5c36b2982c4,U001512,2022-07-23 17:18:39,17:18:39,1061855.67,online_payment,M00329,VND,success,pos,D000256,50.123.14.253,bank_transfer,Singapore,"10.193986,107.721671",41,M,2015-07-30,active,0.5,1,0,0,auto_approved,0.3536,2022
dbd90462-2756-4e54-94e9-03d97205ac46,U001397,2022-10-14 13:16:31,13:16:31,352777.72,transfer,M00090,USD,success,atm,D002734,188.153.64.156,credit_card,Bangkok,"21.567746,108.573894",42,M,2019-05-04,under_review,0.71,0,0,0,auto_approved,0.073,2022
9065f503-8d2e-4113-9dc7-741a322ac381,U001027,2022-08-25 12:32:28,12:32:28,901629.47,purchase,M00223,USD,pending,pos,D002820,181.223.64.93,mobile_wallet,Singapore,"17.670864,107.590185",65,F,2016-08-11,active,0.63,0,0,0,auto_approved,0.2618,2022
5601dda0-2936-4202-b5c2-0f2443b378e1,U001948,2022-12-02 03:32:40,03:32:40,2066217.3,purchase,M00017,USD,success,atm,D001043,61.202.48.241,bank_transfer,Da Nang,"18.577272,108.623597",21,F,2020-07-03,active,0.61,0,0,0,auto_approved,0.1851,2022
ea8568ba-75d0-4e58-8937-46cb23cdfa23,U000077,2022-12-21 05:27:01,05:27:01,469835.93,cash_withdrawal,M00351,VND,success,mobile,D000986,136.88.141.112,bank_transfer,Singapore,"14.390884,102.523498",67,M,2022-11-06,active,0.48,2,1,0,auto_approved,0.1736,2022
7b75251a-28e3-4908-8de5-1a8aaf472753,U000767,2022-11-13 16:55:21,16:55:21,2140.28,bill_payment,M00425,USD,success,atm,D002389,149.104.126.221,bank_transfer,Bangkok,"13.951712,105.674831",22,M,2018-02-03,active,0.73,0,0,0,auto_approved,0.25,2022
8b664374-1773-4636-a46d-6f2c126ad28b,U000550,2022-10-31 23:00:21,23:00:21,935361.35,transfer,M00113,VND,success,mobile,D002456,67.4.41.46,credit_card,Ho Chi Minh City,"17.401143,103.210093",42,F,2020-07-15,active,0.59,0,0,0,auto_approved,0.4203,2022
1345048f-39d4-4b01-a2e9-cf05299986f7,U001767,2022-01-20 19:15:23,19:15:23,274926.38,bill_payment,M00453,USD,failed,atm,D001528,43.132.232.181,debit_card,Kuala Lumpur,"14.277441,106.020026",26,M,2016-08-31,active,0.64,0,1,0,auto_approved,0.5783,2022
2d3c2a47-1596-4d6e-a351-a16c3ed326ee,U000196,2022-03-26 08:47:43,08:47:43,2439753.39,online_payment,M00091,VND,success,desktop,D001155,100.47.91.149,debit_card,Ho Chi Minh City,"8.425672,102.064786",32,M,2018-11-30,active,0.7,0,0,0,auto_approved,0.116,2022
980ae404-4021-4a84-bbda-80512cda3838,U001876,2022-06-30 09:11:16,09:11:16,280226.43,cash_withdrawal,M00020,USD,success,atm,D002483,85.110.4.22,debit_card,Hanoi,"17.707571,108.194795",50,F,2021-09-05,active,0.93,0,0,0,auto_approved,0.1951,2022
0a39738c-ff96-43db-b2c7-86442678ede7,U001763,2022-09-06 03:06:58,03:06:58,951541.98,online_payment,M00124,USD,failed,pos,D000655,125.36.29.68,mobile_wallet,Da Nang,"20.373446,106.61077",20,M,2015-11-06,active,0.96,1,0,0,auto_approved,0.1383,2022
ed83b91f-9c19-4ac5-940e-ffcb69ebcc6a,U001267,2022-10-14 04:27:14,04:27:14,620480.3,bill_payment,M00377,USD,success,pos,D002591,233.121.177.218,credit_card,Kuala Lumpur,"18.745127,102.638075",69,F,2015-02-20,active,0.78,0,0,0,auto_approved,0.2956,2022
2a7c8f0c-ad6c-4ca4-9c19-e2dd57f6f6d2,U001499,2022-05-18 05:47:34,05:47:34,576320.52,bill_payment,M00455,VND,success,desktop,D000651,75.167.20.149,mobile_wallet,Kuala Lumpur,"20.313295,108.237096",54,M,2017-06-22,active,0.8,0,0,0,auto_approved,0.1953,2022
6402c9c0-a559-44ea-b8f9-a6dfd7fff1c1,U000564,2022-07-06 23:46:16,23:46:16,708800.83,cash_withdrawal,M00242,VND,success,pos,D000246,162.219.231.19,debit_card,Ho Chi Minh City,"10.44234,107.96645",46,F,2016-05-12,active,0.68,0,0,0,auto_approved,0.2234,2022
592cb4f9-f1cf-4e93-bb25-5c1d935520ae,U000088,2022-05-25 05:54:40,05:54:40,965431.8,bill_payment,M00391,USD,success,atm,D002691,164.219.104.23,debit_card,Ho Chi Minh City,"20.20473,103.865822",56,F,2015-07-25,active,0.92,0,0,0,auto_approved,0.0452,2022
72ecb495-f1db-49e5-8833-a4d4416eba23,U000905,2022-05-08 09:51:19,09:51:19,829534.17,cash_withdrawal,M00363,USD,success,desktop,D000153,156.146.97.129,bank_transfer,Bangkok,"16.055779,104.938731",52,M,2018-02-24,active,0.53,0,0,0,auto_approved,0.3338,2022
5e0b659f-5683-400a-afd1-107fcdc734c2,U001940,2022-01-17 13:27:38,13:27:38,568370.27,bill_payment,M00299,USD,success,pos,D001740,232.135.61.190,mobile_wallet,Ho Chi Minh City,"15.651356,104.97287",50,F,2014-05-05,active,0.85,0,0,0,auto_approved,0.2296,2022
c02f6235-20aa-4ba3-a15a-48941a70b971,U001541,2022-07-04 14:05:14,14:05:14,1936331.96,bill_payment,M00466,VND,success,mobile,D002136,127.32.166.116,bank_transfer,Da Nang,"18.515712,106.560266",43,M,2021-12-17,active,0.89,0,0,0,auto_approved,0.194,2022
25c9f6bc-2156-42ab-be77-340930503ef5,U001695,2022-08-12 05:55:13,05:55:13,31040.13,purchase,M00344,USD,success,desktop,D000259,63.191.88.218,credit_card,Da Nang,"21.76109,104.294965",28,M,2016-10-24,active,0.92,0,0,0,auto_approved,0.0853,2022
fc09614c-b037-463e-a59b-ade0df8d50b9,U001439,2022-11-11 00:49:33,00:49:33,796951.8,online_payment,M00044,VND,success,mobile,D001975,39.234.114.151,bank_transfer,Singapore,"21.843893,108.33355",20,F,2017-08-03,active,0.65,0,0,0,auto_approved,0.343,2022
6babc5e7-7f30-4de9-87b9-64e7cda37d74,U000592,2022-08-01 17:32:03,17:32:03,530493.13,cash_withdrawal,M00426,VND,success,atm,D000213,91.154.93.51,mobile_wallet,Ho Chi Minh City,"16.070395,108.473929",53,M,2016-11-28,active,0.56,0,0,0,auto_approved,0.102,2022
c1a40cd0-6012-49af-9d03-41e088d109ff,U001293,2022-09-03 07:16:18,07:16:18,426514.08,online_payment,M00099,USD,success,mobile,D000066,111.96.154.77,credit_card,Bangkok,"10.45329,104.00497",60,M,2019-05-30,active,0.83,0,0,0,auto_approved,0.1081,2022
00023cce-9f97-4722-b08a-957c24f3c6a7,U000106,2022-05-08 14:38:10,14:38:10,445984.0,transfer,M00326,VND,success,mobile,D000097,137.53.252.250,credit_card,Singapore,"8.061599,106.771389",31,F,2020-05-03,active,1.0,0,1,0,auto_approved,0.6605,2022
fdae476e-cc00-4935-a274-61d2d2b1160c,U001539,2022-12-19 02:37:00,02:37:00,398657.88,bill_payment,M00309,VND,success,atm,D002706,67.84.208.71,bank_transfer,Da Nang,"18.189233,103.290689",58,F,2021-03-06,under_review,0.77,0,0,0,auto_approved,0.1909,2022
9fb656b6-2717-40f4-b420-f5db27f13ae6,U000776,2022-06-19 06:25:24,06:25:24,413943.61,bill_payment,M00081,USD,success,pos,D000803,47.162.30.179,bank_transfer,Bangkok,"18.385029,102.091157",35,M,2019-11-12,active,0.62,0,0,0,auto_approved,0.1794,2022
50e3a4a7-aadf-4aca-97e4-327135ed2e6a,U000417,2022-12-08 18:18:55,18:18:55,409071.06,transfer,M00159,VND,success,pos,D000920,4.70.94.83,mobile_wallet,Da Nang,"14.879877,103.395059",56,F,2019-10-21,active,0.87,0,0,0,auto_approved,0.2656,2022
1fd51506-7612-4006-9be8-c78bfe3fb10f,U000294,2022-10-07 02:24:09,02:24:09,1221914.0,online_payment,M00095,USD,success,pos,D001042,212.106.113.95,debit_card,Bangkok,"15.247514,105.814465",21,F,2015-03-16,active,0.76,0,0,0,auto_approved,0.1278,2022
d7a71131-b467-40d8-a2dd-a352443cb2c1,U000305,2022-05-29 01:30:14,01:30:14,58362.1,online_payment,M00303,USD,success,atm,D002814,216.173.73.253,bank_transfer,Bangkok,"15.895724,104.146815",36,M,2016-11-12,active,0.74,0,0,0,auto_approved,0.3265,2022
1bd1902c-ada3-4bbb-af0c-9c5792081f69,U000998,2022-11-10 21:57:05,21:57:05,1057641.74,purchase,M00130,VND,success,desktop,D002686,229.95.204.132,debit_card,Singapore,"15.483597,108.991663",42,F,2018-03-06,active,1.0,0,0,0,auto_approved,0.3415,2022
c8dcfc58-b47a-484b-a205-56004783bf35,U001263,2022-11-29 12:45:28,12:45:28,449422.44,cash_withdrawal,M00477,USD,success,atm,D000298,53.237.42.236,mobile_wallet,Kuala Lumpur,"14.839606,103.585311",22,F,2019-11-05,active,1.0,0,0,0,auto_approved,0.4149,2022
726409ed-048b-42d8-ad8c-84539ed780a5,U000453,2022-07-25 04:00:34,04:00:34,26562.41,purchase,M00236,USD,pending,atm,D002008,85.50.99.148,credit_card,Da Nang,"21.235282,106.261192",38,M,2022-06-13,active,0.59,1,0,0,auto_approved,0.3425,2022
2c5d4918-3d17-4f8d-a367-7120f6a0a969,U000423,2022-01-23 09:53:38,09:53:38,201923.11,cash_withdrawal,M00496,USD,success,pos,D002872,212.9.185.175,mobile_wallet,Kuala Lumpur,"14.061534,102.912746",43,M,2017-09-16,blocked,0.93,0,0,0,auto_approved,0.107,2022
5e3f4405-b5ac-47c3-8ff9-00bfca5edbdc,U000421,2022-06-09 19:23:44,19:23:44,119529.06,bill_payment,M00082,VND,success,desktop,D002286,69.24.106.152,debit_card,Da Nang,"18.525056,105.179382",26,F,2021-12-07,active,0.72,0,0,0,auto_approved,0.2929,2022
dfc8b23d-0faa-42b6-9542-1b4708bf3c39,U000664,2022-08-26 16:32:27,16:32:27,1139910.53,cash_withdrawal,M00373,USD,success,desktop,D000861,149.134.19.245,debit_card,Hanoi,"16.524903,108.471401",59,F,2020-07-05,active,0.48,0,0,0,auto_approved,0.3873,2022
6874d7b4-199b-44ba-bb90-e94172807909,U000734,2022-05-27 07:14:08,07:14:08,1887929.92,purchase,M00010,USD,success,mobile,D002745,31.99.162.133,mobile_wallet,Da Nang,"18.083199,105.706574",52,F,2015-01-05,active,0.82,0,0,0,auto_approved,0.3443,2022
8131d3cb-8427-428f-8436-e83112a5da2d,U000224,2022-07-08 14:10:40,14:10:40,577020.33,cash_withdrawal,M00245,USD,success,atm,D000573,185.148.221.126,debit_card,Kuala Lumpur,"21.859856,103.789673",48,F,2019-07-21,active,0.58,0,0,0,auto_approved,0.2648,2022
30d32450-c72f-47f6-a673-f0a37f2f3d08,U000447,2022-08-28 23:04:17,23:04:17,1578458.29,bill_payment,M00033,VND,success,desktop,D000100,28.79.81.44,mobile_wallet,Da Nang,"12.199836,105.274046",47,F,2017-05-01,active,0.74,0,0,0,auto_approved,0.1434,2022
fba5f5b1-56a0-4130-af5e-7fc5cd2bc48b,U000123,2022-12-28 04:42:36,04:42:36,46251.18,purchase,M00212,USD,success,atm,D002931,180.11.149.237,mobile_wallet,Ho Chi Minh City,"14.615931,106.461089",32,M,2017-10-25,under_review,0.96,1,0,0,auto_approved,0.117,2022
e68bb129-e4a0-483c-b9a3-e8eff106b205,U000498,2022-02-16 06:48:22,06:48:22,664190.07,online_payment,M00488,USD,success,desktop,D001207,101.26.151.133,debit_card,Da Nang,"15.837751,108.638367",45,M,2017-07-24,active,0.57,1,0,0,auto_approved,0.3714,2022
6deef62d-d423-4db8-9041-107ee381dc8a,U000318,2022-09-06 06:37:41,06:37:41,423089.79,transfer,M00497,VND,success,atm,D000683,112.103.95.122,credit_card,Kuala Lumpur,"21.517236,108.462261",30,M,2020-08-11,active,0.84,0,0,0,auto_approved,0.356,2022
60569240-c152-4c02-aae2-a5686786ec51,U001435,2022-04-26 07:42:50,07:42:50,240249.44,purchase,M00135,USD,success,atm,D002565,58.204.17.124,credit_card,Da Nang,"15.484968,104.425735",70,F,2020-06-14,under_review,0.72,0,0,0,auto_approved,0.2252,2022
62c71d81-2013-4548-9a68-09ed3c532f07,U001247,2022-06-08 14:18:03,14:18:03,449514.11,purchase,M00176,USD,success,pos,D002187,136.44.36.149,bank_transfer,Da Nang,"13.603347,106.361564",18,F,2016-02-13,active,0.68,0,0,0,auto_approved,0.1139,2022
96aa2692-2ad0-4b78-bf06-feef96e4ae88,U000142,2022-09-30 19:32:37,19:32:37,137982.87,cash_withdrawal,M00054,VND,success,pos,D002167,219.35.55.242,debit_card,Singapore,"12.634349,105.763823",26,F,2021-09-08,active,0.97,0,0,0,auto_approved,0.348,2022
8176a117-a147-49f1-9470-75ae1bd5b214,U000641,2022-01-27 20:02:13,20:02:13,934735.43,online_payment,M00309,USD,success,pos,D000111,245.66.202.74,bank_transfer,Bangkok,"8.699011,104.946215",27,F,2021-06-19,under_review,0.58,0,0,0,auto_approved,0.444,2022
f42761ce-5109-4799-a7f2-d927da876ee6,U000189,2022-03-29 04:04:48,04:04:48,252292.03,online_payment,M00059,VND,success,mobile,D001709,219.54.237.145,bank_transfer,Singapore,"14.363999,106.384665",53,F,2015-07-08,active,0.66,0,0,0,auto_approved,0.309,2022
ed278dda-ad8e-4553-8491-caa377cada4f,U001039,2022-08-03 17:04:00,17:04:00,541975.29,bill_payment,M00393,VND,pending,atm,D002854,195.152.198.166,mobile_wallet,Ho Chi Minh City,"11.980089,105.71256",53,M,2017-03-30,active,0.87,1,0,0,auto_approved,0.3633,2022
8a1c9eaf-0e27-4be5-9f2a-d14d121a6615,U001802,2022-12-23 21:03:45,21:03:45,317354.03,online_payment,M00292,USD,success,atm,D002552,132.155.73.243,debit_card,Singapore,"17.487145,106.772727",31,F,2018-08-17,active,0.85,0,0,0,auto_approved,0.3977,2022
3852d51a-a26f-47bb-bd1b-9c09ebc6ac79,U001843,2022-07-17 06:21:07,06:21:07,44018.86,purchase,M00413,USD,success,pos,D002742,88.195.185.193,credit_card,Da Nang,"9.128063,105.699235",65,M,2017-02-06,active,0.9,0,0,0,auto_approved,0.1649,2022
80eeaa97-266a-4472-bd72-6236d66cf3ac,U001561,2022-11-12 06:22:41,06:22:41,80950.47,bill_payment,M00016,USD,success,desktop,D000328,171.218.175.11,credit_card,Singapore,"14.092674,106.185755",37,F,2018-11-15,active,0.65,0,0,0,auto_approved,0.1647,2022
f14ae7bd-52b3-47c7-a2c7-00c6269d7b67,U001231,2022-12-31 09:12:18,09:12:18,633263.09,bill_payment,M00081,USD,success,desktop,D002102,158.88.40.66,bank_transfer,Da Nang,"18.008163,106.771539",32,F,2015-11-09,active,0.9,0,0,0,auto_approved,0.2027,2022
d739171f-6ea8-41fd-b624-5819dac95e07,U002000,2022-07-17 23:40:36,23:40:36,669461.87,transfer,M00477,VND,success,atm,D001511,238.24.201.14,credit_card,Bangkok,"20.433337,105.496947",46,M,2021-07-08,active,0.69,0,0,0,auto_approved,0.2596,2022
5055e313-c155-4cc6-894c-d8257c4cf3cf,U000904,2022-12-31 16:56:51,16:56:51,966355.56,online_payment,M00467,USD,success,mobile,D001972,151.186.51.151,debit_card,Hanoi,"17.384408,106.818707",33,M,2017-03-31,active,0.79,0,0,0,auto_approved,0.3876,2022
3883f7ac-b133-48bc-97f7-7ea957835393,U000779,2022-11-07 08:12:41,08:12:41,570861.61,bill_payment,M00213,USD,success,atm,D000575,242.45.150.162,bank_transfer,Bangkok,"18.78947,106.348735",46,F,2018-03-06,under_review,0.78,0,1,0,auto_approved,0.5026,2022
6518d0ad-902c-40b3-aaaa-52918caa0b6e,U001971,2022-01-10 21:16:39,21:16:39,604274.43,purchase,M00158,USD,success,desktop,D002605,80.208.176.241,bank_transfer,Bangkok,"16.101209,103.046336",59,F,2021-11-19,active,0.47,0,0,0,auto_approved,0.331,2022
60238f0a-8dd9-4b24-95b0-62b84d5ebf33,U001926,2022-09-18 01:10:10,01:10:10,81405.02,bill_payment,M00185,USD,success,atm,D001013,132.136.184.123,bank_transfer,Kuala Lumpur,"12.371978,107.196798",54,M,2014-10-17,active,0.64,0,0,0,auto_approved,0.3322,2022
e1815e74-5420-43a1-a87f-50ac9a3d82c2,U001142,2022-04-26 16:38:26,16:38:26,1484614.76,online_payment,M00287,USD,success,atm,D002221,19.150.165.106,credit_card,Da Nang,"19.446063,102.07484",62,M,2021-02-24,active,0.52,0,0,0,auto_approved,0.342,2022
32048cac-f4d7-4b12-8c89-35ade283beeb,U000393,2022-07-30 12:09:23,12:09:23,441032.58,bill_payment,M00172,VND,success,mobile,D002418,215.12.133.113,bank_transfer,Kuala Lumpur,"19.076665,102.123204",25,M,2016-04-26,active,0.57,0,0,0,auto_approved,0.1164,2022
353070f8-8141-4260-ac6f-1bc319fef08d,U000199,2022-11-27 22:17:02,22:17:02,352499.7,bill_payment,M00460,VND,failed,desktop,D000597,47.202.13.207,mobile_wallet,Bangkok,"12.103028,106.090031",26,M,2021-10-17,active,0.71,0,0,0,auto_approved,0.405,2022
327a1ab3-5111-4e2a-b038-b26a38c16a3c,U001538,2022-07-26 09:44:55,09:44:55,123219.49,bill_payment,M00246,VND,success,desktop,D001448,244.163.237.71,mobile_wallet,Bangkok,"11.004034,106.466607",33,F,2016-02-11,active,0.81,0,0,0,auto_approved,0.2696,2022
2a93e3ee-0e95-4b91-b17c-87fa179427c4,U001689,2022-08-28 19:42:56,19:42:56,65593.73,cash_withdrawal,M00405,USD,success,desktop,D002018,155.175.232.104,credit_card,Da Nang,"8.42992,103.320759",46,F,2015-06-30,active,0.77,2,1,1,pending_review,0.2146,2022
118320cc-1cb2-4419-9757-440166e62f7b,U001822,2022-09-25 22:52:59,22:52:59,337359.66,online_payment,M00463,VND,success,atm,D000997,157.159.39.91,credit_card,Kuala Lumpur,"11.113757,103.199391",51,F,2021-11-19,active,0.54,0,0,0,auto_approved,0.4055,2022
ac9af235-c852-400a-afdc-5bb368f29155,U000894,2022-02-13 12:52:48,12:52:48,903182.46,online_payment,M00283,USD,success,atm,D001696,160.194.118.60,mobile_wallet,Singapore,"18.176596,103.291446",40,F,2021-08-30,active,0.85,0,0,0,auto_approved,0.3987,2022
77a70dac-190d-400b-a529-e91125c1de11,U000404,2022-12-24 00:15:10,00:15:10,1079601.06,purchase,M00161,USD,success,desktop,D001342,138.21.81.166,bank_transfer,Ho Chi Minh City,"12.666127,106.100087",68,F,2018-07-29,active,0.68,0,0,0,auto_approved,0.1655,2022
8dc97c74-242e-4cff-b5af-2c17ce18a178,U000270,2022-12-13 07:11:32,07:11:32,950437.94,online_payment,M00252,VND,success,atm,D001818,136.250.90.161,credit_card,Kuala Lumpur,"13.331611,103.219128",51,M,2022-07-26,active,0.49,0,0,0,auto_approved,0.3515,2022
de47aab6-0a38-4f62-8ff7-af2174563b44,U001168,2022-06-03 19:34:51,19:34:51,302191.41,purchase,M00217,USD,success,pos,D001377,176.196.157.123,bank_transfer,Kuala Lumpur,"15.48726,104.602792",32,F,2019-08-10,active,0.98,0,0,0,auto_approved,0.1696,2022
ae2ee83c-e14c-4962-8752-61617660c821,U000058,2022-08-21 19:17:23,19:17:23,541133.56,cash_withdrawal,M00208,USD,success,desktop,D000740,165.196.92.100,mobile_wallet,Bangkok,"9.838373,104.533077",68,F,2017-08-10,active,0.47,0,0,0,auto_approved,0.2241,2022
489a8962-dbc6-4e27-b05d-33fed560bccd,U000631,2022-09-08 15:20:06,15:20:06,1339594.67,purchase,M00307,USD,success,mobile,D000159,157.172.234.77,bank_transfer,Kuala Lumpur,"8.697595,104.649614",50,M,2020-04-17,active,0.99,0,0,0,auto_approved,0.203,2022
d5a06298-bdfa-4418-91bc-3e3313f69713,U001138,2022-11-03 21:39:49,21:39:49,717754.93,bill_payment,M00084,VND,success,atm,D002916,105.193.132.166,credit_card,Bangkok,"19.224827,108.901953",41,M,2015-11-27,active,0.57,0,0,0,auto_approved,0.4354,2022
33154da4-4fdc-4688-995a-6bec71875397,U001448,2022-01-10 14:23:09,14:23:09,94581.16,online_payment,M00312,USD,failed,mobile,D000423,212.87.72.45,credit_card,Kuala Lumpur,"12.486791,105.774448",29,F,2021-09-23,active,0.84,0,0,0,auto_approved,0.3477,2022
34ef41d8-5c0e-436f-a6e1-3978406ba0b0,U000094,2022-02-17 06:34:54,06:34:54,683713.5,online_payment,M00089,USD,success,pos,D000235,30.226.84.1,credit_card,Hanoi,"16.453484,102.186374",70,M,2016-04-14,active,0.49,2,1,1,pending_review,0.3893,2022
f4399684-ab8b-4bce-aa7e-9e97943d5f2e,U000030,2022-05-05 09:08:10,09:08:10,638015.49,transfer,M00001,VND,pending,desktop,D000333,163.30.87.43,credit_card,Hanoi,"15.731215,108.518024",64,F,2020-12-11,active,0.72,2,1,0,auto_approved,0.5161,2022
fc457630-0d63-4fc9-8311-66b864aef66c,U001103,2022-06-20 04:23:18,04:23:18,696735.31,online_payment,M00306,VND,success,atm,D001171,227.51.186.117,mobile_wallet,Da Nang,"10.262156,107.142421",53,M,2014-06-17,active,0.7,0,0,0,auto_approved,0.2004,2022
23b288b1-11e5-4181-b3f2-44b7c5023994,U001648,2022-09-11 01:17:27,01:17:27,2885261.08,bill_payment,M00464,USD,success,atm,D001046,208.22.0.16,credit_card,Kuala Lumpur,"15.053678,102.89096",44,M,2015-02-10,active,0.81,0,0,0,auto_approved,0.3864,2022
1a9c0323-c6fa-45cf-a309-542a814480f9,U001044,2022-06-17 19:21:43,19:21:43,1234476.91,bill_payment,M00003,VND,failed,desktop,D002662,21.90.55.208,bank_transfer,Bangkok,"11.266357,106.297384",70,M,2014-08-01,active,0.86,0,0,0,auto_approved,0.3316,2022
2838381b-3d72-43c5-b512-9f600ce42763,U000083,2022-03-22 11:43:13,11:43:13,1252547.09,bill_payment,M00365,VND,success,desktop,D002560,117.196.138.222,bank_transfer,Kuala Lumpur,"21.533711,104.459906",61,F,2020-01-17,active,0.61,0,0,0,auto_approved,0.3918,2022
8a64f65c-f4f2-40f6-8be0-05788a4f48f6,U001702,2022-04-17 10:47:01,10:47:01,301282.25,transfer,M00294,USD,success,mobile,D000669,214.175.219.178,credit_card,Singapore,"18.556095,105.564732",42,F,2022-01-12,active,0.9,0,0,0,auto_approved,0.0517,2022
5a6e2763-1843-4c47-9577-c37392d49476,U001339,2022-09-08 14:35:08,14:35:08,37151.21,bill_payment,M00233,VND,success,desktop,D002013,119.102.20.173,debit_card,Singapore,"11.402027,104.115584",51,M,2020-03-02,active,0.9,0,0,0,auto_approved,0.0264,2022
814f189a-b41f-46a4-a3bd-6f555b88af95,U000584,2022-07-04 02:05:47,02:05:47,151705.8,cash_withdrawal,M00160,USD,success,mobile,D000069,40.20.133.4,credit_card,Da Nang,"20.486132,104.915638",34,M,2015-07-10,active,0.64,0,0,0,auto_approved,0.1601,2022
0dfee225-850a-4efa-94f0-7446c10a11fb,U000584,2022-10-29 06:33:49,06:33:49,1709935.72,bill_payment,M00249,VND,success,atm,D002063,69.150.27.213,mobile_wallet,Singapore,"8.679358,103.496536",63,M,2016-03-17,active,0.94,0,0,0,auto_approved,0.3783,2022
45db920e-2207-46fd-a499-840c66ac41ef,U001263,2022-04-04 20:17:08,20:17:08,21606.83,cash_withdrawal,M00398,VND,success,desktop,D002192,69.116.237.233,debit_card,Bangkok,"19.547427,102.394766",62,M,2015-12-10,active,0.84,0,0,0,auto_approved,0.2364,2022
243d686d-2eac-41e6-9bc7-d93a117f5c0a,U000258,2022-07-17 23:14:05,23:14:05,2247871.94,transfer,M00125,USD,success,mobile,D001691,51.135.219.61,debit_card,Hanoi,"13.799013,107.061888",56,F,2018-11-21,active,0.89,0,0,0,auto_approved,0.1128,2022
61aee94f-8cf9-499e-b90f-56a7b05325d3,U000120,2022-01-29 10:07:13,10:07:13,1799779.21,bill_payment,M00143,USD,success,desktop,D002272,77.26.159.181,mobile_wallet,Ho Chi Minh City,"16.803734,102.181168",63,M,2017-10-27,active,0.47,0,0,0,auto_approved,0.423,2022
3a9f5490-bc79-49fb-a089-ef9313c1e490,U000799,2022-11-08 18:39:42,18:39:42,389642.08,bill_payment,M00256,VND,failed,atm,D001021,247.196.99.50,bank_transfer,Bangkok,"15.20669,105.856972",64,M,2018-07-08,active,0.71,0,0,0,auto_approved,0.3606,2022
ab0447aa-7744-484a-a7b3-48dfe63da6a6,U001640,2022-12-23 03:20:33,03:20:33,842282.99,transfer,M00028,USD,success,mobile,D000502,252.146.150.193,mobile_wallet,Bangkok,"17.503172,107.134458",24,M,2018-11-21,active,0.94,0,0,0,auto_approved,0.3643,2022
73b903a7-a42e-4f54-aa3c-a3345b5ebabe,U000484,2022-05-19 12:28:35,12:28:35,208312.67,transfer,M00321,VND,success,pos,D000511,75.120.181.209,credit_card,Hanoi,"20.289848,108.029128",55,F,2017-10-20,active,0.64,0,0,0,auto_approved,0.177,2022
90297f22-4762-4da7-8997-1fe967e23988,U000186,2022-08-04 22:26:11,22:26:11,273672.66,online_payment,M00376,USD,success,atm,D000880,89.33.115.99,mobile_wallet,Da Nang,"11.924391,105.527196",42,M,2018-12-06,active,0.77,0,0,0,auto_approved,0.202,2022
3a3f8b3e-452a-41a3-ad23-c9f6b51e59ce,U000983,2022-07-20 20:25:15,20:25:15,1081954.36,online_payment,M00462,VND,success,mobile,D002037,126.126.138.77,credit_card,Da Nang,"16.58338,103.287252",52,M,2021-05-24,active,0.84,0,0,0,auto_approved,0.0675,2022
095b722e-c341-4cb2-9c70-0760dd5a577f,U000964,2022-10-18 11:12:20,11:12:20,578790.94,purchase,M00200,USD,success,desktop,D001533,177.69.201.237,mobile_wallet,Hanoi,"9.260523,103.318677",70,M,2014-10-10,active,0.48,0,0,0,auto_approved,0.0715,2022
fd4bebfb-bde1-45bd-bafc-4be834d794f4,U000558,2022-04-02 08:55:23,08:55:23,367967.61,bill_payment,M00308,USD,success,mobile,D002268,195.105.95.185,credit_card,Da Nang,"15.054134,105.312448",49,F,2015-06-01,active,0.73,0,0,0,auto_approved,0.2659,2022
1ea4b335-06e8-402d-a0fa-45334a687f4c,U000102,2022-02-20 15:45:40,15:45:40,1200129.64,bill_payment,M00319,VND,success,mobile,D000747,218.25.10.232,debit_card,Kuala Lumpur,"21.16132,108.658721",62,F,2017-10-07,active,0.54,0,0,0,auto_approved,0.2067,2022
8e68f009-dcf0-4375-a2bd-998af4d2d2aa,U000926,2022-10-31 12:14:13,12:14:13,594022.02,cash_withdrawal,M00285,USD,success,atm,D000177,187.57.163.249,bank_transfer,Ho Chi Minh City,"11.106282,106.726404",27,F,2015-02-20,active,0.77,0,1,1,pending_review,0.4823,2022
2b1ae0ca-56cb-4289-9260-3497e64a1926,U001917,2022-06-05 22:34:07,22:34:07,366537.36,transfer,M00069,USD,success,atm,D002925,17.35.175.1,debit_card,Kuala Lumpur,"17.886547,105.442083",59,F,2021-09-19,active,0.92,0,0,0,auto_approved,0.1126,2022
85fcb740-4c37-4ece-ad50-19fcc363f6f9,U000692,2022-04-21 11:41:07,11:41:07,564961.19,online_payment,M00202,USD,success,mobile,D002287,59.215.201.231,credit_card,Bangkok,"13.731325,106.554746",70,M,2018-02-26,blocked,0.96,0,0,0,auto_approved,0.3302,2022
4585dd07-a3be-45b4-8739-8123a2b2f9e1,U000809,2022-11-26 17:22:01,17:22:01,807632.41,cash_withdrawal,M00203,USD,failed,desktop,D000611,247.50.244.177,credit_card,Hanoi,"20.57928,108.114474",18,M,2021-10-08,active,0.5,0,0,0,auto_approved,0.4085,2022
20032fa1-4dff-4784-acb1-64c3d507efe5,U000614,2022-05-09 02:55:48,02:55:48,753304.68,cash_withdrawal,M00435,USD,success,mobile,D002433,235.134.67.8,mobile_wallet,Ho Chi Minh City,"16.814618,107.849914",19,F,2022-02-02,active,0.73,1,0,0,auto_approved,0.5047,2022
4e319fa6-f3b3-4713-bab0-ce451a9885bd,U000984,2022-10-29 19:53:00,19:53:00,639348.82,bill_payment,M00367,USD,success,atm,D000056,247.8.144.166,credit_card,Bangkok,"12.323731,103.135511",26,M,2016-09-20,active,0.96,0,0,0,auto_approved,0.1642,2022
b2945bbb-befd-42c1-a261-a3a681c5a23d,U001348,2022-08-22 05:52:32,05:52:32,45445.71,bill_payment,M00067,VND,success,desktop,D001950,176.172.147.232,bank_transfer,Bangkok,"15.555688,106.22239",53,M,2016-10-27,active,0.69,0,0,0,auto_approved,0.3153,2022
6f1ced63-a836-4328-b1bb-fddd4eaedef6,U000970,2022-08-20 09:23:44,09:23:44,415209.65,cash_withdrawal,M00440,VND,success,mobile,D002782,159.60.190.95,credit_card,Bangkok,"9.817987,103.1675",21,M,2021-11-19,active,0.74,0,0,0,auto_approved,0.0383,2022
947ffa51-5a7d-4105-b9a7-20c55bcbff09,U000632,2022-04-25 19:59:41,19:59:41,327544.1,cash_withdrawal,M00115,VND,success,mobile,D000899,61.228.1.195,debit_card,Bangkok,"16.076494,102.340599",50,M,2021-11-24,active,0.87,0,0,0,auto_approved,0.0123,2022
d37c02f5-ac2e-4e00-a175-ba56bbb2137a,U000092,2022-03-30 20:51:09,20:51:09,3823033.73,bill_payment,M00480,VND,success,mobile,D002437,124.214.237.1,debit_card,Da Nang,"15.02277,107.713673",62,F,2021-05-04,active,0.58,0,1,1,pending_review,0.4361,2022
8571898f-1bd2-4342-adaf-78885ca8f301,U000608,2022-11-09 07:23:39,07:23:39,354922.4,transfer,M00200,USD,success,desktop,D002803,194.239.152.221,bank_transfer,Kuala Lumpur,"11.467664,108.105856",52,M,2019-04-10,active,0.79,0,0,0,auto_approved,0.0275,2022
6c8db0f1-3b5b-4aa1-ba49-a74fcf4c8add,U001075,2022-01-14 18:37:37,18:37:37,90790.86,transfer,M00341,USD,success,pos,D002387,98.247.76.76,credit_card,Da Nang,"10.907581,102.984236",43,M,2018-04-27,active,0.57,0,0,0,auto_approved,0.0883,2022
9b88d5f2-c1a9-4c2e-b5e9-b3566cbcd7b7,U001304,2022-09-28 08:18:27,08:18:27,572037.83,transfer,M00290,VND,success,desktop,D000382,183.24.171.170,mobile_wallet,Hanoi,"10.050023,102.857532",66,M,2017-12-13,active,0.95,0,0,0,auto_approved,0.1618,2022
b425bf93-8a95-4e13-95e6-a0bb29e7a28e,U000255,2022-08-08 19:35:00,19:35:00,70852.04,bill_payment,M00431,USD,success,desktop,D002371,90.217.233.228,debit_card,Singapore,"21.63781,105.19941",22,F,2015-08-20,active,0.63,0,0,0,auto_approved,0.3022,2022
46de438c-68b3-473b-a545-30af95d067d2,U000149,2022-07-06 09:43:33,09:43:33,138095.26,online_payment,M00250,USD,success,pos,D002784,249.76.125.233,bank_transfer,Bangkok,"8.588029,102.535956",29,M,2019-12-22,active,0.52,0,0,0,auto_approved,0.2452,2022
c5fc03c0-30e1-432a-8f44-480f074e7ef7,U000632,2022-01-26 10:05:12,10:05:12,668965.53,transfer,M00359,USD,success,pos,D001299,127.85.248.156,mobile_wallet,Da Nang,"11.620645,105.55808",22,F,2018-05-31,active,0.58,0,0,0,auto_approved,0.3647,2022
fcbe3f51-3bd0-4f4a-baa9-2bf6c7e5f744,U001662,2022-03-31 11:47:45,11:47:45,1457391.85,cash_withdrawal,M00016,USD,success,atm,D002108,150.22.255.126,mobile_wallet,Kuala Lumpur,"12.404018,105.55358",22,F,2014-04-11,active,0.61,0,0,0,auto_approved,0.0714,2022
c68dae2f-176a-4b11-8667-cb3fcd90aa84,U000103,2022-11-21 12:38:27,12:38:27,20753.65,bill_payment,M00411,VND,success,mobile,D002677,54.116.27.121,mobile_wallet,Singapore,"16.723031,103.415358",51,F,2019-05-14,active,0.5,0,0,0,auto_approved,0.1044,2022
248a0bf8-76af-4568-bfbd-dd1d3604be9d,U000496,2022-05-27 10:58:34,10:58:34,618723.25,purchase,M00423,USD,success,mobile,D000438,132.79.8.206,debit_card,Da Nang,"18.762969,107.499197",58,M,2018-04-03,under_review,0.9,0,0,0,auto_approved,0.1907,2022
15d2d3ff-a274-46c6-86b1-3c2bc3cb0633,U001944,2022-01-04 18:06:06,18:06:06,594928.69,transfer,M00090,USD,success,atm,D000453,21.30.48.7,bank_transfer,Kuala Lumpur,"15.818111,106.665581",34,M,2020-12-26,active,0.86,0,0,0,auto_approved,0.2255,2022
7c159f97-9d98-4eed-92c8-26b8129163f5,U000771,2022-01-04 16:55:51,16:55:51,490442.16,online_payment,M00312,USD,success,atm,D001894,90.14.104.211,mobile_wallet,Hanoi,"12.263848,104.461092",30,M,2019-01-31,active,0.89,2,1,0,auto_approved,0.3941,2022
20457e7d-4c82-44c9-aff9-8815d60cf1a7,U001215,2022-10-30 07:39:36,07:39:36,944694.63,bill_payment,M00323,VND,success,atm,D002471,104.225.69.235,mobile_wallet,Bangkok,"13.513356,108.498333",43,F,2016-03-28,active,0.67,0,0,0,auto_approved,0.3951,2022
6efa1566-6c0c-47ad-a0f9-8654bbffa9fa,U000210,2022-12-25 17:05:34,17:05:34,65111.63,purchase,M00146,VND,success,desktop,D002345,84.127.192.17,debit_card,Da Nang,"21.211755,106.04451",30,M,2015-02-09,active,0.78,0,0,0,auto_approved,0.376,2022
ada10ff7-5cac-4c2a-a9d7-21704d28b320,U001454,2022-08-06 21:24:13,21:24:13,1131601.32,purchase,M00113,VND,success,mobile,D002814,207.170.212.118,credit_card,Ho Chi Minh City,"16.575551,108.005742",60,F,2016-04-18,active,0.66,0,0,0,auto_approved,0.3156,2022
a194c459-131c-4bf8-97d8-3e47ae4992d8,U000580,2022-02-10 16:58:29,16:58:29,246211.48,online_payment,M00460,USD,success,mobile,D001623,137.209.12.200,mobile_wallet,Da Nang,"8.041394,107.664151",53,F,2018-03-02,active,0.65,0,0,0,auto_approved,0.4239,2022
b1874576-91e2-458c-abed-111b1b7521dc,U000563,2022-03-20 21:43:08,21:43:08,342003.01,online_payment,M00305,USD,success,mobile,D000699,28.255.152.132,credit_card,Hanoi,"10.45411,108.151182",65,F,2016-07-04,active,0.94,1,0,0,auto_approved,0.1533,2022
2ba1960f-0f5c-40e1-b10d-22d78d193070,U000135,2022-04-12 14:34:06,14:34:06,940007.55,purchase,M00269,VND,success,mobile,D001943,253.188.76.149,debit_card,Ho Chi Minh City,"15.184527,107.513357",27,M,2016-04-29,active,0.7,0,0,0,auto_approved,0.042,2022
75ca2d90-bde1-4f33-a44f-25985339dd8c,U001001,2022-05-21 04:11:20,04:11:20,1358938.69,bill_payment,M00318,USD,success,mobile,D002969,153.118.31.18,mobile_wallet,Ho Chi Minh City,"11.343217,102.289762",40,F,2020-02-29,active,0.99,0,0,0,auto_approved,0.1219,2022
065c86c0-f61c-4d1a-b6b7-fc4c75a065a4,U001870,2022-12-06 05:09:51,05:09:51,1388388.04,online_payment,M00402,VND,pending,mobile,D000059,68.46.186.63,mobile_wallet,Singapore,"21.927312,108.119969",58,M,2022-06-20,active,0.97,1,0,0,auto_approved,0.3394,2022
e8fbde1b-dfe3-4ef6-b2e4-a361069ba4ed,U000452,2022-02-05 08:35:07,08:35:07,1610790.15,online_payment,M00018,VND,success,mobile,D001041,74.255.9.8,credit_card,Da Nang,"12.969764,106.165335",69,F,2021-04-28,active,0.86,0,0,0,auto_approved,0.2242,2022
116590a7-5ca2-41e1-8cbb-1f5523795ee8,U001560,2022-02-18 09:55:45,09:55:45,116641.32,purchase,M00262,USD,success,mobile,D002388,29.87.67.88,bank_transfer,Hanoi,"12.03679,106.323872",56,M,2021-03-05,active,0.68,0,0,0,auto_approved,0.1817,2022
a78776e9-ba68-4cfd-b05a-9b2fc998d2a6,U000654,2022-10-06 12:16:37,12:16:37,525207.68,bill_payment,M00247,USD,success,desktop,D001934,19.126.12.84,mobile_wallet,Hanoi,"9.311697,105.532589",47,M,2016-02-21,active,0.55,0,0,0,auto_approved,0.118,2022
d8870301-6d34-4664-8ad4-b3f560d575d8,U000968,2022-06-04 01:14:40,01:14:40,484365.69,online_payment,M00172,VND,success,desktop,D001487,201.89.234.245,credit_card,Singapore,"18.337373,102.487361",42,M,2020-07-20,active,0.52,0,0,0,auto_approved,0.0776,2022
53c57df3-b030-4aaa-ad84-5a63b4176c02,U001349,2022-08-11 08:47:18,08:47:18,758836.44,transfer,M00161,USD,success,mobile,D002835,139.255.131.45,bank_transfer,Da Nang,"17.006849,104.234851",31,M,2015-10-28,active,0.61,0,0,0,auto_approved,0.3646,2022
ddd3fb2a-42a7-4618-9ad7-ad59764460ad,U001911,2022-09-02 05:01:48,05:01:48,27522.59,cash_withdrawal,M00206,VND,success,atm,D000531,88.223.177.220,bank_transfer,Hanoi,"15.404154,107.250679",30,F,2021-01-15,active,0.72,0,0,0,auto_approved,0.045,2022
35b1b1f1-c553-487e-b403-1889d3ca007b,U001651,2022-05-28 16:06:56,16:06:56,1880391.33,purchase,M00200,VND,success,mobile,D001218,202.114.37.169,mobile_wallet,Hanoi,"11.362373,103.895275",55,M,2014-05-04,active,0.74,2,1,1,pending_review,0.1988,2022
31e9e9ee-029d-48ee-9b61-7c6ff3f6213a,U000112,2022-09-19 19:06:05,19:06:05,444774.74,bill_payment,M00331,USD,success,atm,D001111,159.8.77.125,bank_transfer,Hanoi,"14.936904,103.91405",69,F,2015-09-23,active,0.51,0,0,0,auto_approved,0.0526,2022
6e390453-bbd8-452a-bcbc-62d10d571222,U001094,2022-03-24 17:17:09,17:17:09,424778.08,transfer,M00021,USD,success,atm,D000542,122.211.197.173,credit_card,Ho Chi Minh City,"11.765484,103.746303",52,F,2016-07-06,active,0.95,0,0,0,auto_approved,0.3541,2022
c548419f-a9f4-4299-a026-7e7d3e55d211,U001684,2022-07-14 08:59:30,08:59:30,379789.13,online_payment,M00416,VND,success,atm,D002518,37.178.242.111,credit_card,Hanoi,"12.23557,106.853824",23,F,2016-07-28,under_review,0.6,0,0,0,auto_approved,0.3974,2022
0f582b29-1a94-4458-82db-05a2d688d0c6,U001187,2022-07-23 04:40:10,04:40:10,629996.79,purchase,M00288,USD,success,pos,D001301,30.42.76.14,credit_card,Singapore,"12.446533,105.297448",53,F,2014-12-22,active,0.5,0,0,0,auto_approved,0.0505,2022
e057c3de-a98a-45b9-aaa6-f04aa8e2150a,U000810,2022-12-02 03:24:02,03:24:02,428914.29,bill_payment,M00223,USD,success,desktop,D000520,237.10.78.186,bank_transfer,Kuala Lumpur,"20.322536,102.906109",61,M,2020-11-17,active,0.91,0,0,0,auto_approved,0.4,2022
590a1f67-c74c-4c13-8a1e-5c5cbe9ea640,U001709,2022-05-29 15:53:26,15:53:26,1044423.37,purchase,M00245,USD,success,desktop,D002918,128.195.135.8,debit_card,Hanoi,"21.356138,108.041069",28,F,2015-08-14,active,0.78,0,0,0,auto_approved,0.1477,2022
95a67460-d74b-48fa-9670-806afd976253,U001248,2022-02-01 18:44:40,18:44:40,1100138.38,purchase,M00254,VND,success,desktop,D002177,142.61.93.152,debit_card,Da Nang,"8.174676,108.094888",54,M,2019-10-15,active,0.49,0,0,0,auto_approved,0.2541,2022
c0a7bbc8-26cd-4e28-92c3-0a2eeae96f4f,U000690,2022-06-18 15:11:40,15:11:40,711307.7,purchase,M00016,VND,success,desktop,D001235,79.24.113.162,debit_card,Kuala Lumpur,"14.538809,107.679588",34,M,2021-07-31,active,0.54,0,0,0,auto_approved,0.2694,2022
1290b33d-2995-4438-917e-a36d939e2858,U000633,2022-11-09 18:13:35,18:13:35,324710.48,purchase,M00191,VND,success,pos,D002532,141.112.117.186,credit_card,Hanoi,"17.746762,102.410117",32,F,2017-12-10,active,0.92,2,1,0,auto_approved,0.4575,2022
6d044f4f-83d2-4ceb-85db-d0a12f58dc0a,U000834,2022-08-14 18:25:49,18:25:49,800231.11,transfer,M00095,VND,success,atm,D002363,122.205.139.49,bank_transfer,Kuala Lumpur,"19.61064,108.985009",70,M,2021-09-08,active,0.48,0,0,0,auto_approved,0.0761,2022
aedfbbf5-8865-49f8-ad28-bc6a4946d39a,U001039,2022-09-01 11:33:16,11:33:16,764624.44,transfer,M00037,USD,success,desktop,D000156,217.60.138.197,debit_card,Hanoi,"12.240745,105.633576",52,F,2020-09-16,active,0.57,0,0,0,auto_approved,0.0147,2022
29e0ab90-982d-4a2f-b539-e9d852194509,U000550,2022-04-03 23:52:34,23:52:34,278630.84,bill_payment,M00126,VND,success,atm,D001660,126.52.21.250,mobile_wallet,Hanoi,"9.592478,105.732237",63,F,2019-05-26,active,0.48,0,0,0,auto_approved,0.3889,2022
95308158-702e-48ef-b904-6267c9217e38,U001131,2022-02-23 12:16:03,12:16:03,251826.88,purchase,M00001,USD,success,mobile,D001628,203.238.244.163,bank_transfer,Hanoi,"16.54397,102.65415",26,M,2016-02-29,under_review,0.66,2,1,1,pending_review,0.1869,2022
40d81cd1-a620-426b-a63d-68fe36051dc8,U001035,2022-12-08 18:52:29,18:52:29,1134410.58,purchase,M00357,USD,success,atm,D001761,222.37.148.211,bank_transfer,Singapore,"20.054016,104.201083",43,M,2016-07-11,active,0.7,0,0,0,auto_approved,0.1908,2022
247311f9-a7a1-4255-9b6b-4d4316dfc365,U000718,2022-07-29 16:03:54,16:03:54,658475.69,transfer,M00070,USD,success,mobile,D002334,36.3.45.51,credit_card,Hanoi,"16.172599,106.998232",36,F,2019-07-22,under_review,0.91,2,1,0,auto_approved,0.3209,2022
bf9a564d-cf00-45cf-ad35-69dd6dd0124e,U000158,2022-01-27 23:07:41,23:07:41,478889.66,transfer,M00280,USD,success,atm,D000898,249.87.69.105,credit_card,Ho Chi Minh City,"13.999764,103.15637",67,F,2013-11-22,active,0.72,0,0,0,auto_approved,0.1592,2022
710a5f03-9509-4476-9265-707a4735449b,U000600,2022-12-22 11:43:04,11:43:04,49099.99,purchase,M00220,VND,success,desktop,D000349,173.183.164.217,bank_transfer,Hanoi,"14.519187,108.037336",30,F,2020-10-01,active,0.93,0,0,0,auto_approved,0.4286,2022
43f14369-64df-4d04-aa0f-27fda625ea2d,U000591,2022-08-03 12:31:29,12:31:29,829567.38,transfer,M00399,USD,failed,atm,D000444,11.130.229.66,debit_card,Singapore,"14.231773,102.227171",64,F,2016-06-27,active,0.74,0,0,0,auto_approved,0.2697,2022
eff57edd-5850-4160-9a1d-d9c0addaca6e,U000239,2022-03-22 12:41:27,12:41:27,1015984.19,online_payment,M00151,USD,success,desktop,D000301,242.227.160.21,credit_card,Da Nang,"15.659667,105.51431",21,M,2018-07-18,active,0.92,0,0,0,auto_approved,0.349,2022
fad1bc9a-3129-4bae-8cf1-45fda3e76fb8,U000127,2022-05-28 04:50:58,04:50:58,1464150.01,transfer,M00262,USD,success,mobile,D001950,164.181.232.86,credit_card,Kuala Lumpur,"18.998477,104.129668",56,M,2015-04-17,active,0.58,0,0,0,auto_approved,0.1682,2022
bf5f6c8e-aa08-47e4-a156-db8d7e43454e,U000775,2022-09-28 11:39:05,11:39:05,226778.72,bill_payment,M00220,USD,success,pos,D002855,168.128.10.255,credit_card,Bangkok,"20.254794,103.967699",31,M,2022-08-05,active,0.89,0,0,0,auto_approved,0.2689,2022
f11b5aec-115a-4cad-9e3a-34666e3f55d1,U001826,2022-03-03 00:18:04,00:18:04,273714.58,bill_payment,M00141,VND,success,pos,D002116,15.114.7.94,bank_transfer,Singapore,"12.028414,103.899545",41,F,2021-12-12,active,0.7,0,0,0,auto_approved,0.0221,2022
dd1f84a3-4265-4009-9381-29bd38d696f5,U001391,2022-05-03 18:58:08,18:58:08,1029508.6,purchase,M00268,VND,success,desktop,D002057,235.189.7.221,bank_transfer,Ho Chi Minh City,"15.936065,107.32344",64,M,2017-04-12,active,0.94,0,0,0,auto_approved,0.3372,2022
e2c7f4d1-6521-490f-bfa3-c3dc8edf01d7,U000678,2022-09-09 21:43:14,21:43:14,2671240.4,online_payment,M00346,VND,success,mobile,D000916,111.91.187.106,credit_card,Kuala Lumpur,"13.644717,105.342591",30,F,2017-05-01,active,0.5,0,1,0,auto_approved,0.6441,2022
ca17bfd8-5ced-45d5-a0be-ccb95156d20e,U001090,2022-08-31 07:27:17,07:27:17,381410.03,bill_payment,M00209,VND,success,pos,D001372,202.16.245.227,debit_card,Ho Chi Minh City,"21.609446,108.664918",61,F,2020-07-12,active,0.59,0,0,0,auto_approved,0.1446,2022
76f67a7a-e6c1-4381-8220-207391e318ee,U001463,2022-12-21 03:37:38,03:37:38,1964973.65,cash_withdrawal,M00251,USD,failed,pos,D001047,64.48.17.30,debit_card,Da Nang,"17.845598,108.668842",42,M,2015-08-12,active,0.84,0,0,0,auto_approved,0.2882,2022
e45d4260-1985-49b5-b411-d484840961a5,U000805,2022-02-06 05:39:46,05:39:46,199606.64,purchase,M00473,USD,success,atm,D002171,24.19.130.213,mobile_wallet,Kuala Lumpur,"20.411719,105.452228",36,M,2017-07-05,active,0.85,0,0,0,auto_approved,0.4472,2022
6567f71e-aa1e-4d77-a48f-69c4b2c4f4b4,U000873,2022-01-28 11:02:11,11:02:11,2729753.1,purchase,M00122,USD,success,desktop,D000060,242.54.78.124,credit_card,Ho Chi Minh City,"17.671437,107.267571",23,M,2021-06-17,active,0.76,0,0,0,auto_approved,0.2598,2022
f396b0ff-2c15-4851-a5a6-61b2029693a3,U001520,2022-04-09 23:55:21,23:55:21,1010842.7,online_payment,M00326,VND,success,mobile,D001667,3.170.148.48,bank_transfer,Kuala Lumpur,"10.280262,105.320905",39,F,2021-07-12,blocked,0.79,1,0,0,auto_approved,0.3045,2022
b41c41be-11be-45c2-9213-738c1fbf53d9,U000686,2022-06-07 06:25:17,06:25:17,815656.45,bill_payment,M00025,VND,success,mobile,D002821,193.235.74.215,mobile_wallet,Kuala Lumpur,"17.744612,103.000225",65,F,2021-12-06,active,0.47,0,0,0,auto_approved,0.2893,2022
d1bbfe22-85f6-4fc3-96b3-22a51e0b4e0a,U000475,2022-05-16 15:10:32,15:10:32,1555501.91,cash_withdrawal,M00077,USD,success,pos,D002444,140.81.30.112,debit_card,Singapore,"17.977859,102.915579",61,M,2019-02-06,active,0.59,0,0,0,auto_approved,0.3495,2022
26906882-9cd1-4310-af97-0c9b5f2841db,U001553,2022-07-14 12:00:24,12:00:24,583327.5,purchase,M00443,VND,success,atm,D001115,252.122.59.25,mobile_wallet,Bangkok,"13.369023,107.184269",32,M,2014-08-01,active,0.65,0,0,0,auto_approved,0.2651,2022
efe960d7-4c24-4312-9baa-f81cf9ec3259,U001406,2022-01-06 20:42:36,20:42:36,355264.79,purchase,M00386,USD,success,atm,D002721,204.96.191.160,debit_card,Ho Chi Minh City,"8.019996,107.835488",32,M,2021-03-22,under_review,0.58,0,0,0,auto_approved,0.3937,2022
19e574f1-ed9e-42c0-80ae-ffec2046ab0e,U000083,2022-10-01 00:41:42,00:41:42,1425108.35,online_payment,M00276,VND,failed,desktop,D000671,21.179.201.1,debit_card,Singapore,"17.124592,104.233541",33,F,2020-06-26,active,0.5,1,0,0,auto_approved,0.1864,2022
4140b1dd-d23e-4120-8645-2dc35e8c75a5,U001542,2022-10-05 12:37:53,12:37:53,796955.3,cash_withdrawal,M00285,USD,success,mobile,D001534,18.157.126.57,credit_card,Bangkok,"8.812991,108.71179",53,M,2016-10-21,active,0.78,0,0,0,auto_approved,0.3128,2022
e70405e1-c35f-4188-90bd-4f75deeb4d6c,U001481,2022-06-17 19:44:32,19:44:32,258798.73,purchase,M00118,USD,success,pos,D001473,41.231.79.139,mobile_wallet,Hanoi,"11.091706,103.645062",43,F,2021-12-06,active,0.57,0,0,0,auto_approved,0.4283,2022
4473ca82-7f27-436c-b72b-2bee917cfa1c,U001163,2022-09-02 04:42:04,04:42:04,341090.07,cash_withdrawal,M00370,VND,success,pos,D002001,38.143.9.230,bank_transfer,Ho Chi Minh City,"20.444613,108.777218",57,F,2020-04-13,active,0.64,0,0,0,auto_approved,0.4057,2022
9392be11-576d-4b80-8489-92e210052da0,U001909,2022-08-07 02:28:04,02:28:04,146725.68,cash_withdrawal,M00321,USD,success,atm,D001003,155.46.41.236,credit_card,Hanoi,"14.873337,108.614985",52,F,2014-06-05,active,0.63,1,0,0,auto_approved,0.4288,2022
0e421202-1098-47b4-84f6-4a0787a8f476,U000419,2022-12-17 20:00:37,20:00:37,1312433.48,cash_withdrawal,M00074,USD,success,desktop,D002727,119.171.14.248,debit_card,Da Nang,"15.311245,106.925692",25,F,2021-06-17,active,0.81,0,0,0,auto_approved,0.4486,2022
38c01cf2-e8c7-474b-9a1d-89836dae6bd5,U001886,2022-09-19 18:23:26,18:23:26,1315482.97,bill_payment,M00278,USD,success,desktop,D002565,12.126.9.220,credit_card,Hanoi,"10.861877,104.025644",58,F,2019-04-12,active,0.6,0,0,0,auto_approved,0.1308,2022
9f445419-561f-4917-bc33-0134b2834597,U000830,2022-12-29 00:37:24,00:37:24,1768153.93,online_payment,M00475,USD,success,mobile,D000641,62.54.31.71,credit_card,Da Nang,"12.761123,106.137128",33,M,2016-12-24,active,0.64,0,0,0,auto_approved,0.0397,2022
ac249b89-88dd-40c1-86f7-191556f433a0,U000810,2022-04-15 09:18:17,09:18:17,103141.9,online_payment,M00332,USD,success,mobile,D000547,91.28.254.143,mobile_wallet,Da Nang,"10.347107,105.355299",18,M,2015-12-22,active,0.55,0,0,0,auto_approved,0.0516,2022
3580c3eb-3b82-4f58-b7c4-c41f9e69fcec,U000762,2022-09-06 16:37:37,16:37:37,2405208.75,online_payment,M00003,VND,success,mobile,D002112,101.69.15.120,mobile_wallet,Singapore,"8.774021,103.363128",50,F,2020-10-28,active,0.66,0,0,0,auto_approved,0.3253,2022
ac614a0b-b8c0-4568-8a6a-496d079c4580,U001981,2022-04-29 16:36:30,16:36:30,782627.69,transfer,M00436,USD,success,pos,D001003,229.53.91.67,bank_transfer,Singapore,"11.574328,107.179189",25,F,2018-11-05,active,0.76,2,1,0,auto_approved,0.3418,2022
a055f85c-719f-4840-962c-aff7c690dc08,U000485,2022-04-02 17:39:22,17:39:22,177693.19,online_payment,M00042,USD,failed,desktop,D002938,204.224.164.221,bank_transfer,Singapore,"17.87129,105.506721",32,F,2016-01-05,active,0.67,0,0,0,auto_approved,0.2369,2022
8d52df9d-df49-4d65-81f9-5714f46fe23f,U000350,2022-03-27 11:15:30,11:15:30,294031.96,bill_payment,M00060,USD,success,mobile,D001089,55.11.141.175,bank_transfer,Hanoi,"15.402763,103.340428",64,M,2018-09-19,active,0.45,0,0,0,auto_approved,0.2226,2022
c57ac706-9e03-47df-b713-a5fe084c942e,U001423,2022-05-23 14:34:36,14:34:36,608192.95,cash_withdrawal,M00467,VND,success,atm,D002676,242.227.104.40,mobile_wallet,Bangkok,"8.189778,106.119533",20,F,2021-05-23,active,0.9,0,0,0,auto_approved,0.2376,2022
1317326e-273d-432e-8b58-2650cba57518,U000497,2022-03-02 10:28:25,10:28:25,122191.14,purchase,M00381,VND,success,desktop,D000874,103.63.95.36,mobile_wallet,Da Nang,"12.053499,104.481766",20,F,2015-03-27,active,0.79,0,0,0,auto_approved,0.0368,2022
5e2da6e7-438a-4b5e-beed-fa667307485a,U001390,2022-02-20 06:06:48,06:06:48,1698737.65,transfer,M00390,VND,success,atm,D002253,186.200.89.200,mobile_wallet,Bangkok,"20.019616,103.558036",54,F,2016-04-20,active,0.48,0,0,0,auto_approved,0.0938,2022
f1c87cd2-20ce-4631-bc9f-27d0b466fe37,U000343,2022-10-04 08:25:30,08:25:30,8237.48,online_payment,M00115,USD,pending,pos,D001717,116.53.10.62,credit_card,Ho Chi Minh City,"17.20179,107.193589",39,F,2016-06-09,active,0.99,0,0,0,auto_approved,0.3552,2022
f2df426a-07e4-4d04-b0fd-0468b1d13623,U001335,2022-03-07 04:25:49,04:25:49,178901.74,online_payment,M00452,USD,success,desktop,D001005,117.227.97.32,mobile_wallet,Bangkok,"9.750127,105.363516",28,M,2020-08-29,active,0.72,0,0,0,auto_approved,0.0428,2022
b13ded41-f292-49f0-b0f3-435b87b9ff96,U001101,2022-10-10 21:49:18,21:49:18,451402.32,cash_withdrawal,M00085,VND,success,desktop,D000689,15.166.238.91,mobile_wallet,Hanoi,"13.233654,107.072482",35,M,2016-11-06,active,0.57,0,0,0,auto_approved,0.2409,2022
70ca4e59-01c5-46ed-95fb-1c7e4eb11514,U000101,2022-09-17 13:08:11,13:08:11,224322.68,bill_payment,M00469,VND,success,desktop,D002114,163.19.233.246,credit_card,Kuala Lumpur,"9.574003,102.272358",65,M,2019-02-22,active,0.76,0,0,0,auto_approved,0.1587,2022
59767c23-99a9-48e4-91ed-c72b596fb594,U001268,2022-05-31 14:08:58,14:08:58,143634.21,online_payment,M00141,USD,success,atm,D001107,104.88.235.212,debit_card,Da Nang,"10.55515,102.58544",65,F,2017-01-10,active,0.89,0,0,0,auto_approved,0.4299,2022
5b9a207e-d65c-4b6e-81b3-3095e5f0a8ab,U001258,2022-01-30 01:54:16,01:54:16,32456.78,purchase,M00385,USD,success,mobile,D000429,234.139.235.94,credit_card,Da Nang,"21.247698,106.304498",31,F,2018-10-16,active,0.85,0,0,0,auto_approved,0.3356,2022
9b81aa67-3582-40bb-a4a5-ead9136299f7,U001745,2022-02-08 12:31:21,12:31:21,675905.83,cash_withdrawal,M00416,USD,success,atm,D000082,76.102.214.132,debit_card,Bangkok,"12.077488,102.613719",60,F,2018-04-12,active,0.45,0,0,0,auto_approved,0.3343,2022
e3991c73-0f82-422e-8348-2608850d2bc7,U000148,2022-10-17 09:41:17,09:41:17,950658.41,cash_withdrawal,M00420,USD,success,mobile,D002177,79.202.254.173,debit_card,Singapore,"15.923589,107.871042",57,M,2015-09-18,active,0.78,0,0,0,auto_approved,0.1742,2022
73e784e7-b2f3-4dc9-987a-22bd5f82d6d1,U001951,2022-04-28 12:22:08,12:22:08,2227572.52,bill_payment,M00357,VND,success,atm,D001649,121.68.76.137,credit_card,Da Nang,"17.057223,108.634252",52,M,2020-11-22,active,0.99,1,0,0,auto_approved,0.4207,2022
a2a17761-a512-4073-a87e-b11710980e19,U001924,2022-12-06 02:40:16,02:40:16,212870.2,cash_withdrawal,M00087,VND,success,pos,D000144,161.40.90.137,debit_card,Bangkok,"17.213082,105.646704",36,F,2020-05-01,active,0.68,0,0,0,auto_approved,0.2888,2022
ca886f1f-f261-4f7a-b05f-799283a147ea,U000208,2022-07-29 01:52:21,01:52:21,170810.8,cash_withdrawal,M00264,VND,success,desktop,D001842,111.244.16.178,bank_transfer,Ho Chi Minh City,"11.435838,105.376915",46,M,2015-04-03,under_review,0.75,0,0,0,auto_approved,0.0436,2022
549ceb88-4d63-45ed-97cd-4ffe91e8dd1b,U001131,2022-04-18 05:42:51,05:42:51,41639.9,online_payment,M00482,USD,pending,pos,D000018,60.195.208.216,mobile_wallet,Hanoi,"13.367502,105.281298",66,F,2021-02-14,active,0.62,0,0,0,auto_approved,0.0631,2022
5e28b499-f0fb-4b10-9bf9-23f16e1bedd6,U001950,2022-06-23 06:12:52,06:12:52,109003.46,bill_payment,M00205,VND,success,pos,D002020,119.219.128.236,credit_card,Bangkok,"12.692584,108.485404",43,F,2015-02-24,active,0.54,0,0,0,auto_approved,0.4214,2022
aa83d6b5-b58f-4754-864c-84328e4e3124,U000699,2022-07-30 03:41:41,03:41:41,893952.41,online_payment,M00340,VND,success,atm,D002650,219.121.144.115,bank_transfer,Da Nang,"16.304126,105.216658",52,F,2015-03-19,active,0.56,0,0,0,auto_approved,0.2256,2022
ac81d29d-34a0-4bad-aac3-caea5483075a,U001248,2022-08-03 01:30:49,01:30:49,3240.96,online_payment,M00405,USD,success,pos,D000634,42.230.217.114,mobile_wallet,Hanoi,"10.886734,106.490255",67,M,2019-10-30,active,0.89,0,0,0,auto_approved,0.4299,2022
156c46d7-8b36-4cd0-aa75-36e1053498cd,U000112,2022-11-13 14:06:56,14:06:56,310510.99,online_payment,M00369,USD,success,desktop,D002610,243.47.140.23,credit_card,Hanoi,"15.197507,105.16417",66,F,2022-02-21,active,0.65,0,0,0,auto_approved,0.2053,2022
7be992c3-17cf-4aad-ba39-575f1b23c711,U000384,2022-05-21 22:39:14,22:39:14,1001294.01,cash_withdrawal,M00419,USD,success,pos,D000131,202.39.62.134,credit_card,Ho Chi Minh City,"20.546776,107.561682",24,M,2014-03-26,active,0.73,0,0,0,auto_approved,0.0871,2022
5c5010c5-6ce7-4d22-97f7-95af9921936b,U000001,2022-04-21 13:30:29,13:30:29,81890.27,cash_withdrawal,M00429,VND,success,atm,D000884,12.92.92.170,debit_card,Singapore,"9.879805,105.155649",37,M,2017-06-03,active,0.98,0,0,0,auto_approved,0.4412,2022
6dfc53c3-dcc5-4eb1-94dd-e80b4f5efdc7,U000440,2022-07-23 14:53:48,14:53:48,986130.72,purchase,M00315,USD,success,atm,D001290,107.3.90.74,credit_card,Bangkok,"17.311965,103.819469",39,M,2018-12-08,under_review,0.55,0,0,0,auto_approved,0.2891,2022
e4c723f9-fbd0-43f8-b935-6763d7da41b5,U001582,2022-02-09 16:37:54,16:37:54,531322.37,online_payment,M00253,USD,success,atm,D002601,255.171.134.107,credit_card,Singapore,"13.988257,107.682846",48,F,2019-01-31,active,0.46,0,0,0,auto_approved,0.0933,2022
504c1cd4-33e2-4b46-b969-3f736ca2177e,U001072,2022-02-26 13:02:31,13:02:31,236123.29,online_payment,M00205,USD,success,atm,D000677,14.190.95.232,credit_card,Kuala Lumpur,"14.946145,105.379701",22,M,2018-10-06,active,0.84,2,1,0,auto_approved,0.0809,2022
5f5435d4-5982-44a9-8fb9-edc0eee5525c,U001988,2022-10-16 02:25:46,02:25:46,940812.56,online_payment,M00291,USD,success,mobile,D000613,196.134.55.106,debit_card,Singapore,"10.015885,105.750947",41,M,2018-08-15,active,0.54,0,1,0,auto_approved,0.399,2022
5f7f120a-c420-433b-b1a1-a8ba1ac802ef,U000617,2022-01-19 19:00:35,19:00:35,797716.13,bill_payment,M00472,VND,success,mobile,D000858,216.53.96.175,debit_card,Da Nang,"8.413851,107.985297",67,F,2020-02-19,active,1.0,0,0,0,auto_approved,0.203,2022
40bea835-875e-4fcf-84a7-787957ba5702,U001860,2022-07-01 09:00:27,09:00:27,865214.24,cash_withdrawal,M00043,VND,success,pos,D001117,149.158.18.90,credit_card,Singapore,"18.389685,107.461523",51,M,2018-03-29,active,0.46,0,0,0,auto_approved,0.2849,2022
0d9abd56-450c-49c2-94a0-8a544f0c9e8a,U001391,2022-02-26 15:31:20,15:31:20,519978.54,bill_payment,M00220,USD,pending,desktop,D001646,255.183.26.141,mobile_wallet,Singapore,"16.963906,106.902504",24,F,2016-03-14,active,0.77,0,0,0,auto_approved,0.2643,2022
8bbb156a-eec3-4a91-a993-c80f0f10721d,U000282,2022-12-17 12:04:30,12:04:30,182547.21,purchase,M00340,USD,success,mobile,D000070,72.121.12.183,debit_card,Singapore,"10.627862,106.956656",26,F,2015-03-25,active,0.66,0,0,0,auto_approved,0.144,2022
15efc8a5-033d-4e36-8e24-f9ae6bb974ea,U000980,2022-11-02 10:25:01,10:25:01,701447.63,purchase,M00220,USD,success,atm,D000261,65.95.236.124,bank_transfer,Kuala Lumpur,"18.835113,106.760111",45,F,2015-01-24,active,0.68,0,0,0,auto_approved,0.0769,2022
382f4ea9-e0c1-4e3a-a9d3-7f185982edd5,U000900,2022-05-29 00:38:09,00:38:09,1030082.76,online_payment,M00288,USD,success,desktop,D000162,234.78.166.100,debit_card,Ho Chi Minh City,"19.825434,103.102704",69,F,2017-05-15,active,0.74,1,0,0,auto_approved,0.2951,2022
d6bf7221-bb80-4fc1-b7ce-2379341deadc,U001834,2022-01-23 21:54:00,21:54:00,13614.77,cash_withdrawal,M00496,VND,success,mobile,D002294,36.51.96.179,bank_transfer,Hanoi,"18.792882,102.530089",52,M,2013-11-17,active,0.48,0,0,0,auto_approved,0.0486,2022
b6388eae-50be-4fe8-8178-c5e6bf594e24,U001181,2022-12-16 12:52:42,12:52:42,1050178.36,cash_withdrawal,M00222,USD,success,pos,D002544,174.191.14.164,mobile_wallet,Hanoi,"21.7994,104.545155",38,M,2022-03-04,active,0.91,0,0,0,auto_approved,0.3292,2022
578edb94-fdd8-4f22-96a8-ee227d41695e,U001971,2022-11-19 13:51:11,13:51:11,233824.93,online_payment,M00145,VND,success,atm,D002019,71.237.110.222,debit_card,Da Nang,"21.368739,107.408768",20,M,2016-07-02,active,0.98,0,0,0,auto_approved,0.3134,2022
b4078375-a107-40d1-a490-acef3dfe47c7,U000359,2022-07-09 19:57:55,19:57:55,1445025.35,online_payment,M00335,VND,success,atm,D001882,206.190.39.39,mobile_wallet,Ho Chi Minh City,"10.361437,107.089052",25,F,2019-06-10,active,0.88,0,0,0,auto_approved,0.312,2022
f400e8cb-facf-4b0b-8e90-d68ec679064f,U001372,2022-10-18 12:11:54,12:11:54,1034769.16,cash_withdrawal,M00012,VND,pending,mobile,D001118,213.227.201.30,bank_transfer,Hanoi,"15.971333,103.067465",46,F,2018-05-06,active,0.59,0,0,0,auto_approved,0.2689,2022
fd30df2f-d847-42c6-83b7-8183418bf250,U001737,2022-12-22 17:38:54,17:38:54,22603.37,bill_payment,M00134,USD,success,desktop,D002859,233.196.32.187,debit_card,Hanoi,"12.360821,104.214838",50,M,2020-02-12,active,0.48,0,1,1,pending_review,0.2674,2022
72f83b2b-306b-4433-9375-a924b9d4edf1,U001055,2022-03-15 22:04:27,22:04:27,291601.37,transfer,M00038,USD,success,mobile,D001098,167.120.185.194,debit_card,Ho Chi Minh City,"8.803698,105.497774",42,M,2020-10-02,active,0.85,0,0,0,auto_approved,0.0411,2022
b3171f66-ded1-43ea-97bf-da3490004db1,U000118,2022-01-08 15:23:27,15:23:27,282610.02,cash_withdrawal,M00256,VND,success,atm,D001952,64.185.65.4,mobile_wallet,Ho Chi Minh City,"17.587682,106.100561",64,M,2018-05-13,active,0.96,0,0,0,auto_approved,0.2127,2022
a49396aa-e6d6-4936-bfce-ff7615193f54,U000523,2022-11-11 10:14:51,10:14:51,312259.88,online_payment,M00154,USD,success,mobile,D001783,130.248.193.31,debit_card,Da Nang,"13.080536,103.089903",55,M,2017-01-02,active,0.61,0,0,0,auto_approved,0.3565,2022
436cd9a1-513a-439d-a122-3951ec32e085,U000826,2022-09-20 19:57:20,19:57:20,427410.87,bill_payment,M00227,VND,success,atm,D001058,125.0.8.173,credit_card,Singapore,"14.539971,105.006687",41,F,2020-01-05,active,0.94,0,0,0,auto_approved,0.1682,2022
f1dc56c8-a326-4fb9-b66b-b9f218b90006,U001760,2022-10-01 13:49:07,13:49:07,438374.53,cash_withdrawal,M00388,VND,success,desktop,D002096,70.166.189.124,mobile_wallet,Singapore,"15.161127,102.385335",28,F,2021-03-08,active,0.45,0,0,0,auto_approved,0.1399,2022
3f05324d-cfa4-443a-bc14-f3781bb1c208,U000711,2022-04-08 19:14:13,19:14:13,139758.14,cash_withdrawal,M00362,USD,failed,atm,D001352,211.216.251.255,credit_card,Singapore,"17.949462,107.157964",53,F,2020-01-20,active,0.99,0,0,0,auto_approved,0.137,2022
c42217af-6d6a-4af9-b4b9-dd25ff0d4f97,U000824,2022-11-20 08:28:24,08:28:24,315855.89,bill_payment,M00132,VND,success,pos,D002007,199.146.220.200,bank_transfer,Ho Chi Minh City,"17.772066,103.343224",47,M,2021-01-19,active,0.5,3,1,1,pending_review,0.3144,2022
da431814-5728-44d4-a7d2-9731f4ca8cd4,U000550,2022-09-05 09:13:59,09:13:59,26.26,cash_withdrawal,M00403,VND,success,mobile,D001289,44.10.214.68,credit_card,Da Nang,"15.542859,107.278099",42,F,2015-04-18,active,0.65,0,0,0,auto_approved,0.2042,2022
9de264ac-ff66-4a20-a0ba-cf02b92925c9,U000734,2022-05-20 06:15:37,06:15:37,119484.03,transfer,M00366,VND,success,atm,D001629,70.1.45.100,credit_card,Kuala Lumpur,"8.339903,104.333385",32,F,2014-12-27,active,0.9,3,1,0,auto_approved,0.2459,2022
a7195b4f-d246-4da9-bede-0f8e7c453294,U000857,2022-02-10 01:16:16,01:16:16,1710293.59,bill_payment,M00471,VND,success,mobile,D001658,37.205.200.169,bank_transfer,Ho Chi Minh City,"21.891264,103.495504",42,M,2015-08-28,active,0.97,0,0,0,auto_approved,0.388,2022
e22a5ab5-f107-4c05-9a54-436f3281459c,U000307,2022-07-09 09:24:25,09:24:25,306326.2,bill_payment,M00166,USD,success,atm,D000813,224.34.124.156,credit_card,Ho Chi Minh City,"16.377661,106.459703",62,F,2017-07-12,active,0.93,0,0,0,auto_approved,0.4405,2022
98a38afd-ea8b-48c1-bdea-c77029e8758a,U000140,2022-07-10 00:42:15,00:42:15,589844.83,transfer,M00457,USD,success,desktop,D000056,23.157.14.27,mobile_wallet,Hanoi,"11.030459,105.047299",68,F,2016-08-25,active,0.88,0,0,0,auto_approved,0.3122,2022
dc635cc8-49b9-4367-b3a7-968de8059b3d,U001507,2022-07-22 21:33:25,21:33:25,2264860.16,cash_withdrawal,M00493,VND,success,pos,D000890,125.201.178.110,mobile_wallet,Kuala Lumpur,"21.54725,107.723128",68,F,2021-08-02,active,0.78,1,1,0,auto_approved,0.7181,2022
022922ce-1633-4fe2-b338-0d21b6306f0b,U001033,2022-10-29 14:43:45,14:43:45,747382.01,cash_withdrawal,M00298,USD,success,desktop,D001425,70.4.215.241,bank_transfer,Ho Chi Minh City,"20.279353,105.824944",27,F,2018-01-27,active,0.62,0,1,1,pending_review,0.3732,2022
b6f3b63d-198e-479d-84fa-6dfdfd821d3f,U000592,2022-06-05 10:54:47,10:54:47,2730026.46,online_payment,M00414,USD,failed,desktop,D001902,107.222.158.167,bank_transfer,Hanoi,"21.23916,107.15131",50,F,2018-12-12,active,0.98,0,0,0,auto_approved,0.3605,2022
ecfbd939-0a64-4903-81f9-103c8230ca9d,U001361,2022-04-01 15:38:21,15:38:21,1101865.42,cash_withdrawal,M00335,USD,success,atm,D000767,163.116.110.249,credit_card,Ho Chi Minh City,"21.349603,105.165215",69,M,2016-02-12,active,0.77,0,0,0,auto_approved,0.2433,2022
36623d4c-511d-4ba2-98f3-8c083a3fb64f,U001756,2022-02-07 13:32:08,13:32:08,181076.48,bill_payment,M00125,USD,success,desktop,D000878,63.170.125.18,credit_card,Ho Chi Minh City,"12.140043,105.986328",47,M,2015-11-14,active,0.58,1,0,0,auto_approved,0.1274,2022
4b98d711-f2dd-4ee3-978f-15080e83d2ae,U001465,2022-08-24 14:21:58,14:21:58,1738925.85,online_payment,M00170,USD,success,atm,D000337,236.107.53.119,mobile_wallet,Da Nang,"10.407768,105.925893",54,M,2015-01-07,active,0.66,0,0,0,auto_approved,0.2266,2022
82d6bef5-6d1a-4e0e-b2eb-adddb7905da7,U000587,2022-12-13 03:20:11,03:20:11,267600.22,bill_payment,M00455,USD,failed,atm,D001747,213.175.40.113,debit_card,Ho Chi Minh City,"11.312313,108.531542",49,F,2018-04-22,active,0.94,0,0,0,auto_approved,0.1959,2022
e014a553-f3d9-493c-87b2-05d73e9ba25f,U000104,2022-03-07 13:30:44,13:30:44,776914.95,transfer,M00126,USD,success,desktop,D000737,202.54.189.103,bank_transfer,Kuala Lumpur,"11.228329,103.578038",20,M,2015-12-29,active,0.51,0,0,0,auto_approved,0.1908,2022
e47c23ad-cad0-460a-a75e-d0e1f544307f,U001232,2022-09-12 10:00:23,10:00:23,618307.77,transfer,M00290,VND,success,pos,D002608,100.188.248.106,bank_transfer,Hanoi,"10.974597,102.002796",41,F,2017-07-21,active,0.52,0,0,0,auto_approved,0.0601,2022
bfce424a-aff6-46b4-969d-fff422241949,U000740,2022-08-10 02:55:22,02:55:22,362048.46,purchase,M00347,VND,failed,pos,D001724,43.216.76.241,mobile_wallet,Kuala Lumpur,"17.240345,104.827195",31,F,2018-07-03,active,0.55,0,0,0,auto_approved,0.0266,2022
db3ffa6c-c73a-4954-88d9-9ce76396e0fa,U001875,2022-02-16 16:14:48,16:14:48,56208.52,purchase,M00386,VND,success,pos,D001294,227.38.196.151,debit_card,Ho Chi Minh City,"19.531864,105.423018",58,F,2020-03-15,active,0.62,0,0,0,auto_approved,0.3898,2022
0f3002b3-8ad9-45f4-abcd-c1533237c99d,U001821,2022-12-28 16:57:17,16:57:17,113221.71,cash_withdrawal,M00282,USD,success,mobile,D002719,37.155.206.6,mobile_wallet,Kuala Lumpur,"21.17093,104.957328",50,F,2016-09-30,blocked,0.54,0,0,0,auto_approved,0.2787,2022
1d840615-2a28-4577-aa35-78548229410a,U000859,2022-03-10 03:24:26,03:24:26,289386.7,online_payment,M00427,VND,success,desktop,D002219,247.230.21.63,mobile_wallet,Kuala Lumpur,"11.639111,105.464746",41,M,2017-12-19,under_review,0.53,0,0,0,auto_approved,0.3773,2022
07fb6472-aa2e-4ee3-9490-790311c64eda,U000545,2022-08-05 08:43:52,08:43:52,722823.89,purchase,M00165,VND,success,pos,D000593,160.84.123.92,credit_card,Bangkok,"11.411904,106.208683",56,F,2021-08-23,active,0.49,0,0,0,auto_approved,0.0778,2022
5b532f5f-57ca-4ea9-800e-393f142d22d4,U000316,2022-09-30 21:54:01,21:54:01,659182.12,cash_withdrawal,M00267,VND,success,mobile,D002721,8.209.174.5,mobile_wallet,Bangkok,"16.96372,102.124512",54,F,2014-08-08,blocked,0.89,0,0,0,auto_approved,0.1062,2022
ad46481e-f6e0-4eec-8551-761336d6ef77,U001665,2022-03-26 08:24:23,08:24:23,25314.17,bill_payment,M00426,VND,success,mobile,D000739,89.235.88.173,mobile_wallet,Hanoi,"9.736458,108.292529",54,M,2016-07-10,active,0.81,0,0,0,auto_approved,0.2431,2022
a40d28ec-8910-4a1b-a99a-0dfa2650d738,U000874,2022-11-29 07:33:49,07:33:49,663342.01,purchase,M00474,VND,success,atm,D001343,138.233.121.185,mobile_wallet,Bangkok,"20.698825,102.528807",62,M,2016-06-23,active,0.59,0,1,1,pending_review,0.4013,2022
cfb25e63-607c-4e48-8eeb-8ba1cba8d353,U000886,2022-08-13 10:41:26,10:41:26,2145931.49,purchase,M00406,USD,success,pos,D002898,4.236.120.183,mobile_wallet,Da Nang,"14.775573,104.520072",68,F,2021-11-03,active,0.47,0,0,0,auto_approved,0.2177,2022
bab19bc0-77cb-45b2-b14a-a511f4f3851c,U001879,2022-10-29 07:25:22,07:25:22,785485.55,cash_withdrawal,M00466,USD,success,atm,D000678,23.66.233.68,debit_card,Bangkok,"16.361323,103.428524",29,F,2016-05-26,active,0.47,1,0,0,auto_approved,0.4648,2022
44e9191d-0671-4173-b255-8dfbb8b8aedc,U000478,2022-02-27 00:10:50,00:10:50,942846.24,transfer,M00424,VND,success,atm,D001620,104.42.135.69,debit_card,Ho Chi Minh City,"21.563168,105.0496",23,M,2015-11-28,active,0.5,0,0,0,auto_approved,0.0587,2022
c9436ce3-30db-4893-b60f-46c18abcde03,U001349,2022-07-08 07:01:20,07:01:20,428306.75,purchase,M00481,USD,failed,atm,D000215,156.52.230.243,bank_transfer,Bangkok,"8.417215,102.521225",70,F,2017-01-29,active,0.96,0,0,0,auto_approved,0.3615,2022
353d3047-7193-4c0e-b9fe-3bfac6d7edf0,U001278,2022-09-09 06:06:57,06:06:57,436835.12,online_payment,M00020,USD,success,desktop,D001651,154.111.23.75,debit_card,Singapore,"21.201558,102.259972",69,M,2018-02-06,active,0.89,0,0,0,auto_approved,0.1795,2022
92562422-4d24-416e-b6d5-45fcc23abcf6,U000877,2022-06-03 11:38:49,11:38:49,142306.45,cash_withdrawal,M00242,USD,success,pos,D002233,245.118.188.241,mobile_wallet,Bangkok,"20.846809,102.626376",52,F,2014-12-07,active,0.7,0,1,0,auto_approved,0.3979,2022
e78da507-e550-4c68-8f85-b4f91f916d16,U001357,2022-08-23 01:56:52,01:56:52,413926.28,bill_payment,M00106,USD,success,mobile,D000631,184.142.12.120,bank_transfer,Bangkok,"11.833331,106.454432",20,M,2017-07-21,active,0.76,0,0,0,auto_approved,0.4084,2022
e4a2c7be-036f-4278-8b01-541dec3bfa52,U000046,2022-11-12 09:18:31,09:18:31,198634.84,bill_payment,M00487,VND,success,mobile,D001627,245.52.114.109,bank_transfer,Ho Chi Minh City,"21.582882,104.393674",25,M,2017-04-01,active,0.89,0,0,0,auto_approved,0.1459,2022
5e9c6e9d-d84c-4542-b42e-5b9be7b0e993,U000222,2022-01-29 16:37:54,16:37:54,345487.77,bill_payment,M00419,USD,success,atm,D001087,110.17.68.126,debit_card,Hanoi,"8.766991,107.60132",64,M,2019-12-19,active,0.83,1,0,0,auto_approved,0.2333,2022
1b10beea-1eac-4bc2-97b2-37a8d7a2df89,U000199,2022-09-11 20:25:45,20:25:45,48545.94,purchase,M00172,USD,success,pos,D000370,83.102.7.63,bank_transfer,Singapore,"10.145083,103.881666",19,F,2021-03-10,active,0.83,0,0,0,auto_approved,0.403,2022
36cbdd55-61e1-496c-a73c-d6a4418e4c65,U001639,2022-04-29 14:12:27,14:12:27,458650.81,cash_withdrawal,M00178,VND,success,mobile,D000396,158.38.107.50,bank_transfer,Kuala Lumpur,"20.783035,102.93526",50,M,2014-05-20,active,0.86,0,0,0,auto_approved,0.3852,2022
5863fbc2-199c-4516-be2a-727ec4f5937b,U000618,2022-05-13 08:52:48,08:52:48,544605.56,transfer,M00179,USD,success,mobile,D001835,185.179.19.65,credit_card,Da Nang,"19.513624,102.267977",51,F,2020-04-20,active,0.6,0,0,0,auto_approved,0.4233,2022
775ae814-5bcf-47dd-818a-2cebbf04e4e9,U000711,2022-09-26 08:56:34,08:56:34,255796.16,transfer,M00035,USD,success,atm,D000638,116.24.53.207,bank_transfer,Da Nang,"14.850156,105.097748",41,F,2016-02-25,active,0.77,0,0,0,auto_approved,0.0887,2022
344a76b8-897d-4be6-b858-b8419b738546,U001833,2022-04-07 22:25:19,22:25:19,413243.73,cash_withdrawal,M00086,VND,success,mobile,D002186,102.199.111.94,mobile_wallet,Kuala Lumpur,"10.047427,108.271491",53,F,2016-01-06,active,0.45,0,0,0,auto_approved,0.2797,2022
44f2b3e9-7374-4cf7-9795-2fcaa9c6111b,U001283,2022-03-02 06:39:10,06:39:10,72834.06,transfer,M00021,USD,success,mobile,D000565,43.238.177.49,credit_card,Bangkok,"15.55561,108.717341",21,F,2018-06-15,active,0.58,0,0,0,auto_approved,0.0718,2022
5727fe76-d57f-47e8-8fb3-57dbddc2edba,U001548,2022-03-11 22:20:55,22:20:55,335414.98,transfer,M00442,VND,pending,atm,D002062,77.25.38.42,bank_transfer,Da Nang,"16.141316,105.873139",48,M,2015-10-14,active,0.86,0,0,0,auto_approved,0.4118,2022
c8746bab-a577-4c47-b2b8-deb043dc45ee,U001691,2022-10-10 13:57:04,13:57:04,213541.76,cash_withdrawal,M00082,USD,success,desktop,D002323,25.94.24.126,credit_card,Singapore,"18.603319,108.858124",63,M,2020-01-03,active,0.45,1,0,0,auto_approved,0.4035,2022
2cf85a62-88ab-419c-a6dd-91e6934404ad,U000409,2022-02-20 22:44:59,22:44:59,1732996.32,transfer,M00490,USD,success,mobile,D000374,239.83.93.152,mobile_wallet,Da Nang,"10.257514,103.855518",24,M,2018-02-02,active,0.57,0,0,0,auto_approved,0.164,2022
73749d8a-3da8-47d3-be5d-074e9e55f1b6,U000576,2022-06-04 12:48:33,12:48:33,646396.63,purchase,M00357,VND,success,atm,D002135,8.195.61.142,debit_card,Bangkok,"14.037797,108.61004",37,M,2020-04-04,active,0.71,0,0,0,auto_approved,0.1742,2022
025fc9ee-2282-4801-bdab-cd1d9f2dc37c,U001933,2022-12-07 20:45:50,20:45:50,469331.93,bill_payment,M00364,USD,success,pos,D001688,82.175.104.161,debit_card,Bangkok,"15.007625,108.167047",22,F,2016-09-14,active,0.69,0,0,0,auto_approved,0.1576,2022
236477bb-dea2-45d6-bde9-d4352b9e0910,U001121,2022-03-20 05:39:40,05:39:40,215746.15,online_payment,M00041,VND,success,desktop,D001106,161.136.73.49,debit_card,Hanoi,"13.829805,108.034236",20,M,2019-05-05,active,0.54,0,0,0,auto_approved,0.3736,2022
e1301373-93a8-41c0-957d-613acb6c90b2,U001303,2022-08-12 15:38:34,15:38:34,220140.99,online_payment,M00286,VND,success,mobile,D001620,222.46.165.200,credit_card,Da Nang,"20.844503,108.820878",34,M,2020-06-20,active,0.72,0,0,0,auto_approved,0.1012,2022
be2e340f-7640-4f85-a8ef-a4f8cb650b1f,U000408,2022-10-30 18:09:14,18:09:14,186594.05,transfer,M00404,USD,success,desktop,D000482,212.221.92.46,bank_transfer,Bangkok,"9.332724,102.947238",22,M,2020-04-06,active,0.73,0,0,0,auto_approved,0.17,2022
d95bc8d7-3663-4ffd-8be8-a27a912edd2b,U000813,2022-02-09 12:46:46,12:46:46,6213.51,cash_withdrawal,M00475,VND,success,desktop,D000653,27.173.213.197,debit_card,Kuala Lumpur,"21.192549,107.068404",26,F,2014-05-25,active,0.85,0,0,0,auto_approved,0.2869,2022
05a2adac-6e61-436c-933e-89c6cc0072c6,U000016,2022-12-21 17:48:39,17:48:39,6409.73,cash_withdrawal,M00312,USD,success,atm,D002824,127.115.140.11,mobile_wallet,Hanoi,"13.545635,106.853641",30,F,2019-02-14,active,0.66,0,0,0,auto_approved,0.1596,2022
40d03bce-4c61-462b-b38f-b5ae135a1f28,U000865,2022-02-27 10:40:35,10:40:35,207167.91,online_payment,M00361,VND,success,pos,D001339,179.86.255.129,bank_transfer,Singapore,"17.207103,104.735177",20,F,2015-07-03,active,0.61,0,0,0,auto_approved,0.4465,2022
df4ec6b0-f524-4e3b-b637-52e072b3d975,U000626,2022-05-15 22:32:16,22:32:16,1539219.97,online_payment,M00093,VND,success,mobile,D002118,90.42.0.81,debit_card,Ho Chi Minh City,"8.596023,104.58377",49,M,2015-05-12,active,0.76,0,0,0,auto_approved,0.4303,2022
0578dcb1-9ce5-4778-8504-efc9fc999fde,U000423,2022-04-27 06:16:47,06:16:47,111502.27,bill_payment,M00493,USD,success,mobile,D001377,3.188.24.33,bank_transfer,Singapore,"18.831227,105.522764",67,M,2020-10-06,active,0.73,0,0,0,auto_approved,0.3501,2022
36a4f542-bcae-4db4-af74-d7d192e42bec,U001898,2022-07-10 09:54:22,09:54:22,825079.78,cash_withdrawal,M00342,VND,success,desktop,D001276,243.111.66.83,credit_card,Bangkok,"21.88442,105.762823",53,F,2020-03-29,active,0.63,0,0,0,auto_approved,0.0105,2022
3bc383dc-26d4-4c3e-b619-f8a952e984a1,U000888,2022-06-27 01:45:58,01:45:58,298473.76,bill_payment,M00444,VND,success,desktop,D000925,81.32.77.247,credit_card,Hanoi,"12.78355,108.620742",69,M,2021-05-04,active,0.92,1,0,0,auto_approved,0.4731,2022
254a37d4-646f-471f-a362-69569ebb5a01,U001027,2022-12-19 07:22:29,07:22:29,724984.24,cash_withdrawal,M00256,USD,success,atm,D001958,23.41.74.125,debit_card,Da Nang,"17.40708,102.951971",39,F,2019-07-06,active,0.85,0,0,0,auto_approved,0.0844,2022
398832f0-6f87-4e82-9dd5-d7dd5ca289ec,U000545,2022-03-09 15:02:14,15:02:14,622366.02,transfer,M00480,VND,success,pos,D001265,192.135.167.142,credit_card,Da Nang,"16.710302,104.360486",25,F,2019-11-03,active,0.71,0,0,0,auto_approved,0.3024,2022
b1e09a74-ec48-4b07-a812-71e814991189,U000073,2022-03-18 15:42:49,15:42:49,257516.88,purchase,M00407,USD,success,atm,D001389,233.44.122.78,bank_transfer,Hanoi,"19.675425,105.412672",41,F,2014-09-02,under_review,0.61,0,0,0,auto_approved,0.383,2022
dcf53d5a-7c27-4147-bcce-7967b58ef116,U000865,2022-10-26 00:43:36,00:43:36,42652.83,transfer,M00295,USD,success,desktop,D000905,110.65.162.45,credit_card,Ho Chi Minh City,"14.132369,106.581301",21,F,2021-07-31,active,0.56,0,0,0,auto_approved,0.1615,2022
bc258739-b0d8-44a4-8a91-85ffabc71548,U000007,2022-06-23 11:15:08,11:15:08,269740.81,transfer,M00259,VND,success,desktop,D000345,93.180.189.73,mobile_wallet,Kuala Lumpur,"17.683232,104.79204",47,M,2021-05-19,active,0.76,0,0,0,auto_approved,0.1863,2022
2ac1d5a4-73ae-4d0f-aa74-263f5b1ea8df,U000994,2022-02-21 18:24:00,18:24:00,1245296.84,online_payment,M00229,VND,success,pos,D000817,10.140.14.208,credit_card,Da Nang,"10.263889,106.602356",24,F,2015-09-23,active,0.55,0,0,0,auto_approved,0.3996,2022
862fe1ad-c3cf-4701-8aeb-5cf4191a2cab,U001629,2022-05-02 21:57:44,21:57:44,221518.5,online_payment,M00334,USD,success,pos,D002576,181.62.2.117,debit_card,Singapore,"20.832486,106.746496",51,M,2014-12-28,active,0.87,0,0,0,auto_approved,0.2813,2022
5932e507-b646-4703-983a-6f9737fc79d5,U001723,2022-05-07 06:16:40,06:16:40,1362190.42,online_payment,M00287,VND,success,desktop,D002598,116.56.116.7,mobile_wallet,Singapore,"19.997766,108.322015",44,F,2018-09-26,active,0.71,1,0,0,auto_approved,0.3321,2022
c43c0d0b-4f11-4f5f-8e06-a42c4ef3a4a2,U001087,2022-01-20 09:50:06,09:50:06,1153406.36,online_payment,M00155,VND,pending,atm,D002563,229.8.63.222,bank_transfer,Hanoi,"12.700083,103.506288",60,M,2016-03-18,active,0.97,3,1,0,auto_approved,0.3388,2022
e0cdf057-fda1-4c83-a9a9-167306177533,U000218,2022-08-19 17:04:19,17:04:19,1706596.23,bill_payment,M00411,USD,success,desktop,D000197,6.35.25.2,credit_card,Ho Chi Minh City,"19.849287,107.02413",35,M,2017-12-07,active,0.97,0,0,0,auto_approved,0.425,2022
736de48e-9526-4463-bde4-ddee7a1cb721,U000965,2022-03-02 10:31:29,10:31:29,571869.56,bill_payment,M00127,USD,pending,pos,D001492,255.94.123.156,mobile_wallet,Da Nang,"15.389283,103.940085",27,F,2019-10-14,active,0.69,0,1,0,auto_approved,0.2259,2022
59709e63-e3f1-431b-8a1f-7e53743aa536,U001507,2022-10-27 03:50:04,03:50:04,303122.53,online_payment,M00054,VND,success,desktop,D001434,87.108.157.21,mobile_wallet,Singapore,"9.21952,103.745524",36,M,2015-12-26,active,0.62,0,1,0,auto_approved,0.2909,2022
5e8f07e3-844a-4695-a28e-2fc885172548,U001322,2022-01-16 13:10:47,13:10:47,996971.28,purchase,M00284,USD,success,pos,D001447,243.18.242.150,credit_card,Da Nang,"11.605514,104.959258",54,M,2016-02-18,active,0.65,0,0,0,auto_approved,0.3569,2022
89dfd74a-e8ca-4d09-8e9d-75dd427fb7a9,U001527,2022-11-15 04:51:17,04:51:17,734818.12,transfer,M00355,USD,success,mobile,D000514,142.231.157.242,debit_card,Hanoi,"14.774481,108.837924",20,F,2018-04-22,under_review,0.86,2,1,0,auto_approved,0.2224,2022
c9366e8c-4c87-4086-97cc-c2ef24bb6487,U000085,2022-10-05 11:37:57,11:37:57,489140.5,bill_payment,M00330,USD,success,mobile,D002390,91.145.39.228,bank_transfer,Hanoi,"19.787751,107.345016",24,M,2017-08-11,active,0.56,0,0,0,auto_approved,0.2951,2022
32f81e22-9dc8-4427-9d36-efec7ddb01c3,U001647,2022-01-29 16:13:23,16:13:23,199125.79,purchase,M00414,USD,success,desktop,D000211,195.110.227.77,debit_card,Singapore,"11.716398,105.132387",61,F,2016-11-24,active,0.99,0,0,0,auto_approved,0.0771,2022
c82c3549-4360-4ac2-90c3-20d986f1d13f,U001162,2022-02-12 03:16:41,03:16:41,296413.59,transfer,M00088,VND,failed,pos,D001793,28.48.245.202,debit_card,Da Nang,"12.862103,108.450028",38,M,2020-01-01,active,0.84,0,0,0,auto_approved,0.3968,2022
79481ef2-4961-4e9b-976f-9da1475a5809,U000520,2022-02-19 10:46:36,10:46:36,1070838.17,purchase,M00294,VND,success,desktop,D001282,121.120.82.215,debit_card,Da Nang,"14.395565,108.485118",38,F,2014-05-25,active,0.96,0,0,0,auto_approved,0.0124,2022
437e3b54-22a6-4964-becb-1b90344ffbd6,U001165,2022-12-10 10:16:54,10:16:54,383633.7,online_payment,M00323,VND,success,mobile,D001797,111.48.170.186,bank_transfer,Singapore,"10.420293,106.126885",65,M,2016-09-16,active,0.7,0,0,0,auto_approved,0.1848,2022
a38d5863-fa40-446a-9941-09571232500d,U001043,2022-12-06 15:00:20,15:00:20,1167409.88,cash_withdrawal,M00074,USD,success,pos,D002236,72.121.244.182,debit_card,Singapore,"12.315878,103.469365",65,M,2016-05-23,active,0.6,0,0,0,auto_approved,0.2256,2022
0e38822e-82f5-491c-9cb5-843c36dbfd96,U001851,2022-09-12 10:02:55,10:02:55,2125887.57,transfer,M00368,USD,success,desktop,D000569,121.35.126.153,credit_card,Kuala Lumpur,"18.213671,106.031407",46,F,2015-03-10,active,0.72,0,0,0,auto_approved,0.1558,2022
eb1b4880-cca8-47dd-b787-e7004d0910a8,U001207,2022-08-27 20:35:41,20:35:41,1128481.78,purchase,M00223,VND,success,desktop,D001433,51.24.96.60,debit_card,Bangkok,"18.130241,104.074543",59,F,2018-07-21,active,0.48,0,0,0,auto_approved,0.1363,2022
656e8ee0-72ac-43a5-bd26-e41d58944b34,U001903,2022-06-22 09:08:09,09:08:09,302093.08,bill_payment,M00275,VND,success,mobile,D000706,157.122.78.217,bank_transfer,Ho Chi Minh City,"15.611899,108.853041",51,M,2016-12-27,active,0.58,2,1,0,auto_approved,0.4609,2022
f80937c1-c876-4a6f-bc10-cf150d25123a,U000525,2022-09-09 07:28:19,07:28:19,729525.29,cash_withdrawal,M00258,USD,success,pos,D002013,142.133.171.24,debit_card,Ho Chi Minh City,"17.80576,107.971933",61,M,2021-05-15,active,0.48,0,0,0,auto_approved,0.3415,2022
610d8251-a572-4a4a-afe2-394841e0e559,U001146,2022-07-12 17:39:52,17:39:52,387099.91,bill_payment,M00005,USD,success,desktop,D000869,40.81.60.116,debit_card,Ho Chi Minh City,"19.361197,106.449313",28,F,2019-03-27,under_review,0.89,0,0,0,auto_approved,0.1175,2022
373c3d4d-3551-4c40-bff2-6e0d763b7089,U000564,2022-05-04 23:20:29,23:20:29,503192.06,bill_payment,M00331,VND,success,mobile,D002367,30.173.167.22,credit_card,Da Nang,"18.615353,107.502031",25,M,2017-12-17,active,0.66,0,0,0,auto_approved,0.303,2022
db9d4a8c-1eb8-4a47-a53f-615d4de43fb3,U000110,2022-03-25 11:30:50,11:30:50,34755.35,transfer,M00357,USD,failed,atm,D001153,33.222.239.28,bank_transfer,Singapore,"16.886254,107.82568",67,M,2020-10-24,active,0.88,0,0,0,auto_approved,0.3549,2022
1a504ef7-6a9b-4099-b4b7-861f777e98a6,U000430,2022-01-09 00:14:22,00:14:22,1969203.66,purchase,M00388,USD,success,atm,D002139,199.102.154.246,credit_card,Bangkok,"17.818049,103.407643",25,F,2016-11-07,active,0.53,1,0,0,auto_approved,0.3106,2022
eadea0a7-72d7-4781-a00d-6b70188dd849,U000637,2022-01-15 17:04:51,17:04:51,1344678.11,transfer,M00247,VND,success,mobile,D000144,211.172.227.251,bank_transfer,Ho Chi Minh City,"12.947181,106.815839",44,M,2015-10-12,active,0.58,0,0,0,auto_approved,0.065,2022
b9f38a54-2c21-4d4f-a06c-e693f603bc1d,U001527,2022-05-11 03:57:04,03:57:04,68220.04,cash_withdrawal,M00293,VND,success,pos,D002384,98.136.9.102,credit_card,Singapore,"10.9828,102.618794",43,F,2016-10-16,active,0.58,0,0,0,auto_approved,0.1155,2022
f9925295-80b0-4d06-a832-5731543ec601,U000649,2022-03-23 15:18:20,15:18:20,303002.5,purchase,M00066,VND,success,desktop,D001151,230.111.221.7,debit_card,Bangkok,"15.946051,107.814012",38,M,2021-06-14,active,0.52,0,0,0,auto_approved,0.3749,2022
79cf7e33-4b5a-4bf9-942b-16e11edcb179,U000672,2022-05-27 00:44:29,00:44:29,825253.58,purchase,M00151,VND,success,mobile,D002619,78.184.57.29,credit_card,Da Nang,"8.741756,107.93825",20,M,2014-05-03,active,0.5,1,0,0,auto_approved,0.2617,2022
ce4c74fb-1106-4dfe-abe8-606e82c9191e,U001913,2022-01-29 02:21:36,02:21:36,569301.73,online_payment,M00207,VND,success,pos,D002784,27.168.177.198,bank_transfer,Singapore,"13.90055,106.870533",26,M,2017-07-09,active,0.91,0,0,0,auto_approved,0.2648,2022
c9497d61-3968-43cd-9227-171d5148ec5c,U001825,2022-04-26 21:59:29,21:59:29,213609.04,online_payment,M00222,USD,success,pos,D000446,177.43.179.136,bank_transfer,Hanoi,"20.787028,107.530116",62,F,2017-05-01,active,0.54,0,1,0,auto_approved,0.3834,2022
6a4b682e-582e-467f-80fa-f2ead378147e,U000441,2022-06-03 21:00:51,21:00:51,2476600.3,cash_withdrawal,M00059,USD,success,desktop,D002187,10.151.192.109,credit_card,Kuala Lumpur,"17.080287,103.622951",31,M,2021-10-23,active,0.55,0,0,0,auto_approved,0.2525,2022
c1a666de-ff73-4c6a-aa67-f4169f7375f7,U000839,2022-05-27 14:23:21,14:23:21,1678867.72,transfer,M00293,VND,success,mobile,D002849,183.59.0.229,credit_card,Ho Chi Minh City,"9.499191,106.209234",43,F,2015-03-03,active,0.84,0,0,0,auto_approved,0.0651,2022
05d05400-aa42-43f9-909a-b8d6ebf138f8,U001595,2022-06-12 04:13:26,04:13:26,1087075.41,bill_payment,M00249,VND,success,atm,D002270,57.173.42.236,debit_card,Hanoi,"21.94603,103.112441",45,M,2015-03-14,active,0.72,0,0,0,auto_approved,0.2381,2022
d6819070-cf2c-4566-bb9f-5ab4cc61ad16,U000140,2022-05-07 15:03:45,15:03:45,19742.99,cash_withdrawal,M00275,USD,success,pos,D000357,79.77.79.219,credit_card,Hanoi,"16.147847,108.638664",53,M,2021-12-03,active,0.66,0,0,0,auto_approved,0.2826,2022
c3681ca2-0db6-4949-8a9a-6c2e81bce6c9,U000927,2022-09-16 15:25:13,15:25:13,400938.7,online_payment,M00167,USD,success,desktop,D002908,77.227.175.84,debit_card,Ho Chi Minh City,"10.489537,105.148741",25,M,2018-01-13,active,0.53,0,0,0,auto_approved,0.0517,2022
0aab6483-c400-40ea-8c0d-0fe7daf39bb0,U000393,2022-03-20 02:04:46,02:04:46,610443.84,purchase,M00053,USD,success,atm,D002337,245.202.239.203,credit_card,Singapore,"13.964703,103.8855",58,M,2019-04-02,active,0.69,0,0,0,auto_approved,0.3092,2022
cb5beae1-280c-4eb8-b0e5-3e929834cc5f,U001786,2022-11-26 07:48:38,07:48:38,95160.08,cash_withdrawal,M00178,VND,success,pos,D002805,169.222.150.162,debit_card,Kuala Lumpur,"16.099051,106.521462",28,F,2018-08-10,active,0.64,0,1,0,auto_approved,0.5313,2022
607bca86-a642-44da-a15d-6efa596e2818,U000993,2022-07-18 13:51:49,13:51:49,115821.09,transfer,M00317,USD,success,pos,D001651,237.22.121.225,mobile_wallet,Singapore,"9.793309,108.925819",49,M,2017-12-30,active,0.47,0,0,0,auto_approved,0.2862,2022
50fcf434-1731-49de-beba-27cfc14829f5,U001197,2022-01-29 01:25:21,01:25:21,319605.83,cash_withdrawal,M00177,VND,success,mobile,D001385,168.159.253.105,credit_card,Ho Chi Minh City,"16.518957,103.01418",36,M,2017-08-05,active,0.81,0,0,0,auto_approved,0.2581,2022
49b17d0d-fb42-4200-9fdf-61d75cabebda,U001675,2022-07-29 04:47:58,04:47:58,146175.88,cash_withdrawal,M00323,VND,success,desktop,D001842,126.217.193.42,mobile_wallet,Da Nang,"16.909298,103.652704",41,M,2019-02-06,active,0.67,0,0,0,auto_approved,0.4095,2022
8a5f0b3e-cde6-4edf-ab2e-3a5bd76e53d2,U000942,2022-06-25 03:04:39,03:04:39,21923.49,online_payment,M00015,VND,success,atm,D000944,64.53.193.59,mobile_wallet,Da Nang,"12.506574,107.153697",44,F,2021-02-14,active,0.88,0,0,0,auto_approved,0.0939,2022
e249c9a7-9c0e-49db-9585-cb1b791eb701,U000777,2022-02-26 02:09:29,02:09:29,1284146.52,cash_withdrawal,M00407,USD,success,desktop,D000460,69.144.61.73,bank_transfer,Kuala Lumpur,"19.750882,107.708145",67,M,2017-03-14,active,0.68,0,0,0,auto_approved,0.3226,2022
61d01bb6-b703-47fe-b803-6a0f11323608,U000936,2022-06-11 15:37:52,15:37:52,252788.73,cash_withdrawal,M00041,USD,success,desktop,D002976,54.255.99.236,mobile_wallet,Hanoi,"14.109143,104.881212",26,F,2015-01-24,active,0.79,0,0,0,auto_approved,0.0216,2022
8ee88abd-2102-4565-a9a1-f5b6b9c1b1ab,U001129,2022-10-03 02:48:15,02:48:15,301717.18,online_payment,M00439,USD,success,pos,D002135,233.200.10.1,mobile_wallet,Bangkok,"13.526902,102.268064",48,F,2016-05-21,active,0.7,0,0,0,auto_approved,0.156,2022
d1ca43b5-aff9-43fa-9043-febfaf8c3847,U001746,2022-02-26 10:12:07,10:12:07,43081.55,bill_payment,M00312,VND,success,desktop,D000837,219.143.136.103,credit_card,Kuala Lumpur,"10.884652,106.757125",60,M,2018-05-01,active,0.52,0,0,0,auto_approved,0.091,2022
142f2e3a-e599-4aa9-8741-9a99758c4889,U000259,2022-10-29 03:45:40,03:45:40,78440.12,purchase,M00038,USD,success,atm,D001402,71.151.130.125,bank_transfer,Bangkok,"11.129623,102.427218",33,M,2021-09-10,active,0.99,0,0,0,auto_approved,0.38,2022
183e18f6-c6a7-4d57-b25c-39d92feeb31c,U001464,2022-03-11 21:19:46,21:19:46,626082.11,cash_withdrawal,M00151,USD,failed,pos,D002731,75.206.86.44,debit_card,Kuala Lumpur,"17.772254,102.474917",24,M,2020-01-15,active,0.57,0,0,0,auto_approved,0.3594,2022
0baa2154-210e-4492-bb88-f3d6d91852e8,U000378,2022-09-20 07:22:18,07:22:18,482281.2,online_payment,M00449,VND,success,pos,D002614,44.70.3.199,debit_card,Da Nang,"11.140812,107.361006",42,F,2021-01-09,active,0.52,0,0,0,auto_approved,0.0706,2022
0b3e2e08-c7a9-4423-84e2-1698eb53f3f5,U001415,2022-08-14 10:23:07,10:23:07,996866.6,online_payment,M00142,VND,success,atm,D001488,167.221.168.250,mobile_wallet,Bangkok,"10.366983,107.580748",39,F,2015-08-02,active,0.91,0,0,0,auto_approved,0.0686,2022
823c3f09-40dc-4448-9768-47b88802f77e,U000529,2022-03-20 04:29:23,04:29:23,801458.15,cash_withdrawal,M00187,USD,success,desktop,D001637,219.203.12.9,mobile_wallet,Ho Chi Minh City,"10.620286,108.576999",31,F,2015-12-05,active,0.79,0,0,0,auto_approved,0.3277,2022
c224866b-e490-4329-96f9-5e45063621d2,U001019,2022-04-11 07:23:23,07:23:23,1395622.23,transfer,M00241,USD,failed,desktop,D001578,232.37.220.45,credit_card,Ho Chi Minh City,"12.573052,102.148875",23,F,2019-08-07,active,0.83,0,0,0,auto_approved,0.3206,2022
907d0887-c27b-4c07-acf0-3eaade9a108c,U000977,2022-04-14 07:29:06,07:29:06,2142786.47,bill_payment,M00079,USD,success,desktop,D002843,152.91.69.35,bank_transfer,Ho Chi Minh City,"16.060566,107.879482",32,M,2019-06-27,active,0.61,0,0,0,auto_approved,0.2786,2022
388db017-3222-4348-87ce-08aa8eda0089,U000977,2022-10-07 22:47:33,22:47:33,266618.31,bill_payment,M00262,VND,success,mobile,D000582,197.45.3.59,bank_transfer,Kuala Lumpur,"12.570528,104.63786",59,F,2020-09-05,active,0.94,2,1,1,pending_review,0.5035,2022
b59fd827-da01-43f7-ad38-2ab659db3b94,U001169,2022-11-04 07:39:57,07:39:57,153160.06,cash_withdrawal,M00231,VND,success,desktop,D000868,177.149.214.202,mobile_wallet,Bangkok,"16.986965,103.051342",54,M,2015-02-22,active,0.61,0,0,0,auto_approved,0.366,2022
0780b6ed-8863-4cca-8bf6-903ff7097234,U000322,2022-12-16 02:26:58,02:26:58,75084.28,transfer,M00263,USD,success,atm,D000972,173.60.16.53,bank_transfer,Bangkok,"10.746575,102.863893",18,M,2019-08-09,active,0.75,1,0,0,auto_approved,0.2044,2022
d524debc-88e5-4cce-8a43-0837e3f38512,U001849,2022-11-08 16:28:28,16:28:28,802024.71,cash_withdrawal,M00444,VND,success,desktop,D001643,11.217.222.32,mobile_wallet,Bangkok,"19.619068,108.974487",25,F,2022-10-07,active,0.88,0,0,0,auto_approved,0.1254,2022
db80fdaf-c850-4307-b895-c016eeddfbb8,U000866,2022-05-13 23:24:30,23:24:30,1183824.83,cash_withdrawal,M00465,USD,success,mobile,D002865,77.165.242.246,credit_card,Ho Chi Minh City,"18.636448,102.039895",53,M,2016-06-19,active,0.98,0,0,0,auto_approved,0.4142,2022
116675ec-072a-450e-8ace-7c54f2cfd27d,U000418,2022-08-22 05:38:20,05:38:20,301468.71,transfer,M00207,USD,success,desktop,D001928,225.155.114.6,bank_transfer,Kuala Lumpur,"10.372266,108.340425",34,M,2020-09-21,active,0.52,0,0,0,auto_approved,0.0497,2022
80f9f918-8790-4719-9465-c44288eef81e,U001074,2022-08-31 01:23:34,01:23:34,309024.4,transfer,M00437,VND,success,pos,D002528,73.49.191.60,mobile_wallet,Singapore,"21.074497,106.773971",31,F,2017-05-23,active,0.78,0,0,0,auto_approved,0.0647,2022
f2c6f8d2-2fb8-4559-8a04-9f3d887c55da,U001644,2022-01-02 03:25:15,03:25:15,1582.35,purchase,M00497,USD,success,pos,D002636,118.52.179.39,debit_card,Singapore,"14.990966,104.63792",56,F,2018-08-05,active,0.7,0,0,0,auto_approved,0.2218,2022
199cc2f5-1501-4032-bedc-efd4fcfb1352,U001617,2022-10-22 11:44:10,11:44:10,90124.72,cash_withdrawal,M00169,VND,success,atm,D001665,217.106.2.250,credit_card,Da Nang,"18.224191,107.539671",27,M,2016-10-31,active,0.98,0,0,0,auto_approved,0.1766,2022
dc573d42-1381-4cee-a3c7-d8ff5fde011b,U000565,2022-07-27 06:10:27,06:10:27,551182.37,transfer,M00284,USD,failed,mobile,D001100,241.89.83.91,credit_card,Ho Chi Minh City,"12.502232,108.737588",70,M,2017-06-06,under_review,0.57,0,0,0,auto_approved,0.0845,2022
6a26e0fa-adb4-4826-9428-94e7da5f11f5,U001725,2022-11-21 04:10:53,04:10:53,53911.77,online_payment,M00149,USD,success,atm,D002874,42.76.207.51,mobile_wallet,Ho Chi Minh City,"21.552103,108.615996",36,F,2015-06-07,active,0.75,0,0,0,auto_approved,0.0195,2022
da756b21-542d-4443-b401-a802fd4ba5a7,U001411,2022-06-04 10:46:06,10:46:06,993876.6,cash_withdrawal,M00159,VND,success,pos,D000158,118.206.84.136,mobile_wallet,Singapore,"15.843587,105.063268",64,M,2017-05-10,active,0.88,0,0,0,auto_approved,0.2931,2022
99bd940c-333f-436f-b8fd-55543adb33dd,U001273,2022-11-29 09:04:14,09:04:14,161989.07,online_payment,M00072,VND,success,atm,D000091,58.117.209.23,debit_card,Kuala Lumpur,"8.993882,104.775419",47,F,2015-03-26,active,0.55,0,0,0,auto_approved,0.4199,2022
9dafcd3a-06e5-4ebf-9651-21b6cd492912,U000025,2022-05-23 01:16:44,01:16:44,827062.26,transfer,M00418,VND,success,atm,D002315,59.202.229.203,bank_transfer,Ho Chi Minh City,"18.690369,108.259405",67,F,2014-08-17,active,0.91,0,0,0,auto_approved,0.2956,2022
2784ef02-6c77-47c2-a7b5-f1173a7eb155,U000866,2022-12-05 20:29:22,20:29:22,955284.05,transfer,M00421,USD,success,atm,D000076,250.34.168.230,credit_card,Da Nang,"10.265929,105.554345",39,M,2020-03-21,active,0.46,0,0,0,auto_approved,0.1329,2022
2f64a9df-7ec6-4212-b8f0-878bf080ae5b,U001859,2022-02-19 01:39:12,01:39:12,224717.34,cash_withdrawal,M00464,USD,success,mobile,D000462,53.186.120.254,credit_card,Ho Chi Minh City,"14.132555,103.685492",20,F,2016-10-05,active,0.73,1,0,0,auto_approved,0.3124,2022
c95b61de-949a-4359-b423-84fc18e9f11e,U001072,2022-05-24 18:04:42,18:04:42,431071.96,transfer,M00020,USD,success,mobile,D001674,140.83.58.250,credit_card,Hanoi,"16.844762,102.370525",33,F,2018-10-02,active,0.83,0,0,0,auto_approved,0.151,2022
db487f59-f82d-4fe0-ad46-135b103c6e0a,U001905,2022-06-07 18:09:06,18:09:06,483128.53,purchase,M00050,VND,success,pos,D000464,165.140.80.185,mobile_wallet,Hanoi,"20.317468,103.862518",30,F,2020-12-02,active,0.57,0,0,0,auto_approved,0.1679,2022
87e4fbbb-d811-4a84-8678-9e23793b5602,U001895,2022-08-21 21:21:38,21:21:38,543819.84,online_payment,M00416,VND,success,desktop,D002722,100.68.11.96,credit_card,Bangkok,"10.716976,107.557991",28,F,2014-06-23,active,0.52,0,0,0,auto_approved,0.2273,2022
d05247e8-0e87-4209-ac99-1d9ecbbdb1c3,U001548,2022-04-09 06:30:36,06:30:36,521683.86,bill_payment,M00489,VND,success,desktop,D002685,152.168.49.209,mobile_wallet,Hanoi,"19.191765,103.212559",54,F,2014-03-01,active,0.5,0,0,0,auto_approved,0.261,2022
02fda833-63b2-4e99-b95d-6ad566b63c81,U001003,2022-02-28 23:34:06,23:34:06,502896.92,online_payment,M00070,VND,success,mobile,D001599,47.191.147.141,debit_card,Bangkok,"12.750007,107.778499",48,M,2016-02-24,active,0.73,0,0,0,auto_approved,0.3457,2022
0e89fd3e-a77e-43bb-82cf-d00248413946,U001322,2022-08-19 06:15:08,06:15:08,429509.97,transfer,M00282,VND,success,desktop,D001344,47.226.181.244,credit_card,Bangkok,"9.761356,106.739929",54,M,2019-08-02,active,0.49,0,0,0,auto_approved,0.2656,2022
48c54802-27f7-4c10-8368-5cf44df3bc5c,U001358,2022-12-15 17:21:01,17:21:01,128100.61,cash_withdrawal,M00125,VND,success,atm,D002076,254.137.216.118,bank_transfer,Singapore,"10.403899,103.015822",51,F,2015-05-02,active,0.64,0,0,0,auto_approved,0.3452,2022
b759d183-25b6-4481-8b1e-96a94371691d,U000279,2022-02-27 17:42:52,17:42:52,999101.99,cash_withdrawal,M00155,VND,success,desktop,D001055,47.238.26.229,debit_card,Singapore,"10.693915,102.03549",32,F,2014-08-16,active,0.73,0,0,0,auto_approved,0.3797,2022
3d290c72-d949-406a-a810-7fc021e0366f,U000110,2022-03-11 21:29:30,21:29:30,1563750.71,bill_payment,M00434,VND,success,atm,D000875,137.133.39.228,mobile_wallet,Hanoi,"17.762502,103.296584",64,F,2019-12-18,active,0.85,0,0,0,auto_approved,0.255,2022
ef7db371-5ac0-4569-b260-4036ad71de90,U001725,2022-03-10 19:38:48,19:38:48,137798.49,bill_payment,M00402,VND,success,pos,D000601,136.21.204.17,bank_transfer,Singapore,"18.899233,108.213616",18,M,2014-06-20,active,0.47,1,0,0,auto_approved,0.5083,2022
3dba4fe5-2303-496e-8ac6-2c74ef2cfb79,U000984,2022-01-25 16:54:09,16:54:09,354679.49,transfer,M00283,VND,success,desktop,D000269,240.133.39.80,credit_card,Hanoi,"9.659792,108.22114",48,M,2015-05-05,active,0.57,0,0,0,auto_approved,0.1847,2022
67b2466a-c268-4f2e-aa07-02f691f979e6,U000215,2022-09-10 08:45:37,08:45:37,1353070.02,bill_payment,M00043,VND,success,pos,D001409,6.145.4.41,debit_card,Kuala Lumpur,"9.861197,103.828951",51,M,2020-11-24,active,0.49,0,0,0,auto_approved,0.3206,2022
a26f75d4-8255-4c96-b8ae-915eedac3d01,U001800,2022-04-23 04:02:37,04:02:37,323541.13,purchase,M00175,USD,success,atm,D000203,15.237.163.44,bank_transfer,Kuala Lumpur,"14.683433,103.561229",26,F,2014-03-08,active,0.69,0,0,0,auto_approved,0.1291,2022
8ee655e7-ecd5-4abb-9f55-4d7f912ae196,U001295,2022-08-19 10:49:14,10:49:14,390187.43,purchase,M00012,VND,success,atm,D002047,200.95.155.212,bank_transfer,Hanoi,"18.791928,102.851512",49,F,2016-06-13,under_review,0.6,0,0,0,auto_approved,0.1564,2022
90323e2e-2d3f-45d2-8225-329154968469,U001223,2022-03-09 11:04:34,11:04:34,685742.85,bill_payment,M00087,USD,success,atm,D002645,250.86.153.203,credit_card,Bangkok,"17.157183,102.75129",28,M,2016-05-06,active,0.79,0,0,0,auto_approved,0.4066,2022
4a55eac6-ecf9-4c8f-b8eb-1c08cf40e7c7,U001791,2022-02-21 04:26:28,04:26:28,607313.33,transfer,M00478,USD,success,atm,D002061,60.47.19.156,credit_card,Singapore,"21.909376,105.622214",51,M,2017-03-07,active,0.46,0,0,0,auto_approved,0.3443,2022
634b976b-97e5-4da3-97f2-dae3bc205bdf,U001199,2022-08-18 12:31:14,12:31:14,166955.94,transfer,M00074,VND,success,mobile,D002156,10.216.43.74,mobile_wallet,Ho Chi Minh City,"15.673185,107.13243",43,F,2018-06-14,active,0.71,0,0,0,auto_approved,0.3148,2022
f10ad452-2ac6-4326-99d9-fbac659f0a04,U000482,2022-03-03 01:53:22,01:53:22,109362.67,purchase,M00123,VND,failed,pos,D001795,217.183.50.206,mobile_wallet,Da Nang,"13.421194,107.223603",44,M,2013-12-17,active,0.99,0,0,0,auto_approved,0.3546,2022
4b95fe82-8c90-4d9b-94f5-769bfcfe17bc,U000379,2022-08-01 10:42:14,10:42:14,734743.93,bill_payment,M00265,VND,success,atm,D000990,243.210.113.16,credit_card,Bangkok,"10.904,106.961128",64,F,2014-10-13,active,0.68,0,0,0,auto_approved,0.2938,2022
89bd45a3-bd55-4589-9e9b-bb3accd1e64c,U001965,2022-10-04 21:32:18,21:32:18,1016100.83,cash_withdrawal,M00126,USD,success,pos,D000799,142.90.234.149,credit_card,Hanoi,"19.630256,107.055467",26,F,2018-08-25,active,0.64,0,0,0,auto_approved,0.2438,2022
fce04428-e88a-4a0d-8688-be528b99e723,U000200,2022-09-10 06:10:43,06:10:43,980569.65,cash_withdrawal,M00074,USD,success,atm,D001822,76.121.230.92,credit_card,Kuala Lumpur,"9.469544,107.115266",67,M,2016-09-20,active,0.63,0,0,0,auto_approved,0.3224,2022
c8ce65e0-e657-4a3e-b83c-1ee096f2cd52,U000016,2022-07-02 19:39:53,19:39:53,915231.03,transfer,M00444,USD,success,mobile,D000118,254.116.140.254,bank_transfer,Bangkok,"8.789254,103.646562",40,F,2021-09-30,under_review,0.79,0,0,0,auto_approved,0.3523,2022
d2942bff-2a8e-4d5d-88fc-dcc8e4e8762b,U000647,2022-11-10 03:17:12,03:17:12,903424.61,online_payment,M00310,USD,success,mobile,D001605,90.81.129.135,bank_transfer,Kuala Lumpur,"17.184715,107.783992",68,F,2019-04-17,active,0.92,0,0,0,auto_approved,0.4285,2022
c4ff8c06-bdbc-4061-bfc0-d096b4b1e746,U000919,2022-10-04 11:23:39,11:23:39,1638178.55,bill_payment,M00019,USD,success,atm,D001002,209.45.195.54,bank_transfer,Ho Chi Minh City,"17.772886,102.152367",53,M,2018-02-14,active,0.54,0,0,0,auto_approved,0.2987,2022
d86665ac-e019-4f10-b055-9ef0c173b170,U000174,2022-07-16 15:23:46,15:23:46,170237.45,bill_payment,M00211,USD,success,pos,D002383,209.203.154.108,bank_transfer,Singapore,"20.95904,102.770543",21,M,2020-08-19,active,0.46,0,0,0,auto_approved,0.3886,2022
8bbd0fbe-98b3-42f9-ad05-573efa902b71,U001887,2022-09-22 13:59:56,13:59:56,1403310.32,transfer,M00362,VND,success,atm,D000846,174.137.70.211,bank_transfer,Hanoi,"15.954833,108.847213",47,F,2021-03-12,active,0.45,0,1,0,auto_approved,0.3045,2022
8634f613-ebbc-49e5-bb32-571f3a62ce04,U001615,2022-12-08 01:28:49,01:28:49,41036.56,online_payment,M00243,VND,success,atm,D001394,147.100.14.5,credit_card,Singapore,"12.484209,104.802965",52,F,2018-03-18,active,0.68,0,0,0,auto_approved,0.0113,2022
161da75a-daad-4ff4-a8c0-c8b055438afd,U000160,2022-11-18 13:04:38,13:04:38,505275.08,online_payment,M00475,VND,success,mobile,D001957,23.137.147.147,mobile_wallet,Kuala Lumpur,"12.292418,108.209734",58,F,2016-07-06,active,0.54,0,0,0,auto_approved,0.3231,2022
343f4432-e0ea-490b-9525-042afedb4b9a,U000096,2022-09-17 03:27:54,03:27:54,213989.75,purchase,M00435,VND,success,pos,D000084,119.142.88.36,bank_transfer,Hanoi,"15.69309,103.085943",31,M,2018-01-02,active,0.89,0,0,0,auto_approved,0.3965,2022
d6d00449-8ce8-4f58-9edb-e87c91dbd918,U001573,2022-09-16 21:17:42,21:17:42,285472.41,purchase,M00335,VND,success,pos,D002054,9.14.15.22,credit_card,Singapore,"20.84799,105.544478",21,M,2019-04-14,active,0.61,0,0,0,auto_approved,0.4382,2022
ec10091e-0ade-4844-9d45-11e2aff0b534,U000184,2022-12-18 21:33:19,21:33:19,95992.56,bill_payment,M00349,USD,success,mobile,D002582,49.18.103.164,debit_card,Kuala Lumpur,"19.236238,106.146418",38,F,2015-03-31,active,0.66,0,0,0,auto_approved,0.3222,2022
bc0bbe08-fcb2-45eb-b106-b5d20cc8d939,U001041,2022-05-11 19:52:58,19:52:58,145515.53,purchase,M00180,USD,success,atm,D001585,179.90.176.198,credit_card,Ho Chi Minh City,"10.669983,104.419737",57,M,2017-11-23,active,0.84,0,0,0,auto_approved,0.0279,2022
eca72639-cf39-42fc-888f-84f765fdf6fe,U000714,2022-12-04 13:19:17,13:19:17,509197.48,cash_withdrawal,M00427,VND,success,mobile,D001444,182.74.214.31,debit_card,Ho Chi Minh City,"9.0771,106.526265",19,M,2021-11-19,under_review,0.93,0,0,0,auto_approved,0.3251,2022
da81c832-db48-441c-89fe-ae5427c843a5,U000502,2022-12-28 16:21:43,16:21:43,209308.01,online_payment,M00213,USD,success,mobile,D000963,115.94.205.123,credit_card,Hanoi,"15.697183,107.745043",33,M,2019-09-10,active,0.57,0,0,0,auto_approved,0.2846,2022
aca372e8-1b6e-4d3e-9a47-eb60bb1d74c5,U000848,2022-05-07 22:30:26,22:30:26,387510.85,bill_payment,M00079,VND,success,pos,D001160,6.191.117.4,credit_card,Bangkok,"14.75925,107.041014",35,M,2016-06-11,active,0.56,0,0,0,auto_approved,0.375,2022
07614de1-d9eb-465c-869b-7ff28e177770,U000376,2022-05-02 18:24:02,18:24:02,1508397.67,purchase,M00411,USD,success,pos,D002799,194.253.24.209,bank_transfer,Da Nang,"9.01526,106.018953",48,F,2015-10-28,active,0.96,0,0,0,auto_approved,0.2791,2022
d5ad6631-7835-4ea1-a4ee-3426f8b81537,U000044,2022-12-01 21:47:28,21:47:28,1003685.91,bill_payment,M00490,USD,success,desktop,D001077,82.92.153.222,debit_card,Singapore,"13.806641,102.34448",29,F,2015-02-03,active,0.87,3,1,1,pending_review,0.4964,2022
5e79757c-4f10-4f9a-825b-8bf9fff3618b,U000902,2022-02-02 13:43:48,13:43:48,1848613.78,cash_withdrawal,M00223,USD,success,atm,D002285,152.252.89.161,bank_transfer,Hanoi,"9.965198,105.560143",66,M,2019-08-13,active,0.94,0,0,0,auto_approved,0.2124,2022
3e5bd316-152b-4efe-b623-60597ac69019,U001071,2022-04-12 11:43:58,11:43:58,958111.82,transfer,M00159,USD,success,atm,D002437,94.5.82.249,credit_card,Hanoi,"16.544751,103.528812",46,M,2016-05-06,active,0.79,0,1,1,pending_review,0.5122,2022
7cd31312-c5ec-4313-9880-eb9b9be79db4,U001818,2022-10-27 02:57:22,02:57:22,2266917.26,cash_withdrawal,M00165,USD,success,mobile,D002194,231.239.178.74,debit_card,Singapore,"20.950958,102.295132",40,F,2015-03-21,active,0.89,2,1,1,pending_review,0.4032,2022
88e16b75-fbce-4a47-b8b4-48d624c725e3,U001104,2022-05-04 08:57:52,08:57:52,1285343.12,bill_payment,M00473,VND,success,desktop,D000634,92.25.112.73,debit_card,Da Nang,"19.999374,102.782664",68,M,2017-10-02,active,0.76,0,0,0,auto_approved,0.2111,2022
fe062d10-8c4d-4010-8a5b-5613318ec64f,U000640,2022-05-29 16:31:31,16:31:31,308389.71,cash_withdrawal,M00312,VND,success,desktop,D002749,153.138.174.146,bank_transfer,Kuala Lumpur,"20.798682,108.56975",32,M,2018-02-17,active,0.8,0,0,0,auto_approved,0.1934,2022
43573ecc-50d2-465d-ab41-09144a4a36eb,U000591,2022-08-08 21:33:21,21:33:21,410035.01,bill_payment,M00378,VND,success,atm,D002242,127.240.99.109,debit_card,Ho Chi Minh City,"16.689419,108.455826",38,M,2016-12-13,active,0.72,1,0,0,auto_approved,0.2055,2022
da0acefe-affe-4ae6-8d23-66ba00f32b71,U001005,2022-04-28 17:10:54,17:10:54,457115.75,cash_withdrawal,M00046,VND,success,desktop,D000426,97.9.224.134,bank_transfer,Bangkok,"9.460512,103.180876",53,M,2021-05-02,active,0.72,0,0,0,auto_approved,0.3927,2022
5f252bb3-10af-42d9-ab10-b75cb95288e6,U001318,2022-09-23 14:07:57,14:07:57,2511697.13,bill_payment,M00050,USD,success,atm,D000071,66.56.124.186,credit_card,Da Nang,"10.573965,102.858267",37,F,2019-06-28,active,0.76,1,0,0,auto_approved,0.4486,2022
9481785c-82ef-4034-837c-319bc8445681,U000715,2022-10-15 08:14:13,08:14:13,132237.62,bill_payment,M00421,VND,success,atm,D000192,150.172.107.68,mobile_wallet,Da Nang,"14.714952,108.230101",25,F,2019-12-21,active,0.97,0,0,0,auto_approved,0.1935,2022
1d15194f-81d8-4878-a8b6-9526fac68056,U001740,2022-06-16 18:21:46,18:21:46,211313.1,purchase,M00155,USD,success,mobile,D002304,64.146.191.43,debit_card,Bangkok,"8.386338,108.50909",36,F,2020-01-17,active,0.8,0,0,0,auto_approved,0.3322,2022
0021c80b-bfb6-4854-8a4b-55eb0a11db07,U001239,2022-09-13 18:56:36,18:56:36,647965.0,online_payment,M00441,VND,success,atm,D001600,59.69.183.163,mobile_wallet,Kuala Lumpur,"20.966913,106.013056",29,M,2016-12-03,active,0.76,0,0,0,auto_approved,0.2781,2022
0278a92e-1897-46d2-a2ee-7248530b6b82,U001416,2022-02-24 12:09:25,12:09:25,854810.67,purchase,M00377,VND,success,desktop,D000820,51.164.200.70,mobile_wallet,Da Nang,"9.243059,105.118127",31,F,2014-09-23,active,0.88,0,0,0,auto_approved,0.3081,2022
44833cad-52b1-46fd-a209-7dc745c79bfa,U000382,2022-05-13 04:12:25,04:12:25,1314446.35,purchase,M00193,VND,success,pos,D000433,120.255.111.76,debit_card,Da Nang,"19.505522,108.056945",70,F,2018-01-02,active,0.94,0,0,0,auto_approved,0.3015,2022
b345ba7a-bd19-4f30-8eed-4fd711076347,U001238,2022-04-12 00:30:35,00:30:35,233521.88,purchase,M00302,USD,success,desktop,D000233,196.242.139.31,credit_card,Da Nang,"8.163089,108.386254",60,F,2015-03-28,active,0.77,0,0,0,auto_approved,0.3702,2022
6ac22991-1e17-4d04-b69a-59e309f5c71a,U001236,2022-12-08 20:59:23,20:59:23,26450.63,transfer,M00302,VND,success,atm,D001747,103.183.30.172,debit_card,Da Nang,"17.584602,108.57412",23,F,2016-07-24,active,0.96,0,0,0,auto_approved,0.4269,2022
bb56bc9c-8d92-41d2-af0a-941c3850336a,U001470,2022-08-04 22:22:40,22:22:40,475807.1,purchase,M00276,USD,success,atm,D002928,204.83.38.195,credit_card,Ho Chi Minh City,"18.481948,107.860356",44,M,2016-10-27,active,0.48,0,0,0,auto_approved,0.4108,2022
af4bc090-2206-4c4b-a299-9ffed94f6311,U000861,2022-02-16 08:58:56,08:58:56,518345.99,purchase,M00408,USD,success,mobile,D002415,255.127.157.216,credit_card,Kuala Lumpur,"18.450525,105.495591",30,F,2019-11-23,active,0.8,0,0,0,auto_approved,0.0895,2022
74c48858-23c2-4bc9-a7e1-0b0c94c8a3e1,U000313,2022-03-27 13:45:48,13:45:48,507623.48,transfer,M00124,VND,success,pos,D001251,77.206.121.206,debit_card,Singapore,"10.995905,105.751191",68,M,2017-05-06,active,0.58,2,1,0,auto_approved,0.3181,2022
08cedcd8-e85f-45f2-af32-c1b24c84b58e,U000548,2022-03-06 16:18:13,16:18:13,320426.87,online_payment,M00034,USD,success,atm,D001168,65.10.114.80,credit_card,Kuala Lumpur,"10.78709,103.992778",56,M,2020-07-22,active,0.6,0,0,0,auto_approved,0.2085,2022
6f978795-0910-4a01-ba8c-ada4fe2eec68,U001281,2022-09-05 11:07:11,11:07:11,374849.72,transfer,M00091,USD,success,pos,D002879,78.86.26.38,debit_card,Hanoi,"16.636691,105.604879",44,F,2017-10-22,active,0.83,0,0,0,auto_approved,0.3747,2022
870067d3-8496-45b4-9e21-5c9ef9072ce6,U000895,2022-02-08 23:45:03,23:45:03,115304.69,online_payment,M00373,VND,success,pos,D002613,117.150.169.47,mobile_wallet,Kuala Lumpur,"21.089263,104.294184",19,M,2015-11-20,active,0.53,0,0,0,auto_approved,0.36,2022
a4715f49-3e77-4eaa-b6b1-271d4509001d,U001108,2022-04-01 05:10:28,05:10:28,1126126.76,purchase,M00429,USD,success,desktop,D000764,168.253.39.101,bank_transfer,Bangkok,"12.222169,106.840021",20,M,2016-07-01,active,0.55,0,0,0,auto_approved,0.3985,2022
97dccd03-6a5a-4b90-bc28-908b5ea5021a,U001447,2022-10-13 05:27:10,05:27:10,259959.65,transfer,M00257,USD,success,pos,D001974,248.227.168.230,credit_card,Hanoi,"14.319547,107.716474",47,M,2014-08-27,active,0.63,0,0,0,auto_approved,0.2092,2022
35e034de-bac7-4b20-bb3b-eddf73a51d08,U001700,2022-01-14 02:12:14,02:12:14,551052.94,purchase,M00459,USD,success,pos,D000248,113.196.223.120,bank_transfer,Singapore,"12.553857,103.609268",51,M,2014-05-06,active,0.83,0,0,0,auto_approved,0.1278,2022
92f1685d-3167-4658-9edc-4dc3adcfa936,U000682,2022-03-02 06:02:45,06:02:45,827948.3,purchase,M00210,VND,failed,desktop,D002413,162.219.3.116,bank_transfer,Da Nang,"20.936978,105.131608",63,F,2019-06-12,active,0.75,1,0,0,auto_approved,0.4597,2022
774b92e6-7718-452c-8129-5b15dfc93d75,U001187,2022-01-20 12:23:04,12:23:04,2797850.15,purchase,M00453,USD,success,desktop,D002310,144.221.231.153,bank_transfer,Kuala Lumpur,"8.501672,103.079653",30,F,2014-12-08,active,0.72,0,0,0,auto_approved,0.3886,2022
2c27bf0f-7923-4f3b-a152-ac3f14716279,U000973,2022-01-21 00:22:47,00:22:47,3963360.35,bill_payment,M00270,VND,success,mobile,D001539,158.83.83.92,mobile_wallet,Ho Chi Minh City,"21.30341,108.064844",26,F,2020-02-15,active,0.94,0,1,1,pending_review,0.1769,2022
9b5fa745-0916-48c1-9bdb-710a408a78cd,U000505,2022-12-20 05:03:16,05:03:16,32576.42,bill_payment,M00135,USD,success,desktop,D002031,212.210.15.31,mobile_wallet,Ho Chi Minh City,"9.881098,106.947635",43,F,2017-03-28,active,0.84,0,0,0,auto_approved,0.2262,2022
344caa74-e4d6-4ea4-922d-f21520339555,U001757,2022-05-01 19:27:31,19:27:31,1019013.59,transfer,M00499,VND,success,pos,D001145,27.190.155.162,mobile_wallet,Da Nang,"21.648881,107.604985",23,F,2019-02-28,active,0.77,0,0,0,auto_approved,0.1014,2022
19568d77-c044-4a0d-9026-44821e560371,U000650,2022-07-27 19:45:08,19:45:08,5099.11,bill_payment,M00338,VND,success,desktop,D000429,188.51.239.54,debit_card,Da Nang,"15.360365,106.354833",59,M,2020-01-14,active,0.99,0,0,0,auto_approved,0.0486,2022
466908d4-1906-4bad-b9b4-d52a30d94f84,U001735,2022-06-03 20:37:03,20:37:03,1053250.56,bill_payment,M00246,USD,success,desktop,D002183,145.23.116.255,bank_transfer,Kuala Lumpur,"20.157215,104.699857",29,F,2016-07-29,under_review,0.46,0,0,0,auto_approved,0.3266,2022
a511fede-785b-4771-9691-5f0bc84eb8fd,U000346,2022-11-18 01:28:19,01:28:19,1424526.53,bill_payment,M00351,VND,success,atm,D002237,88.249.97.169,debit_card,Kuala Lumpur,"17.86735,104.623856",44,F,2017-09-26,active,0.88,0,0,0,auto_approved,0.0557,2022
40ccce39-7bd9-4064-8805-79c8680e6583,U000583,2022-04-13 03:18:17,03:18:17,999395.84,online_payment,M00357,USD,success,mobile,D002725,30.158.153.137,bank_transfer,Da Nang,"16.289197,107.983885",57,M,2021-04-14,active,0.82,0,0,0,auto_approved,0.4275,2022
a7e8541c-2003-4586-9621-4cf58a68d5f4,U000927,2022-10-15 11:14:49,11:14:49,5612.58,online_payment,M00268,VND,success,desktop,D002534,216.65.127.145,bank_transfer,Ho Chi Minh City,"20.168348,102.972027",65,F,2016-12-08,active,0.99,0,0,0,auto_approved,0.3963,2022
87724aa4-4051-4208-b943-7d143ee22925,U001449,2022-06-03 01:19:57,01:19:57,2077867.75,purchase,M00069,USD,success,mobile,D002257,94.102.153.149,bank_transfer,Singapore,"19.499132,108.09367",27,F,2019-12-27,active,0.82,0,0,0,auto_approved,0.3799,2022
0c7696ff-c444-4e44-9f79-d990e75567b5,U000129,2022-10-18 00:20:41,00:20:41,1030457.68,bill_payment,M00476,USD,success,atm,D000778,172.17.54.162,mobile_wallet,Singapore,"20.257106,104.800852",56,M,2020-07-18,active,0.83,0,0,0,auto_approved,0.1894,2022
377bbbfc-50e5-4208-afb9-099c95d03de8,U000367,2022-01-23 15:34:25,15:34:25,73779.8,bill_payment,M00069,USD,success,mobile,D001201,94.172.253.191,mobile_wallet,Hanoi,"14.108532,108.376373",55,F,2020-09-15,active,0.93,0,0,0,auto_approved,0.3009,2022
1e6d5be8-4934-4d2d-9cdf-458c370a879f,U001679,2022-08-15 07:21:21,07:21:21,644454.34,transfer,M00302,USD,success,desktop,D001317,16.33.179.122,mobile_wallet,Singapore,"20.419899,106.730067",26,M,2017-05-29,active,0.52,0,0,0,auto_approved,0.4121,2022
b14a29c2-b92c-4e15-8c54-e342452f0f4c,U000251,2022-11-23 07:25:41,07:25:41,303019.26,online_payment,M00243,USD,success,desktop,D001174,146.213.182.201,mobile_wallet,Singapore,"19.993693,108.532552",23,F,2021-08-29,active,0.81,0,0,0,auto_approved,0.2531,2022
4a77d97f-5090-49fb-8cf6-f412242c8967,U000309,2022-08-11 16:04:28,16:04:28,100338.55,transfer,M00395,USD,success,mobile,D001959,236.248.84.26,debit_card,Ho Chi Minh City,"9.650379,102.794488",30,M,2020-01-06,active,0.46,0,0,0,auto_approved,0.2519,2022
ca88b98d-4d43-4290-bb64-7a51ea3854e5,U000185,2022-10-24 19:14:26,19:14:26,230354.84,cash_withdrawal,M00187,VND,success,atm,D002109,22.73.14.87,debit_card,Hanoi,"9.610291,104.584198",61,F,2015-09-18,active,0.98,0,0,0,auto_approved,0.1279,2022
8f34807f-eed7-40ea-8ee0-e540d517387a,U001761,2022-03-10 12:03:10,12:03:10,1960281.89,online_payment,M00299,USD,success,mobile,D001859,68.101.199.247,bank_transfer,Ho Chi Minh City,"8.550139,106.536143",50,M,2019-10-10,under_review,0.72,0,0,0,auto_approved,0.3314,2022
27adc884-ef71-4d31-9f91-4289433a7625,U001454,2022-11-24 05:50:00,05:50:00,2985263.11,cash_withdrawal,M00173,VND,success,atm,D001885,221.60.147.116,mobile_wallet,Kuala Lumpur,"15.30542,107.526651",49,F,2022-02-10,active,0.47,0,0,0,auto_approved,0.2184,2022
45824020-815a-47c5-a8db-aa59a7138962,U000938,2022-07-15 00:35:37,00:35:37,101079.47,purchase,M00459,VND,success,pos,D000186,64.6.21.73,debit_card,Ho Chi Minh City,"8.145433,103.210865",69,F,2019-03-16,active,0.54,0,0,0,auto_approved,0.2388,2022
3cbe655a-1e32-458a-a198-eddd85bf2990,U000724,2022-05-17 08:00:17,08:00:17,446001.06,transfer,M00500,USD,success,mobile,D002134,38.71.39.176,debit_card,Bangkok,"15.46961,106.415573",51,F,2020-02-14,active,0.77,0,0,0,auto_approved,0.1492,2022
faada4be-6b61-4249-a743-7586fd1888d8,U001486,2022-09-06 19:35:51,19:35:51,803347.1,cash_withdrawal,M00437,USD,success,desktop,D002061,138.16.171.71,bank_transfer,Hanoi,"10.63436,105.413947",64,F,2019-04-21,active,0.92,0,0,0,auto_approved,0.0423,2022
6d7422f2-97e0-4d35-936a-180312a39d10,U000119,2022-07-04 02:09:57,02:09:57,78114.23,transfer,M00063,USD,success,desktop,D001725,196.66.155.173,mobile_wallet,Singapore,"9.876081,107.044883",21,F,2018-08-19,active,0.93,0,0,0,auto_approved,0.0136,2022
d5cf7d39-8768-432b-9dba-8a08212aa55f,U000747,2022-02-14 13:36:29,13:36:29,93050.17,online_payment,M00165,USD,success,desktop,D000919,191.187.226.255,mobile_wallet,Hanoi,"16.249825,102.598345",42,F,2017-10-11,active,0.98,0,0,0,auto_approved,0.2906,2022
a91f70c5-a30c-4f98-86d3-76e750c19c8d,U001337,2022-06-18 09:44:01,09:44:01,1147007.78,online_payment,M00005,USD,success,mobile,D002605,116.113.18.196,debit_card,Da Nang,"18.060981,103.518804",66,M,2019-12-22,active,0.61,0,0,0,auto_approved,0.1713,2022
33059336-cf15-4cfe-a48e-c8f25b76fa7d,U001915,2022-10-13 05:13:02,05:13:02,650241.25,purchase,M00395,USD,success,desktop,D001997,105.103.103.200,bank_transfer,Ho Chi Minh City,"21.978138,107.797895",26,F,2021-10-12,active,0.92,0,1,0,auto_approved,0.2001,2022
4b035aa7-ddd5-4516-8b5d-b9c7dfb4175d,U000039,2022-03-01 15:23:54,15:23:54,1231530.05,transfer,M00459,VND,success,pos,D000819,229.155.4.155,debit_card,Ho Chi Minh City,"17.452486,108.173956",63,M,2015-12-30,active,0.99,0,0,0,auto_approved,0.3692,2022
20917802-a7bf-4031-8c9c-5ea54c39ab6c,U001764,2022-05-21 03:12:33,03:12:33,990095.13,bill_payment,M00384,VND,success,atm,D001029,218.235.225.188,bank_transfer,Bangkok,"12.069327,103.999645",36,F,2018-08-06,active,0.85,0,0,0,auto_approved,0.321,2022
e1de19be-0773-4148-9e7f-7a819fe2e8dd,U000046,2022-09-15 21:56:01,21:56:01,1155617.99,bill_payment,M00102,USD,success,desktop,D001957,109.41.238.126,credit_card,Ho Chi Minh City,"12.421789,108.779268",37,F,2020-06-10,active,0.77,0,0,0,auto_approved,0.3582,2022
aaed96c7-8995-45ab-a7c3-77750cd1ba25,U000560,2022-12-07 18:15:56,18:15:56,2337826.8,cash_withdrawal,M00493,VND,success,mobile,D001265,163.131.155.77,mobile_wallet,Singapore,"19.726683,102.672244",42,F,2016-09-07,active,0.67,0,0,0,auto_approved,0.4284,2022
4396a6e3-3d97-4ba1-83db-2834ffbf34e6,U001529,2022-09-27 00:04:35,00:04:35,1422016.06,cash_withdrawal,M00452,USD,success,mobile,D002673,170.57.74.117,mobile_wallet,Ho Chi Minh City,"19.61952,104.588866",69,M,2020-09-10,active,0.55,0,0,0,auto_approved,0.2713,2022
44812353-7e7e-46fd-90d7-c2b68c8f08ea,U001155,2022-06-14 08:39:16,08:39:16,155399.17,online_payment,M00111,USD,success,atm,D000795,59.129.233.239,mobile_wallet,Ho Chi Minh City,"20.483725,106.808177",50,F,2019-07-15,active,0.73,0,0,0,auto_approved,0.305,2022
8fc6c977-b4f0-4f7d-bda8-18b497d0fb88,U001385,2022-12-10 14:50:32,14:50:32,503285.92,transfer,M00392,VND,success,desktop,D002449,136.152.87.111,mobile_wallet,Singapore,"16.650504,107.360533",62,M,2019-08-20,active,0.46,0,0,0,auto_approved,0.0873,2022
40034abd-4ee8-4d61-8f6b-e6d20bea00e1,U001353,2022-06-09 00:51:06,00:51:06,1643675.77,cash_withdrawal,M00136,USD,success,desktop,D002916,118.26.79.93,bank_transfer,Da Nang,"19.382717,108.052138",49,F,2020-11-01,active,0.95,1,1,1,pending_review,0.7659,2022
05c59a36-994c-4c57-ba62-2286b4fe1e82,U000109,2022-10-30 17:32:18,17:32:18,1134832.09,transfer,M00349,VND,success,desktop,D001505,45.65.17.51,debit_card,Kuala Lumpur,"13.725086,106.23506",53,M,2015-07-25,active,0.98,0,0,0,auto_approved,0.3062,2022
736b775f-dc8a-4c21-b2b5-30cc0f2f38de,U001342,2022-02-21 18:53:30,18:53:30,1394969.41,cash_withdrawal,M00487,VND,success,desktop,D000138,180.68.6.111,debit_card,Singapore,"9.180014,108.222324",25,F,2017-01-11,active,0.66,1,0,0,auto_approved,0.4457,2022
64807cb5-90e0-4e99-90cf-37ee6bd4f168,U000982,2022-07-04 15:24:18,15:24:18,481331.28,purchase,M00062,VND,success,pos,D001006,176.126.168.177,bank_transfer,Kuala Lumpur,"11.299318,107.922499",53,F,2019-04-22,active,0.51,0,0,0,auto_approved,0.0477,2022
0dca6f00-ad8e-47da-b61b-5f31f018a92c,U001416,2022-05-13 17:30:51,17:30:51,150380.57,online_payment,M00315,VND,success,desktop,D002279,169.219.164.118,debit_card,Singapore,"10.304108,103.923057",23,M,2015-03-14,active,0.72,0,0,0,auto_approved,0.0533,2022
cf08c4c4-d81a-45d6-bff1-29e75512c3e1,U001081,2022-05-01 17:39:00,17:39:00,160866.23,cash_withdrawal,M00293,VND,success,desktop,D001397,93.171.84.156,bank_transfer,Bangkok,"21.201464,105.126697",39,M,2018-06-28,active,0.98,0,1,1,pending_review,0.3212,2022
1f32053b-650c-4e67-b115-0f4e7f4d171f,U001247,2022-02-20 12:24:37,12:24:37,444718.74,online_payment,M00358,VND,success,desktop,D001566,85.106.255.63,bank_transfer,Hanoi,"20.629555,103.522195",44,F,2021-02-25,active,0.54,0,0,0,auto_approved,0.31,2022
10f25734-488f-4fea-883c-6adcc41ce49c,U001144,2022-09-11 11:48:12,11:48:12,293964.46,purchase,M00112,VND,success,desktop,D002383,8.126.99.196,mobile_wallet,Bangkok,"19.901811,104.493586",62,M,2018-01-21,active,0.86,0,0,0,auto_approved,0.135,2022
51fe34a1-05bd-4068-a78e-31e91932ab57,U001219,2022-01-09 19:22:38,19:22:38,169761.74,purchase,M00075,VND,success,desktop,D000028,116.218.152.45,mobile_wallet,Hanoi,"12.58585,105.514797",26,M,2020-08-11,active,0.7,2,1,1,pending_review,0.4133,2022
9292562c-7f12-495a-8358-8e80ca3952bf,U001447,2022-01-18 13:17:46,13:17:46,694251.8,cash_withdrawal,M00335,USD,success,mobile,D001915,116.109.59.42,mobile_wallet,Ho Chi Minh City,"8.104152,108.774767",35,M,2017-08-30,active,0.83,0,0,0,auto_approved,0.0678,2022
37b151fe-6cf4-4926-b8f0-c7136d944a94,U001750,2022-10-20 00:31:31,00:31:31,409293.95,transfer,M00415,USD,failed,pos,D000687,152.145.91.91,bank_transfer,Hanoi,"12.563825,108.523542",67,F,2014-10-27,active,0.76,1,0,0,auto_approved,0.2029,2022
fe64735c-4d9d-4c7e-8ef2-77950dcc7120,U001738,2022-07-22 07:37:28,07:37:28,57293.88,transfer,M00207,VND,success,desktop,D001771,116.136.36.181,mobile_wallet,Hanoi,"9.257205,104.979606",50,M,2018-06-21,active,0.57,0,0,0,auto_approved,0.3505,2022
f9d9bc0f-f1b3-4d38-b611-e5aa67888d91,U001832,2022-10-08 21:39:33,21:39:33,1015797.72,purchase,M00023,USD,success,mobile,D002542,251.81.208.186,debit_card,Singapore,"10.672846,103.286248",59,F,2019-01-12,active,0.74,0,0,0,auto_approved,0.1442,2022
161244db-8413-44eb-ba3f-0fd61ed0024a,U000780,2022-04-03 14:22:30,14:22:30,775346.06,bill_payment,M00405,VND,success,pos,D000144,115.230.134.60,credit_card,Ho Chi Minh City,"17.882118,102.270167",25,M,2014-07-17,active,0.83,0,0,0,auto_approved,0.2411,2022
cab1081f-1728-4cfa-8036-99292d7a1447,U000286,2022-05-12 20:13:19,20:13:19,663275.8,transfer,M00266,VND,success,pos,D002791,133.4.110.196,mobile_wallet,Hanoi,"12.410191,103.584735",44,F,2015-11-06,active,0.6,0,1,1,pending_review,0.2941,2022
2072667b-5875-49e3-9efe-dfe0b3858174,U000932,2022-04-11 19:46:43,19:46:43,407450.18,purchase,M00165,VND,success,atm,D000794,47.83.195.8,bank_transfer,Da Nang,"15.183253,102.714508",69,F,2020-06-09,active,0.69,0,0,0,auto_approved,0.3969,2022
4f6f7ebe-e897-4f1c-8d34-095586d6cc2e,U001558,2022-01-28 23:23:05,23:23:05,955755.57,purchase,M00131,VND,success,pos,D000400,109.132.21.209,bank_transfer,Ho Chi Minh City,"19.945892,108.085763",54,M,2021-11-08,active,0.64,0,0,0,auto_approved,0.0271,2022
2de81680-bb42-4d8b-9db6-8f1708c93b72,U001367,2022-07-29 12:25:30,12:25:30,288221.57,purchase,M00301,VND,failed,mobile,D002907,182.111.39.118,credit_card,Bangkok,"13.94588,105.677176",32,M,2015-12-29,active,0.99,0,0,0,auto_approved,0.1325,2022
c444e4dd-01e3-498d-9a81-8c327f322d3f,U000158,2022-10-22 17:27:09,17:27:09,1469555.17,bill_payment,M00452,VND,success,atm,D000791,135.190.227.222,bank_transfer,Kuala Lumpur,"20.776576,108.246341",44,F,2021-09-12,under_review,0.87,0,0,0,auto_approved,0.4341,2022
a1dea610-05d4-4b62-9e53-cbb67ee731f7,U001506,2022-08-08 00:27:38,00:27:38,717079.57,purchase,M00400,VND,failed,atm,D002234,182.40.99.204,mobile_wallet,Ho Chi Minh City,"9.303277,102.344407",52,M,2015-03-29,active,0.7,0,0,0,auto_approved,0.0403,2022
d3e92178-96b4-4aab-b81e-e324b4cfb4db,U001556,2022-12-02 21:40:09,21:40:09,1415559.93,cash_withdrawal,M00437,VND,success,atm,D002830,200.0.2.212,bank_transfer,Bangkok,"9.725472,108.151196",59,M,2016-06-12,under_review,0.71,0,0,0,auto_approved,0.4474,2022
ee85337d-69f3-444e-9196-8b35fe7be96f,U001095,2022-06-10 06:58:28,06:58:28,1255536.89,purchase,M00049,USD,success,atm,D000983,229.163.150.142,mobile_wallet,Kuala Lumpur,"12.466016,108.189382",55,F,2018-03-27,active,0.8,0,0,0,auto_approved,0.3613,2022
86b05c9c-bedc-4e1e-80d9-9f6cead4ce61,U001234,2022-03-11 18:58:32,18:58:32,1679502.46,bill_payment,M00010,VND,success,atm,D001190,255.92.157.231,debit_card,Da Nang,"12.251694,103.532592",43,M,2015-01-05,active,0.5,0,0,0,auto_approved,0.1006,2022
542f3aad-0430-4025-96c0-428a2e93a430,U001980,2022-09-21 05:50:15,05:50:15,39658.78,bill_payment,M00092,USD,success,mobile,D002708,12.33.220.52,mobile_wallet,Ho Chi Minh City,"21.692912,108.814834",57,F,2016-02-15,active,0.81,0,0,0,auto_approved,0.1613,2022
c85d2632-2b48-4692-a92a-045db1edb815,U001696,2022-06-20 19:51:59,19:51:59,763864.26,cash_withdrawal,M00061,VND,success,atm,D000792,126.1.39.224,bank_transfer,Hanoi,"12.336307,102.978996",69,F,2022-01-08,active,0.93,0,0,0,auto_approved,0.3438,2022
16e5a020-4621-4349-b75d-b81e67019fe6,U001583,2022-03-15 21:45:41,21:45:41,1637579.64,cash_withdrawal,M00186,USD,success,mobile,D002894,145.173.196.1,debit_card,Hanoi,"17.350266,102.553296",55,M,2020-12-29,active,0.9,0,0,0,auto_approved,0.0669,2022
71419a67-eccc-4f16-b860-cbdbe4f706cd,U000768,2022-06-29 09:22:03,09:22:03,2386417.55,bill_payment,M00462,VND,success,desktop,D002148,218.161.167.81,bank_transfer,Bangkok,"13.455247,103.264767",63,F,2015-01-07,active,0.92,0,0,0,auto_approved,0.238,2022
4f34d38e-007c-4360-b190-0a60a6cf6a37,U001234,2022-08-12 15:48:41,15:48:41,1190198.37,online_payment,M00157,USD,success,mobile,D001052,54.182.4.3,credit_card,Ho Chi Minh City,"14.860309,105.595848",65,M,2016-11-02,active,0.68,0,0,0,auto_approved,0.0867,2022
c94356ea-1191-4b21-ba48-f80c55a8aa5b,U001870,2022-02-19 00:20:28,00:20:28,700097.63,purchase,M00262,USD,success,mobile,D001832,100.205.55.183,mobile_wallet,Da Nang,"10.864224,104.699838",49,M,2014-08-29,active,0.85,0,0,0,auto_approved,0.173,2022
07ccdf04-07a9-4213-a017-a0dac60c8a8a,U001431,2022-02-08 22:12:11,22:12:11,162367.98,transfer,M00422,VND,success,desktop,D001514,136.216.87.252,mobile_wallet,Hanoi,"17.194454,106.601628",61,M,2017-02-22,active,0.84,0,0,0,auto_approved,0.3423,2022
7ad2d13a-dcbe-492c-9467-99b12d5e71aa,U001813,2022-10-25 06:29:56,06:29:56,1361499.01,transfer,M00260,USD,success,mobile,D001811,93.244.129.199,credit_card,Singapore,"9.998796,107.79946",43,M,2017-08-03,active,0.6,1,0,0,auto_approved,0.5542,2022
8ada9a1f-b667-43de-851c-42a6fc96f64f,U000514,2022-11-10 12:31:27,12:31:27,344471.32,online_payment,M00152,USD,success,atm,D002978,166.167.128.69,bank_transfer,Da Nang,"15.412103,106.316385",69,M,2022-10-09,active,0.73,0,0,0,auto_approved,0.2916,2022
57efc5ac-3e09-4325-babc-93c605dbfa8f,U001523,2022-12-08 08:04:38,08:04:38,86797.36,online_payment,M00082,USD,success,desktop,D000472,153.84.14.203,mobile_wallet,Hanoi,"10.083744,108.557281",40,F,2020-06-24,active,0.95,0,0,0,auto_approved,0.1507,2022
34e250db-11ec-484b-8f92-b7ef555a1435,U000504,2022-09-04 20:45:35,20:45:35,62591.98,transfer,M00152,USD,success,pos,D001296,208.109.59.24,bank_transfer,Ho Chi Minh City,"10.134634,104.664466",25,M,2018-01-19,active,0.51,0,0,0,auto_approved,0.1329,2022
5356cac3-7544-4265-92a8-42510de9bf4d,U001250,2022-03-23 17:47:46,17:47:46,884324.72,online_payment,M00478,USD,success,pos,D000214,15.127.153.190,bank_transfer,Kuala Lumpur,"9.348945,106.015394",20,F,2021-07-24,active,0.62,1,0,0,auto_approved,0.3762,2022
68e1791e-7e93-49bf-89bf-392fb3a2c983,U001897,2022-10-20 18:19:12,18:19:12,1209264.04,bill_payment,M00310,USD,success,mobile,D000349,142.86.104.212,debit_card,Hanoi,"21.617478,106.426477",28,M,2022-08-09,active,0.52,0,0,0,auto_approved,0.1837,2022
23aac221-eb5c-422d-b7a7-d2c243f700ca,U000447,2022-12-06 07:48:09,07:48:09,550554.73,bill_payment,M00134,USD,success,mobile,D002474,49.234.88.68,credit_card,Hanoi,"21.741537,108.895545",61,M,2017-06-16,active,0.71,0,0,0,auto_approved,0.3141,2022
9aca7731-8e19-4223-b100-767bccd473a8,U001359,2022-12-01 22:58:25,22:58:25,396361.89,online_payment,M00420,USD,success,mobile,D001338,209.3.98.81,bank_transfer,Kuala Lumpur,"18.30917,104.884817",42,F,2018-03-18,active,0.92,0,0,0,auto_approved,0.2876,2022
872797fc-6735-4eba-8639-936581f15cf8,U000039,2022-12-27 08:45:23,08:45:23,2523006.57,bill_payment,M00149,USD,success,atm,D001743,148.253.231.169,bank_transfer,Singapore,"19.869832,104.50024",18,M,2019-07-06,active,0.73,3,1,0,auto_approved,0.4715,2022
3d8c5193-c6f3-4038-a957-ac27a92ccf44,U001325,2022-01-12 04:43:49,04:43:49,698009.47,bill_payment,M00220,VND,success,desktop,D001267,138.246.221.121,mobile_wallet,Hanoi,"17.651869,106.442447",34,M,2015-07-21,active,0.94,0,0,0,auto_approved,0.3154,2022
9cc20fe0-7018-4990-8135-7b5f4ddddd52,U001265,2022-03-21 11:24:02,11:24:02,146532.82,online_payment,M00124,USD,success,mobile,D001911,97.10.40.84,mobile_wallet,Da Nang,"17.275121,104.443327",37,M,2020-09-28,active,0.56,0,0,0,auto_approved,0.2613,2022
6b1e3a3d-ecd1-48ac-aee5-8ec5461d3f5c,U001052,2022-07-18 17:18:34,17:18:34,1481808.66,online_payment,M00069,VND,success,pos,D000957,147.103.197.153,bank_transfer,Singapore,"16.437663,108.740067",46,M,2020-07-01,active,0.77,0,0,0,auto_approved,0.3673,2022
781affde-fe42-4a23-8b05-b97b40c7b195,U000685,2022-04-14 01:48:07,01:48:07,189332.57,purchase,M00069,VND,success,mobile,D001124,152.72.223.41,credit_card,Ho Chi Minh City,"10.624705,106.391356",60,F,2017-12-10,active,0.97,0,0,0,auto_approved,0.1513,2022
8e4a973a-1131-4552-8d8b-3f1cc040aaf3,U001707,2022-11-04 03:55:14,03:55:14,192141.2,cash_withdrawal,M00323,VND,success,mobile,D002887,209.229.66.140,mobile_wallet,Kuala Lumpur,"20.65173,104.044048",59,F,2019-07-11,active,1.0,1,0,0,auto_approved,0.478,2022
d986606e-1d7d-40ec-a5dc-b2efe6f4014c,U000328,2022-04-20 10:37:59,10:37:59,2308228.87,purchase,M00429,USD,success,mobile,D002023,80.78.36.143,credit_card,Hanoi,"19.015373,107.624608",19,F,2015-10-21,active,0.98,0,0,0,auto_approved,0.1779,2022
2efe025e-7bff-42ee-aa6e-1b71e3e44f72,U001576,2022-04-22 08:27:32,08:27:32,53253.78,bill_payment,M00181,USD,success,mobile,D000992,182.232.237.189,bank_transfer,Ho Chi Minh City,"18.232731,108.856107",59,M,2014-05-17,active,0.56,1,0,0,auto_approved,0.1097,2022
fcbdd4f8-00ed-4a74-88f1-434a7ebb2f3d,U001220,2022-08-12 13:56:04,13:56:04,670929.78,cash_withdrawal,M00071,USD,success,pos,D002753,202.29.150.200,mobile_wallet,Da Nang,"19.89984,106.781336",66,M,2019-04-03,active,0.92,0,0,0,auto_approved,0.255,2022
16e4b741-2e72-4ec2-9f77-289aa26400bb,U000234,2022-10-23 00:40:44,00:40:44,910246.04,bill_payment,M00335,USD,success,desktop,D001801,158.227.71.183,bank_transfer,Singapore,"16.23605,105.310682",24,F,2020-08-15,active,0.65,0,0,0,auto_approved,0.3434,2022
df0b7a75-22a6-45c1-baa0-4a450ad1bfbc,U001111,2022-05-08 12:29:10,12:29:10,120782.68,purchase,M00384,USD,success,desktop,D001286,214.162.129.123,debit_card,Da Nang,"12.549171,105.621361",36,M,2020-12-21,active,0.46,0,0,0,auto_approved,0.3029,2022
ce27f67d-b4ff-49fa-a72b-787cbcb432bb,U000875,2022-09-06 14:25:12,14:25:12,110960.13,purchase,M00172,USD,failed,pos,D001922,28.142.216.154,credit_card,Bangkok,"9.055373,104.65282",19,F,2019-06-09,active,0.6,0,0,0,auto_approved,0.1523,2022
e68b3239-f03e-4fed-9d87-558549c66c22,U001500,2022-08-06 06:27:26,06:27:26,85148.77,transfer,M00420,VND,success,pos,D000026,2.59.91.27,debit_card,Bangkok,"12.083336,107.685979",33,M,2015-01-20,under_review,0.85,0,0,0,auto_approved,0.0478,2022
5fe6c5e0-d793-48c1-b803-67d8d2355b0d,U001782,2022-03-21 17:13:13,17:13:13,606965.14,transfer,M00090,USD,success,mobile,D001980,65.59.95.26,credit_card,Hanoi,"8.464913,103.358972",56,M,2014-12-14,active,0.53,1,0,0,auto_approved,0.3834,2022
c7f69143-84d4-4854-b064-d6f8b4aabbc0,U001178,2022-05-24 03:58:28,03:58:28,1190082.35,purchase,M00420,USD,success,pos,D000444,70.153.125.85,mobile_wallet,Ho Chi Minh City,"10.604214,103.628106",44,F,2017-03-16,active,0.76,0,0,0,auto_approved,0.237,2022
926562a2-cdb3-45fc-b33a-053e6742461d,U001072,2022-06-29 14:59:53,14:59:53,254557.92,transfer,M00340,VND,success,pos,D001516,81.28.170.151,debit_card,Hanoi,"9.877697,107.292807",55,F,2022-03-10,active,0.9,0,0,0,auto_approved,0.3167,2022
713ff16c-0912-44b0-9e1a-cf8e69f4b618,U000830,2022-04-02 02:03:33,02:03:33,307763.04,transfer,M00091,VND,success,desktop,D000290,119.213.24.122,debit_card,Ho Chi Minh City,"8.911179,104.188247",30,F,2021-07-24,active,0.84,0,1,0,auto_approved,0.2005,2022
ff79f1a7-755c-44ae-a26e-a560938f4da5,U000012,2022-03-03 13:13:51,13:13:51,6164.07,bill_payment,M00161,VND,success,mobile,D001286,43.22.88.17,credit_card,Ho Chi Minh City,"16.972909,106.669522",30,F,2015-04-24,active,0.79,0,0,0,auto_approved,0.1664,2022
02c46d3a-c885-444a-9d87-107e6f88dd3c,U001852,2022-09-18 07:58:25,07:58:25,389518.84,cash_withdrawal,M00428,USD,success,pos,D000478,128.13.26.52,mobile_wallet,Bangkok,"16.08825,102.50276",28,F,2017-01-07,active,0.48,0,0,0,auto_approved,0.306,2022
8ef14e48-4e9d-4763-be10-4d09ba553dcd,U000675,2022-03-05 21:59:34,21:59:34,223519.1,purchase,M00066,VND,success,mobile,D002562,109.130.99.227,mobile_wallet,Da Nang,"21.608194,102.309433",69,M,2015-12-13,active,0.91,0,0,0,auto_approved,0.3308,2022
816e4eea-2728-4a1d-8775-68bc0be8d77d,U000319,2022-06-28 09:41:05,09:41:05,586138.04,bill_payment,M00416,VND,success,atm,D000350,205.67.251.54,bank_transfer,Da Nang,"21.10783,108.341038",69,M,2017-01-02,active,0.93,0,1,1,pending_review,0.3138,2022
dff38541-b640-4c7a-b060-89d599d65191,U000770,2022-12-19 02:26:07,02:26:07,642780.14,purchase,M00488,VND,success,pos,D000274,93.50.49.234,mobile_wallet,Kuala Lumpur,"11.767504,108.909426",22,F,2015-12-20,active,0.81,2,1,1,pending_review,0.8006,2022
05b97be1-9277-433f-b95c-4971d459d3f9,U000768,2022-08-10 00:34:03,00:34:03,142781.35,cash_withdrawal,M00133,USD,success,atm,D000521,161.66.20.132,bank_transfer,Singapore,"18.484898,102.874012",25,F,2020-03-01,active,0.48,0,0,0,auto_approved,0.3304,2022
35fda380-d886-4734-b860-630222960695,U000168,2022-07-10 02:57:10,02:57:10,1258329.61,bill_payment,M00333,VND,success,atm,D002994,178.143.140.160,debit_card,Ho Chi Minh City,"16.60832,104.615551",61,M,2020-06-08,active,0.76,1,0,0,auto_approved,0.5481,2022
baf56714-6d45-4ed8-819d-8ecc3c3106d9,U000735,2022-12-27 23:15:41,23:15:41,622849.49,online_payment,M00024,USD,success,atm,D001664,199.212.39.231,credit_card,Bangkok,"13.44852,106.850681",65,F,2019-11-15,active,0.78,1,0,0,auto_approved,0.2957,2022
75e60cdb-d05b-4a92-9963-336fb257188a,U001137,2022-04-05 10:38:49,10:38:49,1802821.01,purchase,M00288,USD,success,pos,D001330,51.3.82.80,debit_card,Bangkok,"12.082302,104.773661",24,F,2017-02-18,active,0.85,0,0,0,auto_approved,0.0216,2022
3919d39d-6439-43a5-b8c9-32b75cf6e4f7,U000605,2022-08-10 21:16:20,21:16:20,69407.47,transfer,M00115,USD,success,desktop,D000719,41.171.245.132,bank_transfer,Singapore,"19.284495,106.460454",57,F,2019-05-31,active,0.62,0,0,0,auto_approved,0.1565,2022
1eb1b4ac-7c89-4fd7-a74b-459307f85027,U001636,2022-03-24 22:09:04,22:09:04,759064.3,cash_withdrawal,M00240,USD,success,mobile,D001074,3.108.48.220,bank_transfer,Hanoi,"11.080925,102.236124",21,M,2018-06-18,active,0.58,0,0,0,auto_approved,0.3832,2022
09aa9834-b56a-4013-999b-9e74c08d8510,U001457,2022-03-04 01:59:30,01:59:30,365896.89,purchase,M00235,VND,success,atm,D002414,98.184.181.243,mobile_wallet,Da Nang,"21.378308,106.256439",55,F,2016-12-10,active,0.55,0,1,0,auto_approved,0.3663,2022
f90cf10b-0ca3-42e9-829b-1fc3d64dee36,U000103,2022-02-23 03:48:46,03:48:46,308827.39,online_payment,M00373,USD,success,desktop,D000264,175.30.124.1,mobile_wallet,Singapore,"18.765568,104.289095",50,F,2017-02-15,active,0.64,0,0,0,auto_approved,0.0668,2022
739d3a35-62b7-4f62-ae40-937adff173a2,U001171,2022-02-07 18:54:51,18:54:51,1468155.04,bill_payment,M00260,VND,success,mobile,D000155,109.126.11.249,mobile_wallet,Singapore,"19.181155,108.62083",46,F,2014-01-08,active,0.63,0,0,0,auto_approved,0.1105,2022
baffb9dc-0e36-4890-a6aa-bb0092c7a371,U001821,2022-04-28 16:51:13,16:51:13,72608.72,transfer,M00088,USD,success,atm,D000032,148.67.188.190,bank_transfer,Singapore,"15.402372,102.527276",49,F,2016-10-13,active,0.64,0,0,0,auto_approved,0.3076,2022
516954ea-5faf-4d3f-a63e-26ab00cf011e,U001852,2022-05-20 04:27:19,04:27:19,15899.94,cash_withdrawal,M00256,VND,success,mobile,D001724,175.21.205.164,bank_transfer,Singapore,"14.445137,107.031334",46,M,2016-06-11,active,0.55,0,0,0,auto_approved,0.2281,2022
b1b1d68e-8e73-459c-933f-b07517a33ab5,U000049,2022-09-14 10:07:25,10:07:25,633314.2,cash_withdrawal,M00308,VND,success,atm,D000808,255.182.116.106,mobile_wallet,Singapore,"8.993298,108.533903",57,M,2018-06-22,active,0.63,0,0,0,auto_approved,0.0647,2022
5d8682a4-6ed5-40df-8840-fe08ed92c8a8,U001240,2022-08-25 15:08:38,15:08:38,87066.66,bill_payment,M00173,VND,success,desktop,D002194,181.153.230.155,bank_transfer,Hanoi,"10.681427,105.617616",65,M,2020-09-21,active,0.79,0,0,0,auto_approved,0.3453,2022
4ab5ece3-940f-4443-b7a0-74b8e41540a4,U001196,2022-01-19 05:27:41,05:27:41,1515320.47,online_payment,M00358,USD,success,atm,D002113,47.71.237.157,credit_card,Kuala Lumpur,"15.827456,103.702463",28,M,2014-11-06,active,0.72,0,0,0,auto_approved,0.1437,2022
151bfe9b-919b-4bc7-9224-d7cea1cf73ff,U001893,2022-02-18 12:28:02,12:28:02,817045.7,cash_withdrawal,M00182,USD,success,atm,D000434,111.127.37.179,mobile_wallet,Kuala Lumpur,"12.529643,104.304913",52,M,2017-11-20,active,0.96,0,0,0,auto_approved,0.3866,2022
dd515b05-55e4-4b48-9064-36c128f1ad81,U001252,2022-12-08 23:40:40,23:40:40,457684.76,cash_withdrawal,M00285,USD,success,atm,D000760,61.62.245.157,bank_transfer,Hanoi,"19.142288,103.410237",68,F,2016-10-30,active,0.47,0,1,0,auto_approved,0.4234,2022
b331e3e4-d5eb-4f83-ba50-c8851220108a,U001534,2022-12-29 03:42:16,03:42:16,1215459.56,cash_withdrawal,M00389,USD,success,pos,D000137,225.100.223.59,credit_card,Kuala Lumpur,"20.910273,102.709839",42,F,2018-06-09,active,0.66,0,0,0,auto_approved,0.1237,2022
38cca44b-9f85-46b9-b3e9-5cbf383b9be7,U001318,2022-02-22 11:47:14,11:47:14,306954.91,purchase,M00283,USD,failed,pos,D002090,28.229.63.46,debit_card,Kuala Lumpur,"12.792696,107.941625",67,M,2016-11-23,active,0.93,0,0,0,auto_approved,0.0796,2022
2c3b6160-29d1-4521-b8ba-430c740f4ff2,U000430,2022-10-10 04:36:56,04:36:56,365647.51,cash_withdrawal,M00379,VND,success,mobile,D000855,210.128.234.208,mobile_wallet,Bangkok,"20.827335,103.986176",30,F,2017-01-26,active,0.75,0,0,0,auto_approved,0.2908,2022
443dcbdf-64cd-493d-ad3e-e62534641487,U001847,2022-06-28 21:17:19,21:17:19,1346092.1,purchase,M00334,VND,success,pos,D001747,42.176.202.171,debit_card,Da Nang,"20.434724,102.460197",67,F,2015-04-19,active,0.62,0,0,0,auto_approved,0.4338,2022
73a56c1c-c3ef-450f-84b0-f79af66e1176,U000998,2022-08-14 14:02:11,14:02:11,571402.43,transfer,M00052,USD,success,mobile,D001735,95.249.47.148,credit_card,Ho Chi Minh City,"8.463582,104.967366",36,M,2020-03-26,active,0.93,0,0,0,auto_approved,0.1033,2022
c7968412-ceac-4351-8510-8462e414c336,U000408,2022-05-17 17:52:25,17:52:25,32467.45,purchase,M00340,USD,success,atm,D001945,231.114.90.236,credit_card,Bangkok,"17.092573,102.711606",61,M,2018-11-14,active,0.97,0,0,0,auto_approved,0.3009,2022
119fd604-e4ca-4e7e-a2c6-c53b671e8511,U000952,2022-07-18 06:56:09,06:56:09,64394.19,purchase,M00341,USD,success,desktop,D000864,93.212.192.103,debit_card,Ho Chi Minh City,"20.084829,104.487839",69,M,2018-11-16,active,0.61,0,0,0,auto_approved,0.1203,2022
8cb11709-ebc7-48a2-8118-2e9bc0354ac0,U000986,2022-09-15 03:06:35,03:06:35,482131.08,transfer,M00144,VND,success,desktop,D000800,176.140.131.154,bank_transfer,Hanoi,"8.259906,107.362679",26,M,2016-08-20,active,0.49,0,0,0,auto_approved,0.1994,2022
9aed8140-1859-452e-8630-6a7feb2877c3,U001791,2022-09-16 07:08:00,07:08:00,950790.86,cash_withdrawal,M00114,USD,success,desktop,D002298,13.186.97.255,credit_card,Kuala Lumpur,"10.146906,106.398638",62,F,2020-11-02,active,0.48,0,0,0,auto_approved,0.2016,2022
e82bb312-0cc0-410e-81ef-71590157a439,U001838,2022-09-07 08:02:01,08:02:01,913625.66,online_payment,M00358,VND,success,atm,D000047,38.146.86.116,credit_card,Bangkok,"14.723807,108.633626",63,M,2017-09-12,active,1.0,0,0,0,auto_approved,0.0698,2022
35af1f3e-b1b3-4abe-baec-baed79cd890d,U001326,2022-03-21 07:09:58,07:09:58,774543.42,transfer,M00221,VND,success,desktop,D000113,81.56.87.11,credit_card,Kuala Lumpur,"11.133733,107.982661",40,F,2020-01-03,active,0.8,1,0,0,auto_approved,0.1372,2022
b9b2150a-1987-4d8f-b9a1-dacc354823cd,U000438,2022-04-28 08:41:36,08:41:36,329305.97,online_payment,M00138,VND,success,atm,D001279,45.84.92.133,mobile_wallet,Bangkok,"14.576461,106.284523",19,M,2018-11-27,active,0.9,0,0,0,auto_approved,0.37,2022
dcdd0c28-91b8-4a16-ac89-895c34c2ab30,U001385,2022-01-11 23:39:34,23:39:34,499829.61,online_payment,M00379,USD,success,pos,D001086,48.85.240.210,debit_card,Bangkok,"12.419003,104.937115",44,M,2017-08-11,active,0.97,0,0,0,auto_approved,0.3552,2022
768cf42f-c725-4a79-b463-56444840fe93,U000295,2022-09-26 09:42:11,09:42:11,274799.02,bill_payment,M00366,USD,success,pos,D000136,251.93.16.11,credit_card,Hanoi,"21.914114,107.26453",34,M,2020-11-09,active,0.72,0,0,0,auto_approved,0.3923,2022
85ad8f85-ce2f-41d3-a813-0fa984946bd0,U000547,2022-12-10 21:44:37,21:44:37,2930296.87,cash_withdrawal,M00003,VND,success,pos,D000923,176.70.168.88,credit_card,Bangkok,"13.153154,104.365184",29,F,2018-05-28,active,0.59,0,1,0,auto_approved,0.4354,2022
e7f7aad1-7461-48fc-befc-f23becfabf86,U000360,2022-05-17 06:31:45,06:31:45,674933.15,cash_withdrawal,M00143,USD,success,mobile,D000559,160.25.205.135,mobile_wallet,Kuala Lumpur,"17.992297,105.36618",30,F,2014-06-05,active,0.84,0,0,0,auto_approved,0.1528,2022
c70ea5a9-266e-4672-9e1d-61fde99b2708,U001467,2022-08-21 04:31:04,04:31:04,254743.98,cash_withdrawal,M00149,VND,success,desktop,D000891,2.216.239.164,credit_card,Kuala Lumpur,"11.083628,106.732489",53,M,2015-06-16,active,0.68,0,0,0,auto_approved,0.3336,2022
7bebec34-b987-4811-b8c4-0e64122f654b,U001459,2022-04-25 05:08:57,05:08:57,210451.08,purchase,M00262,VND,success,desktop,D000736,173.109.167.26,credit_card,Ho Chi Minh City,"12.904559,108.332008",68,M,2021-10-01,active,0.69,0,0,0,auto_approved,0.4285,2022
318fa950-9fed-4069-898b-d90d11e96605,U001303,2022-09-06 09:33:03,09:33:03,1414735.52,transfer,M00176,VND,success,atm,D002817,56.194.101.123,mobile_wallet,Da Nang,"14.60311,105.606342",66,F,2020-12-25,active,0.52,2,1,0,auto_approved,0.3485,2022
9d0a10de-283c-48b1-adb5-ff9f490c1f01,U000567,2022-10-28 23:56:05,23:56:05,263518.68,cash_withdrawal,M00142,VND,success,atm,D001833,229.253.221.1,credit_card,Ho Chi Minh City,"15.933101,107.78256",55,F,2019-04-27,active,0.51,3,1,0,auto_approved,0.5104,2022
17db4532-dd9b-4f91-84e8-4925adc02edd,U000445,2022-09-13 05:23:36,05:23:36,405849.06,transfer,M00136,VND,success,desktop,D002405,61.115.110.36,bank_transfer,Da Nang,"10.697526,107.397732",64,F,2021-06-03,active,0.7,0,0,0,auto_approved,0.4129,2022
0eae2708-2f4b-4b5b-8ad7-ae1c5077326e,U000199,2022-09-01 14:04:53,14:04:53,522486.76,purchase,M00100,USD,success,atm,D000718,152.228.59.49,credit_card,Singapore,"17.619944,108.201807",32,F,2014-09-26,active,0.89,0,0,0,auto_approved,0.3475,2022
390a06c1-f903-4d21-995c-8967eafc16e9,U001680,2022-02-11 01:37:29,01:37:29,1220457.85,purchase,M00331,VND,success,atm,D002524,61.4.219.133,debit_card,Ho Chi Minh City,"15.623771,106.546316",60,M,2017-05-28,active,0.9,0,0,0,auto_approved,0.3018,2022
cd91eb79-de3d-4055-bdbb-cc115f82ff24,U000153,2022-12-17 23:26:49,23:26:49,568101.08,purchase,M00117,VND,success,desktop,D001554,59.2.70.98,credit_card,Kuala Lumpur,"16.916725,105.395466",23,M,2018-03-08,active,0.71,1,0,0,auto_approved,0.1572,2022
a96ce170-6b50-4e6a-9e12-eecd918642f5,U001994,2022-09-04 10:58:10,10:58:10,82513.79,online_payment,M00489,USD,success,desktop,D001082,254.132.140.43,bank_transfer,Bangkok,"18.333481,106.049196",28,M,2018-06-25,active,0.96,1,1,1,pending_review,0.3417,2022
c1e69ad0-8d8e-4be2-8bfc-b5fdc4ad1bff,U000519,2022-08-13 09:04:44,09:04:44,226488.6,purchase,M00490,VND,success,pos,D000006,49.239.132.26,credit_card,Kuala Lumpur,"9.40074,105.008431",53,F,2018-01-06,active,0.62,0,1,0,auto_approved,0.4087,2022
e46ff8a6-89f7-43f0-8ca5-fbfb66cf4dc9,U001744,2022-01-13 14:01:03,14:01:03,2115362.15,cash_withdrawal,M00317,USD,success,mobile,D002229,36.95.187.75,credit_card,Hanoi,"21.970717,105.386983",54,M,2021-10-25,under_review,0.85,0,0,0,auto_approved,0.1465,2022
c467091e-a0a1-4c71-8f69-b9261a348389,U001858,2022-12-26 21:47:54,21:47:54,211441.64,purchase,M00044,USD,success,desktop,D001723,53.150.37.136,mobile_wallet,Singapore,"12.172447,102.541387",43,M,2015-03-22,active,0.54,0,0,0,auto_approved,0.1999,2022
d7515b8f-e81e-4d77-ae4b-11c4842be452,U001836,2022-11-17 05:23:26,05:23:26,175908.77,purchase,M00023,USD,success,desktop,D000050,196.117.124.153,bank_transfer,Da Nang,"21.101973,105.535255",30,M,2014-09-23,active,0.57,1,0,0,auto_approved,0.3067,2022
7d52cefa-6fb5-4281-aa85-9954aeb01c17,U001809,2022-01-17 18:11:50,18:11:50,439115.93,transfer,M00186,USD,success,pos,D000932,206.2.221.94,debit_card,Singapore,"14.261402,106.867471",50,F,2021-10-26,active,0.91,0,0,0,auto_approved,0.0764,2022
b9481366-d0d8-4302-ba08-4c024edb30be,U000414,2022-07-08 23:42:54,23:42:54,134217.29,bill_payment,M00281,USD,success,desktop,D001315,111.62.179.2,mobile_wallet,Singapore,"18.226836,108.204264",30,F,2022-02-16,active,0.99,2,1,0,auto_approved,0.3989,2022
9b7a3e68-c333-4b9d-aeb4-0514528fd40c,U001209,2022-07-08 14:27:27,14:27:27,51829.36,bill_payment,M00270,USD,success,atm,D000790,16.23.185.157,bank_transfer,Singapore,"17.293314,102.403151",25,M,2019-08-26,active,0.74,0,0,0,auto_approved,0.1357,2022
343920cd-77ef-49e3-a87e-c7b6b3e58c40,U001418,2022-12-06 11:52:07,11:52:07,217040.35,bill_payment,M00391,USD,success,mobile,D000179,5.186.185.160,bank_transfer,Singapore,"19.44995,103.481927",64,M,2018-12-11,active,0.79,1,0,0,auto_approved,0.4905,2022
22c7e073-4d88-477a-834e-7caeaf4b2ab9,U000619,2022-05-30 05:26:11,05:26:11,208522.55,cash_withdrawal,M00094,VND,success,pos,D001679,182.193.50.44,bank_transfer,Da Nang,"8.502255,102.005783",62,F,2022-01-27,blocked,0.95,0,0,0,auto_approved,0.0469,2022
88887ecd-02e7-4210-b51c-c14c0c9f4691,U001712,2022-12-24 21:45:41,21:45:41,408282.98,transfer,M00367,VND,success,mobile,D002599,251.12.70.33,bank_transfer,Ho Chi Minh City,"13.825132,103.119213",25,M,2021-03-01,active,0.47,0,0,0,auto_approved,0.3885,2022
5e78ba21-d370-4dea-b410-3a21c0f36625,U000194,2022-09-30 12:04:15,12:04:15,547145.6,bill_payment,M00136,USD,success,atm,D001980,21.215.238.158,bank_transfer,Kuala Lumpur,"8.08599,102.05595",57,F,2021-08-31,active,0.89,0,0,0,auto_approved,0.2764,2022
84e9d2ef-a953-43d3-b36e-adcc3cc3d3ca,U001351,2022-10-08 12:00:00,12:00:00,1590224.78,bill_payment,M00181,USD,success,atm,D000509,7.105.121.70,mobile_wallet,Bangkok,"15.655219,102.929153",41,F,2022-04-27,active,0.79,0,0,0,auto_approved,0.2218,2022
f82bc2a8-71f6-4f2f-a2e1-e43e505e2119,U000212,2022-08-20 01:12:41,01:12:41,679939.69,purchase,M00072,USD,success,atm,D002312,94.238.59.48,credit_card,Ho Chi Minh City,"15.682323,105.247977",34,F,2016-09-03,active,0.6,0,0,0,auto_approved,0.0865,2022
9d3a72ef-3365-4660-ab3d-1df36d84de61,U000097,2022-08-18 22:57:56,22:57:56,646022.74,online_payment,M00433,USD,success,mobile,D000136,187.85.201.252,credit_card,Da Nang,"20.564577,104.779068",24,M,2019-11-18,active,0.72,2,1,1,pending_review,0.2759,2022
8f01b3bf-3392-4bcb-a725-033f3a44001f,U001639,2022-11-27 09:08:48,09:08:48,86805.05,purchase,M00335,USD,success,pos,D001494,52.4.7.222,mobile_wallet,Singapore,"14.067191,103.873501",57,M,2015-05-13,active,0.9,1,0,0,auto_approved,0.2619,2022
01a58541-4801-4bf7-a962-7072cf883a5f,U000115,2022-01-27 11:00:05,11:00:05,975277.37,purchase,M00399,USD,success,desktop,D001696,154.106.229.49,credit_card,Hanoi,"14.576311,103.659207",40,M,2018-12-14,under_review,0.87,2,1,0,auto_approved,0.3701,2022
2a5e39c7-e3c7-45c0-bfb5-946405dbfc03,U000845,2022-01-08 11:57:12,11:57:12,115840.22,online_payment,M00338,USD,success,atm,D001237,116.203.10.185,credit_card,Singapore,"20.902726,104.080961",20,F,2018-01-11,active,0.66,0,0,0,auto_approved,0.2988,2022
49e6934b-54af-4c46-9424-a5aefe919693,U001694,2022-05-26 01:33:51,01:33:51,1012244.39,purchase,M00098,VND,success,desktop,D000522,47.142.92.107,bank_transfer,Bangkok,"13.765722,107.215117",67,F,2021-07-03,active,0.65,0,0,0,auto_approved,0.4217,2022
30696d5c-ec2b-480e-b144-a9e79015a181,U000456,2022-12-09 12:18:47,12:18:47,213336.92,bill_payment,M00500,USD,success,desktop,D000495,154.127.56.18,bank_transfer,Singapore,"18.235117,104.599235",54,F,2019-10-15,active,0.84,0,0,0,auto_approved,0.2795,2022
d9e419a6-7261-4727-b9c4-11eb5456f90c,U000552,2022-07-20 18:24:05,18:24:05,1501933.33,purchase,M00203,VND,success,pos,D000355,209.247.255.228,debit_card,Da Nang,"15.047225,107.55132",51,F,2018-08-29,active,0.86,0,0,0,auto_approved,0.1021,2022
69b69901-5a27-4633-b581-c2ceb582e4ac,U001742,2022-09-04 06:59:36,06:59:36,43694.32,bill_payment,M00039,VND,success,desktop,D001931,249.21.250.255,credit_card,Da Nang,"13.801664,107.61049",64,M,2016-04-28,active,0.9,0,0,0,auto_approved,0.3493,2022
b6686c3d-1c82-4ae3-be69-518a0f8570e8,U001644,2022-10-18 10:05:35,10:05:35,173629.78,online_payment,M00195,USD,success,mobile,D002340,31.166.244.234,bank_transfer,Bangkok,"19.346704,104.913991",68,M,2021-04-11,active,0.88,0,0,0,auto_approved,0.2921,2022
dc8f0945-c49a-4390-ad6f-d70f5dabaf51,U001228,2022-02-19 18:11:09,18:11:09,3662753.94,bill_payment,M00228,VND,success,mobile,D001730,252.39.250.195,bank_transfer,Hanoi,"19.184703,106.963242",70,M,2020-12-22,active,0.45,0,1,0,auto_approved,0.2398,2022
c189ce83-961e-4cb1-bc8f-0fca2b4331d6,U001692,2022-03-01 01:54:57,01:54:57,162622.83,bill_payment,M00306,USD,success,desktop,D001489,134.90.47.160,mobile_wallet,Singapore,"21.837675,108.394466",57,M,2016-04-30,active,0.73,0,0,0,auto_approved,0.3984,2022
1214d57e-4846-4ce3-a1b8-cba491faee90,U000602,2022-10-19 07:35:24,07:35:24,38586.08,bill_payment,M00293,VND,success,mobile,D000770,20.178.227.12,debit_card,Singapore,"9.674296,105.181041",57,F,2021-09-17,active,0.67,0,0,0,auto_approved,0.2099,2022
eae0c07e-f748-4251-84f4-85a915fac3ab,U001572,2022-11-25 10:02:00,10:02:00,63670.84,purchase,M00058,VND,success,pos,D002077,167.129.152.131,bank_transfer,Hanoi,"16.283873,104.703612",68,M,2022-03-20,active,0.46,0,0,0,auto_approved,0.1088,2022
8ba69260-582e-4108-9469-f0945d3fc745,U000649,2022-10-30 09:20:53,09:20:53,1231656.32,transfer,M00307,USD,success,atm,D002320,227.85.166.19,debit_card,Da Nang,"14.068146,105.538089",54,F,2016-02-28,active,0.8,0,0,0,auto_approved,0.2702,2022
b84899e6-316f-4a66-b33f-691d83a0574f,U001105,2022-12-20 17:11:52,17:11:52,411586.08,online_payment,M00423,USD,success,mobile,D002598,173.166.111.108,bank_transfer,Ho Chi Minh City,"11.25301,107.703936",67,F,2020-10-21,active,0.64,0,0,0,auto_approved,0.3089,2022
d134af4a-a38d-4e37-829f-3d484a40c4c1,U000879,2022-08-16 05:22:49,05:22:49,981410.67,transfer,M00483,VND,success,mobile,D000655,14.143.170.109,credit_card,Bangkok,"12.814744,102.773715",39,F,2020-04-01,active,0.75,0,0,0,auto_approved,0.042,2022
16f63ed8-4964-4a62-b71c-4a293ecffaec,U000153,2022-03-09 16:37:11,16:37:11,927812.1,online_payment,M00424,USD,failed,pos,D000139,110.238.123.253,mobile_wallet,Bangkok,"14.520554,104.990835",58,M,2019-02-16,active,0.83,0,0,0,auto_approved,0.169,2022
da21afd2-e056-4282-b776-37459df93e1d,U001461,2022-01-22 08:27:13,08:27:13,1111698.65,online_payment,M00092,VND,success,atm,D001949,51.146.59.190,credit_card,Ho Chi Minh City,"20.09128,104.391269",31,M,2020-12-26,active,0.82,2,1,0,auto_approved,0.539,2022
c50dfd7b-bac7-40bf-a28b-fcfc9866eee3,U001946,2022-11-19 00:17:03,00:17:03,53089.12,transfer,M00047,USD,success,atm,D002191,151.73.5.252,debit_card,Kuala Lumpur,"10.79672,105.138867",70,F,2019-03-01,active,0.84,1,0,0,auto_approved,0.1301,2022
024034be-fc57-43bd-9539-46c71f7780f5,U001678,2022-06-25 11:04:14,11:04:14,1138536.98,cash_withdrawal,M00459,VND,success,mobile,D001859,23.87.184.182,bank_transfer,Ho Chi Minh City,"16.249995,107.803202",36,M,2016-06-03,active,0.75,0,0,0,auto_approved,0.161,2022
979fe3df-259f-42e9-8de7-6f53479d7d32,U001049,2022-02-26 12:06:25,12:06:25,499711.79,cash_withdrawal,M00257,USD,success,mobile,D000443,227.159.208.116,credit_card,Kuala Lumpur,"15.265024,103.109867",68,M,2017-05-13,active,0.45,0,0,0,auto_approved,0.4174,2022
148d13b6-6217-488d-bd49-e2c649f7f1f6,U000367,2022-04-25 09:10:46,09:10:46,172721.69,cash_withdrawal,M00079,USD,success,atm,D001654,76.213.238.217,debit_card,Da Nang,"12.124455,107.739767",62,M,2021-09-27,active,0.85,0,0,0,auto_approved,0.3438,2022
096dfc23-359d-4099-8813-d16fd3869a09,U001864,2022-08-05 10:43:37,10:43:37,88328.15,cash_withdrawal,M00466,VND,success,atm,D002932,169.17.78.104,debit_card,Ho Chi Minh City,"19.982132,106.774352",19,F,2017-01-14,active,0.79,1,0,0,auto_approved,0.165,2022
16f79936-ccd9-40a5-ba22-f26e4ede7d50,U000845,2022-03-03 01:47:47,01:47:47,320730.11,online_payment,M00108,USD,success,pos,D001078,145.130.220.178,debit_card,Kuala Lumpur,"11.260081,105.967658",66,F,2019-01-13,active,0.91,0,0,0,auto_approved,0.1165,2022
d92584f8-28f7-4b69-9299-1e63de408041,U000916,2022-09-17 09:57:18,09:57:18,203885.32,cash_withdrawal,M00113,USD,success,desktop,D002906,54.191.198.10,credit_card,Ho Chi Minh City,"9.044919,106.571732",57,M,2022-05-19,active,0.98,0,0,0,auto_approved,0.1676,2022
3817b66b-f832-4688-b97d-212e5cc302a4,U000109,2022-11-12 00:44:06,00:44:06,1628778.74,transfer,M00475,VND,success,desktop,D001106,100.19.0.113,credit_card,Kuala Lumpur,"18.723984,107.55552",20,F,2021-01-21,active,0.96,3,1,0,auto_approved,0.4865,2022
dc8e0684-17a1-40ce-bee3-051065dc0bef,U000402,2022-09-28 09:50:15,09:50:15,876108.5,bill_payment,M00216,USD,success,pos,D000409,150.57.124.82,mobile_wallet,Hanoi,"21.28457,104.174651",68,F,2018-03-17,active,0.88,0,0,0,auto_approved,0.3156,2022
c0a7e2e0-2381-45e0-9026-b5f4dc2c2a03,U000866,2022-02-10 22:25:58,22:25:58,239885.51,online_payment,M00127,VND,failed,mobile,D002878,252.13.138.254,bank_transfer,Bangkok,"14.780112,102.770753",68,F,2014-09-24,active,0.85,1,0,0,auto_approved,0.2263,2022
c3a930ad-506e-478e-beb9-9bd0930e2d8b,U001950,2022-09-19 04:36:21,04:36:21,101609.18,bill_payment,M00010,USD,success,mobile,D002796,123.29.80.8,bank_transfer,Hanoi,"16.563917,106.06613",70,F,2021-04-12,active,0.81,1,0,0,auto_approved,0.214,2022
4d961376-5cfe-4545-a61b-84af18316862,U001914,2022-02-28 11:41:57,11:41:57,817931.98,bill_payment,M00329,USD,failed,pos,D002670,157.27.250.71,bank_transfer,Hanoi,"16.631193,107.343286",23,F,2019-04-30,active,0.85,0,0,0,auto_approved,0.3744,2022
74f97f35-50a6-43df-9593-c1dd9fd9d5bc,U001390,2022-08-06 02:08:16,02:08:16,136453.29,transfer,M00484,USD,success,mobile,D000253,146.110.187.126,bank_transfer,Da Nang,"15.38986,105.840497",35,M,2019-01-17,active,0.6,0,1,1,pending_review,0.3999,2022
d83570ce-4267-4394-b4cd-40a074f4d7da,U000660,2022-08-26 09:46:36,09:46:36,66801.84,online_payment,M00464,VND,success,atm,D002995,226.19.171.192,debit_card,Singapore,"14.910072,106.853106",53,M,2018-12-08,active,0.45,0,0,0,auto_approved,0.0942,2022
863a8267-7372-4d22-b13e-cac8451cb553,U001254,2022-06-03 15:48:18,15:48:18,522850.26,online_payment,M00277,VND,pending,mobile,D002144,60.89.168.35,credit_card,Ho Chi Minh City,"13.449849,108.286111",49,F,2019-05-31,active,1.0,0,0,0,auto_approved,0.3983,2022
6b10a0d7-f6a6-4dd5-95c1-0aff1f0cd21b,U000064,2022-12-27 16:41:03,16:41:03,552117.63,online_payment,M00371,VND,success,mobile,D002657,14.170.162.253,credit_card,Da Nang,"11.242162,107.637288",58,M,2018-01-25,active,0.74,1,0,0,auto_approved,0.3593,2022
300b2e9f-8176-4197-8d7c-8def5610c1a1,U001829,2022-07-29 17:44:46,17:44:46,1336778.35,transfer,M00048,USD,failed,atm,D000414,63.104.229.120,debit_card,Kuala Lumpur,"21.597131,104.113187",64,F,2018-05-07,active,0.73,0,0,0,auto_approved,0.1301,2022
e3705fad-0a8b-45b6-97c5-3266277772e2,U000275,2022-11-08 05:46:33,05:46:33,1263396.24,cash_withdrawal,M00179,VND,success,pos,D000123,105.251.152.248,bank_transfer,Singapore,"9.532347,103.680708",42,M,2022-07-02,active,0.73,1,0,0,auto_approved,0.4243,2022
df3fdb44-8060-4f99-b464-302cd45b5cd0,U001963,2022-08-27 21:15:17,21:15:17,845909.19,purchase,M00456,VND,success,desktop,D000961,189.221.59.39,credit_card,Singapore,"20.963655,105.647559",37,M,2015-05-20,under_review,0.75,0,0,0,auto_approved,0.4341,2022
79e47c17-7543-49b2-9bef-cc52e42d227f,U001139,2022-10-27 20:19:26,20:19:26,706476.53,bill_payment,M00286,USD,success,pos,D000943,238.84.29.32,bank_transfer,Bangkok,"10.17274,105.317092",31,M,2020-03-17,active,0.76,0,1,1,pending_review,0.5183,2022
35d02970-4c44-4c51-abd6-7980259e063b,U000328,2022-04-16 20:11:01,20:11:01,418916.87,purchase,M00194,USD,success,mobile,D001723,119.111.54.98,mobile_wallet,Hanoi,"9.006131,103.643079",26,M,2015-01-20,active,0.82,0,0,0,auto_approved,0.0973,2022
f6f04ca2-3ba1-4a07-aa83-8b12c6a58133,U000599,2022-06-21 08:50:58,08:50:58,1260921.56,cash_withdrawal,M00156,USD,success,mobile,D001611,55.189.25.210,credit_card,Singapore,"17.422085,103.89254",31,M,2019-02-27,active,0.59,0,0,0,auto_approved,0.0664,2022
4b1f7be1-7e95-45c3-b320-9e8518bb1111,U001416,2022-06-18 11:56:38,11:56:38,212880.02,cash_withdrawal,M00362,USD,success,mobile,D000123,8.29.164.58,mobile_wallet,Bangkok,"15.813193,105.491808",56,F,2017-07-08,active,0.58,0,0,0,auto_approved,0.2875,2022
9918daff-17a5-49a0-94b2-59a538b9173a,U001668,2022-11-22 06:29:29,06:29:29,214771.4,online_payment,M00500,USD,success,desktop,D001591,189.193.253.9,credit_card,Bangkok,"10.307651,107.423563",65,M,2017-08-20,blocked,0.96,2,1,1,pending_review,0.5812,2022
f9292ca4-29f7-4901-95c3-bc767bc3667b,U001560,2022-12-04 14:07:35,14:07:35,346406.25,online_payment,M00494,USD,success,mobile,D000897,134.236.31.194,bank_transfer,Hanoi,"11.583176,104.774354",69,F,2016-06-06,active,0.87,0,0,0,auto_approved,0.3178,2022
30acb77c-5d2d-43bf-8b67-9fae25675612,U001321,2022-01-25 07:39:18,07:39:18,543693.48,online_payment,M00086,VND,success,pos,D000419,44.225.148.25,debit_card,Kuala Lumpur,"16.041762,103.924531",31,M,2016-03-20,under_review,0.6,0,0,0,auto_approved,0.1825,2022
f3c0d801-374d-4197-b639-f8fa40c8ef23,U000714,2022-07-13 00:49:35,00:49:35,599578.39,cash_withdrawal,M00369,USD,pending,atm,D002705,84.240.222.130,credit_card,Bangkok,"15.716276,102.622284",49,F,2016-12-08,active,0.91,0,0,0,auto_approved,0.0708,2022
078e35fc-91b3-4f75-8402-263fb06dfb65,U000435,2022-02-02 14:49:46,14:49:46,135568.55,transfer,M00366,VND,success,desktop,D000982,227.161.242.33,debit_card,Da Nang,"19.805313,106.017111",30,M,2021-05-05,active,0.45,0,0,0,auto_approved,0.1146,2022
2ce1e121-73e8-46a9-abed-05072c38e893,U001255,2022-06-17 13:41:50,13:41:50,302600.47,bill_payment,M00166,VND,success,mobile,D000557,121.95.94.133,credit_card,Ho Chi Minh City,"10.431125,107.023047",60,F,2014-07-31,active,0.88,0,0,0,auto_approved,0.418,2022
2e10caf9-e348-4048-89ed-247591de7379,U001483,2022-04-16 17:38:14,17:38:14,246059.05,transfer,M00421,VND,success,mobile,D002029,205.184.77.87,mobile_wallet,Da Nang,"16.62721,108.696622",34,F,2017-03-22,active,0.72,0,0,0,auto_approved,0.1405,2022
899c9167-3008-4f62-91a2-4003a73aaaa6,U001239,2022-06-18 15:59:39,15:59:39,1879928.86,bill_payment,M00368,VND,success,atm,D000421,34.120.217.212,debit_card,Hanoi,"21.748324,107.041834",46,F,2021-09-05,active,0.92,0,0,0,auto_approved,0.4243,2022
c685088a-7f46-4ba8-80cc-38442a77effd,U001278,2022-08-23 09:38:43,09:38:43,955488.44,purchase,M00202,VND,success,atm,D002685,247.142.142.184,debit_card,Bangkok,"21.545562,102.276842",42,F,2019-08-24,active,0.49,0,0,0,auto_approved,0.102,2022
270df08c-89c3-4e67-8aca-2dbf0f2ce2c5,U001164,2022-10-01 15:01:03,15:01:03,667647.14,transfer,M00031,USD,success,atm,D000602,98.225.93.42,mobile_wallet,Hanoi,"8.927758,104.243899",22,F,2014-07-15,active,0.51,0,0,0,auto_approved,0.0875,2022
a3fea97b-4f41-4054-8b7c-58d9d0ce9b8d,U001643,2022-01-13 08:07:36,08:07:36,567793.24,purchase,M00028,USD,success,mobile,D000081,43.73.248.160,debit_card,Ho Chi Minh City,"8.772931,104.317311",24,F,2016-09-05,active,0.6,0,0,0,auto_approved,0.1477,2022
1de4a172-9d51-4e0f-bf89-ee2110f1f9e3,U001065,2022-08-27 06:37:33,06:37:33,240343.41,cash_withdrawal,M00329,VND,success,pos,D000090,186.104.107.41,credit_card,Kuala Lumpur,"17.247878,105.547737",67,M,2020-10-15,active,0.72,0,0,0,auto_approved,0.354,2022
887fc189-fd36-4b80-bcce-bf865759fcd7,U001186,2022-09-12 22:55:17,22:55:17,112490.33,cash_withdrawal,M00300,USD,success,pos,D001471,163.16.220.190,bank_transfer,Ho Chi Minh City,"13.264802,102.387782",20,M,2014-09-18,active,1.0,1,0,0,auto_approved,0.2289,2022
2f5a96b4-b0df-4c8a-a669-7a2ca359cede,U001720,2022-08-11 06:32:34,06:32:34,604695.93,cash_withdrawal,M00171,USD,success,desktop,D002634,11.210.112.91,debit_card,Kuala Lumpur,"11.428675,106.291587",26,M,2017-04-05,active,0.51,0,0,0,auto_approved,0.2923,2022
a8821ed8-14f7-492b-8508-03a1b3e2dbd5,U001736,2022-12-26 08:19:26,08:19:26,120631.94,purchase,M00054,VND,success,atm,D000491,125.220.112.39,credit_card,Da Nang,"19.874029,103.389018",37,F,2021-09-02,active,0.89,0,0,0,auto_approved,0.2025,2022
2e14465d-6162-4699-bc16-23590f819934,U000900,2022-01-16 18:52:23,18:52:23,504166.81,bill_payment,M00420,USD,success,atm,D001738,222.54.85.233,credit_card,Bangkok,"10.545706,102.070768",36,F,2017-09-23,active,0.84,0,0,0,auto_approved,0.1284,2022
31268faf-8916-4f30-9822-608a5e97c890,U000340,2022-12-25 15:15:51,15:15:51,112111.83,cash_withdrawal,M00330,USD,failed,atm,D002322,74.246.7.77,credit_card,Hanoi,"17.933391,107.034184",55,M,2017-02-09,active,0.75,0,0,0,auto_approved,0.2397,2022
15da8da3-c960-4875-b22e-f1d78b3a96dc,U000515,2022-10-21 12:39:50,12:39:50,364372.35,purchase,M00435,USD,failed,atm,D001357,52.201.85.175,bank_transfer,Hanoi,"9.334764,104.123134",23,F,2017-04-08,active,0.82,0,0,0,auto_approved,0.1617,2022
13885ad4-8080-4cc2-bb6c-8fa38bc54e64,U001953,2022-03-25 17:32:26,17:32:26,1087695.28,cash_withdrawal,M00477,VND,success,atm,D000336,47.55.32.62,credit_card,Da Nang,"8.915638,102.176766",24,M,2020-09-02,active,0.98,0,0,0,auto_approved,0.1978,2022
2d4502c9-7fbb-47b9-9d2c-973e095fdfa1,U000407,2022-05-27 17:02:23,17:02:23,117376.14,transfer,M00028,VND,success,atm,D002795,203.185.114.171,debit_card,Kuala Lumpur,"10.345292,102.14047",70,F,2014-11-27,under_review,0.49,0,0,0,auto_approved,0.2412,2022
f405d453-c270-47a6-99b3-0c6fd0b72580,U001348,2022-08-24 13:59:24,13:59:24,1625512.64,transfer,M00160,VND,success,mobile,D000542,170.10.123.28,bank_transfer,Da Nang,"14.786077,105.912443",46,M,2016-03-14,active,0.94,0,0,0,auto_approved,0.2538,2022
5470f1bb-6e46-44f5-ac5d-ef508d3510ef,U001703,2022-10-30 12:50:29,12:50:29,134901.55,bill_payment,M00046,USD,success,atm,D000366,226.17.156.101,mobile_wallet,Singapore,"14.779818,107.26311",19,F,2015-07-08,active,0.77,0,0,0,auto_approved,0.2235,2022
9ae5fc98-eddd-446e-9921-e7ace49ae124,U000002,2022-01-27 01:53:36,01:53:36,335462.98,bill_payment,M00201,USD,success,pos,D002195,2.2.196.252,credit_card,Singapore,"19.195495,105.939498",38,M,2018-12-19,active,0.76,1,0,0,auto_approved,0.2773,2022
48653c04-a7bf-49a1-9328-cdff8e0166a1,U000666,2022-05-11 19:27:37,19:27:37,766058.48,cash_withdrawal,M00140,USD,success,pos,D001408,32.174.71.179,bank_transfer,Hanoi,"14.598894,106.585713",66,M,2020-02-09,active,0.48,0,0,0,auto_approved,0.0811,2022
4131db10-640c-42ab-a3c4-2857902242bd,U000474,2022-06-16 18:37:22,18:37:22,62806.61,purchase,M00056,VND,success,pos,D000271,233.54.111.88,credit_card,Hanoi,"12.168317,102.181631",20,F,2020-05-30,active,0.59,0,0,0,auto_approved,0.4454,2022
4fd8a3dd-0427-4246-bcd9-65c8a71d1f97,U001135,2022-12-18 19:54:32,19:54:32,581951.01,transfer,M00460,VND,success,atm,D002867,88.68.36.234,mobile_wallet,Bangkok,"16.558704,106.324389",41,F,2018-07-19,active,0.53,1,0,0,auto_approved,0.2862,2022
251f1997-ffbf-4595-a2c4-2188d8d9e894,U001244,2022-01-24 09:44:39,09:44:39,385876.2,cash_withdrawal,M00064,USD,success,desktop,D001610,57.170.69.72,credit_card,Singapore,"13.912964,106.192425",58,F,2017-10-03,active,0.83,0,1,0,auto_approved,0.5985,2022
cc1aa18a-5e6e-44be-bbaa-889da22f9bcf,U001887,2022-11-12 02:22:49,02:22:49,110201.13,transfer,M00233,VND,success,pos,D002543,117.87.37.207,bank_transfer,Bangkok,"17.563555,103.264451",44,F,2020-04-08,active,0.48,0,0,0,auto_approved,0.0379,2022
104987d0-05fe-4e0b-8147-ef767a3babd6,U001524,2022-03-16 18:47:33,18:47:33,620729.93,transfer,M00290,USD,success,mobile,D000538,25.2.7.38,bank_transfer,Ho Chi Minh City,"12.634791,102.643837",68,M,2018-08-24,active,0.68,0,0,0,auto_approved,0.2651,2022
55f7c3c3-f118-43b7-93ea-d4e6537b4e62,U001485,2022-06-15 00:36:41,00:36:41,232970.69,bill_payment,M00180,USD,success,mobile,D001280,4.27.69.72,mobile_wallet,Bangkok,"19.216425,106.044121",49,F,2016-12-22,active,0.52,0,0,0,auto_approved,0.1351,2022
c06388bd-cc18-469a-8a15-e2ad6a66a161,U001694,2022-05-29 10:47:26,10:47:26,2675635.75,transfer,M00414,VND,success,mobile,D002829,156.162.96.33,bank_transfer,Da Nang,"8.433635,102.13356",38,F,2015-09-15,active,0.93,0,0,0,auto_approved,0.2294,2022
4e968527-476a-4b79-810d-6a9c548371c4,U001653,2022-10-31 03:18:05,03:18:05,146557.92,cash_withdrawal,M00306,VND,success,pos,D001450,19.179.79.58,credit_card,Bangkok,"20.34437,104.693858",40,F,2018-06-27,active,0.56,0,0,0,auto_approved,0.3882,2022
197727a3-80e3-4c69-9a0c-ff85d71a6645,U001531,2022-05-28 00:35:13,00:35:13,1434607.17,purchase,M00275,VND,success,desktop,D000722,43.191.90.7,debit_card,Bangkok,"16.430524,104.944858",67,F,2014-12-09,active,0.76,0,0,0,auto_approved,0.0245,2022
5d2efdd4-f9d9-4e84-884c-c94b7a037a03,U000780,2022-11-23 19:22:37,19:22:37,383406.78,transfer,M00168,VND,success,atm,D001878,96.41.125.12,debit_card,Hanoi,"20.636372,105.844082",58,M,2015-06-20,active,0.47,0,0,0,auto_approved,0.2197,2022
af6f41fb-5b58-4d78-beae-af306e52ba7c,U001031,2022-10-21 15:42:33,15:42:33,52355.12,online_payment,M00133,VND,success,atm,D000254,105.26.104.175,debit_card,Ho Chi Minh City,"11.370571,107.583272",30,F,2016-05-30,active,0.57,0,0,0,auto_approved,0.3402,2022
d4f3c48c-bda3-4110-84ae-5e5851efce93,U000607,2022-12-31 02:41:42,02:41:42,595659.72,online_payment,M00294,USD,success,desktop,D001809,170.40.240.18,credit_card,Kuala Lumpur,"12.582166,102.255622",31,M,2022-10-27,active,0.86,0,1,1,pending_review,0.2104,2022
7a642e57-6e69-4f25-ab00-3271bceb9f63,U000685,2022-10-13 19:27:52,19:27:52,1722405.51,purchase,M00442,USD,success,pos,D000336,24.216.16.55,debit_card,Hanoi,"13.167016,104.596958",42,M,2020-05-28,active,0.72,0,0,0,auto_approved,0.238,2022
c86d2fc8-3191-4c2d-b497-dbe0351f32c2,U000163,2022-07-27 23:34:30,23:34:30,888548.56,cash_withdrawal,M00314,USD,success,desktop,D000383,66.137.216.116,credit_card,Ho Chi Minh City,"11.51274,102.287491",53,F,2016-07-19,active,0.72,0,1,1,pending_review,0.5484,2022
01bfc68f-e696-4a12-9f3e-5f2a96f2fd15,U000854,2022-07-04 22:05:10,22:05:10,980436.13,purchase,M00144,VND,success,desktop,D002366,140.98.242.106,debit_card,Ho Chi Minh City,"17.434103,104.2352",37,M,2019-08-17,active,0.57,0,0,0,auto_approved,0.4123,2022
3b432483-cd2b-42df-8c0e-59e298cd62e7,U001927,2022-05-13 05:11:13,05:11:13,68555.39,cash_withdrawal,M00271,USD,success,atm,D000801,251.55.3.50,credit_card,Da Nang,"9.255683,106.53818",55,F,2014-03-18,active,0.97,0,0,0,auto_approved,0.2912,2022
274e6e26-39cb-4378-8b0f-fd8a78732927,U001858,2022-06-10 05:26:04,05:26:04,458384.02,cash_withdrawal,M00015,USD,success,desktop,D000433,92.19.169.52,mobile_wallet,Hanoi,"11.82196,107.029514",23,M,2020-08-11,active,0.79,0,0,0,auto_approved,0.3294,2022
c7d9b4db-70d9-427d-9275-8b8d3ca06f08,U000221,2022-05-29 03:42:33,03:42:33,32930.65,transfer,M00460,VND,success,atm,D000830,246.252.67.12,credit_card,Singapore,"17.983179,105.542825",64,F,2017-04-12,active,0.47,0,0,0,auto_approved,0.3957,2022
bcf5ae76-f708-44a6-8437-53d56db4ed5a,U001673,2022-11-29 05:41:57,05:41:57,47531.46,purchase,M00218,VND,success,mobile,D000612,177.10.39.143,credit_card,Singapore,"9.612093,107.334398",64,F,2016-02-21,active,0.98,0,0,0,auto_approved,0.443,2022
433ed318-49c3-48f9-95e6-4025a17c4a14,U000572,2022-07-16 14:50:53,14:50:53,919888.53,transfer,M00413,USD,pending,atm,D000861,81.240.124.230,credit_card,Ho Chi Minh City,"21.380223,105.750047",32,F,2015-01-17,active,0.95,0,0,0,auto_approved,0.0181,2022
b644edf7-356d-4ac0-bb37-36620d12d3e1,U001964,2022-08-20 04:34:14,04:34:14,239008.99,transfer,M00079,USD,success,atm,D000799,176.33.6.70,debit_card,Singapore,"18.944246,105.421677",28,M,2021-11-03,active,0.89,0,0,0,auto_approved,0.2864,2022
c5a3cf66-11ee-4053-9633-1883b1b34616,U001308,2022-11-09 11:37:21,11:37:21,1219243.69,bill_payment,M00059,VND,success,pos,D001731,75.78.87.12,credit_card,Bangkok,"18.217409,103.822535",53,F,2021-09-16,active,0.83,0,0,0,auto_approved,0.2574,2022
e41c6a86-40a2-4703-99d1-a9bb48446a22,U000095,2022-05-29 10:08:57,10:08:57,2134032.35,online_payment,M00462,USD,success,pos,D002506,136.172.58.111,bank_transfer,Singapore,"14.987517,103.031506",22,F,2019-04-15,active,0.94,0,0,0,auto_approved,0.4287,2022
e2da2f4b-1216-45dc-ab63-038f5c497ce3,U000706,2022-08-18 10:33:47,10:33:47,49647.91,cash_withdrawal,M00201,VND,success,pos,D002953,131.129.36.108,credit_card,Hanoi,"18.538758,108.29209",45,M,2018-02-24,active,0.91,0,0,0,auto_approved,0.3166,2022
184b1544-9a03-4bfb-b540-918a0c23208b,U001256,2022-01-03 15:42:02,15:42:02,480272.36,online_payment,M00214,USD,success,pos,D002792,67.171.249.203,bank_transfer,Bangkok,"12.032213,107.465581",42,F,2020-12-01,active,0.94,0,1,0,auto_approved,0.3495,2022
1c9d6913-b7f9-44c8-aa24-568b10450d74,U000595,2022-12-13 04:01:18,04:01:18,311693.47,bill_payment,M00390,VND,success,mobile,D001419,247.9.197.39,bank_transfer,Kuala Lumpur,"14.666647,104.295494",58,M,2021-02-09,active,0.91,1,0,0,auto_approved,0.4424,2022
198e6d15-51fc-4237-b822-3da49eae9154,U001153,2022-10-25 00:04:59,00:04:59,2255073.13,online_payment,M00397,VND,success,desktop,D000052,45.148.213.128,bank_transfer,Kuala Lumpur,"12.379168,103.261591",63,M,2015-02-13,active,0.48,1,1,1,pending_review,0.4886,2022
0a4848db-9bc7-4326-a8c7-41a0218d932d,U000794,2022-03-27 18:42:22,18:42:22,1111651.26,bill_payment,M00261,USD,success,atm,D000573,207.6.173.59,credit_card,Ho Chi Minh City,"17.466448,104.47665",50,M,2017-08-10,active,0.51,0,0,0,auto_approved,0.3586,2022
11ace978-ce91-4301-b823-aa9ee3594769,U001618,2022-10-24 04:19:45,04:19:45,87044.18,online_payment,M00012,USD,success,desktop,D002420,84.74.234.243,debit_card,Singapore,"8.894822,107.28277",33,M,2016-08-02,active,0.79,0,0,0,auto_approved,0.3831,2022
9256f0e9-f2fc-454a-9ad7-355e5d06dc07,U000486,2022-06-17 13:23:16,13:23:16,326560.49,bill_payment,M00210,USD,success,atm,D000096,59.197.127.106,mobile_wallet,Da Nang,"12.315405,106.57941",41,M,2015-08-06,active,0.76,1,0,0,auto_approved,0.4806,2022
77f181f5-1883-4740-bfe6-a30e0434a4ac,U000834,2022-07-16 21:58:09,21:58:09,1348865.11,bill_payment,M00429,USD,success,mobile,D002448,85.19.254.9,credit_card,Da Nang,"15.025132,102.606631",65,F,2018-04-13,active,0.47,0,0,0,auto_approved,0.3948,2022
34dfd430-c156-41d9-a16b-4d3d42a4185e,U000256,2022-10-10 10:21:30,10:21:30,99741.33,online_payment,M00129,VND,success,pos,D000084,178.53.108.14,bank_transfer,Hanoi,"18.607547,103.002781",49,M,2014-08-24,active,0.94,0,0,0,auto_approved,0.4032,2022
a4324162-d280-4b9f-a1b0-f43dff784a0b,U000295,2022-07-28 19:03:49,19:03:49,1295987.76,purchase,M00173,USD,success,desktop,D000168,26.249.122.118,mobile_wallet,Singapore,"14.353349,104.564561",47,M,2020-02-14,active,0.84,1,0,0,auto_approved,0.3773,2022
f8028e29-54e4-4690-85b6-89c6cae6d352,U001028,2022-12-27 06:11:02,06:11:02,709653.61,online_payment,M00376,USD,success,atm,D001364,193.227.96.195,debit_card,Singapore,"16.715877,105.896399",50,M,2018-02-15,active,0.92,0,0,0,auto_approved,0.3082,2022
5a89cf6e-9fdf-46f1-a0ca-5baf39bfc88a,U001061,2022-08-09 22:15:07,22:15:07,529374.81,bill_payment,M00287,USD,success,pos,D001933,217.142.173.123,credit_card,Da Nang,"19.652072,103.702463",55,M,2017-07-13,active,0.67,0,0,0,auto_approved,0.3213,2022
2bc0e017-f760-4542-ad72-f5e08990b964,U000920,2022-10-15 18:36:29,18:36:29,643829.12,bill_payment,M00091,USD,success,atm,D002746,22.232.218.52,mobile_wallet,Hanoi,"14.310631,108.300245",41,F,2019-12-25,active,0.49,0,0,0,auto_approved,0.1733,2022
21488d84-f934-497b-bc55-2bf319252d74,U001399,2022-07-19 08:12:47,08:12:47,533471.77,transfer,M00365,USD,success,atm,D001039,164.207.178.131,credit_card,Kuala Lumpur,"13.925681,103.207439",35,M,2014-07-27,active,0.47,0,0,0,auto_approved,0.098,2022
516c97a7-1049-475d-bf55-736be5a20224,U000904,2022-01-19 14:02:37,14:02:37,1572825.07,purchase,M00036,USD,success,desktop,D001098,190.19.54.100,debit_card,Bangkok,"10.582619,103.662195",44,F,2015-05-09,active,0.89,0,0,0,auto_approved,0.4005,2022
730dc997-2078-40e5-b881-7f3ab92c6c4b,U000514,2022-06-17 01:50:10,01:50:10,56280.96,transfer,M00392,USD,success,mobile,D001089,209.55.252.224,bank_transfer,Singapore,"9.784782,106.179842",29,M,2016-03-08,active,0.64,0,0,0,auto_approved,0.4039,2022
495eec3b-7a6d-4d4d-8beb-c03018e20790,U001966,2022-01-13 19:46:07,19:46:07,469760.35,transfer,M00043,VND,success,pos,D001397,248.50.215.101,bank_transfer,Hanoi,"16.781137,108.912277",55,F,2016-06-14,blocked,0.5,0,0,0,auto_approved,0.2519,2022
a9df62c7-94b3-4137-bca1-9c185effe10f,U001201,2022-11-07 20:18:23,20:18:23,784357.17,bill_payment,M00417,VND,success,atm,D001582,58.166.50.22,bank_transfer,Ho Chi Minh City,"14.662771,106.70034",57,F,2020-02-20,active,0.76,0,0,0,auto_approved,0.448,2022
cb2f5c2a-8c63-4284-a3a1-91f1716fcff0,U001569,2022-12-01 22:21:03,22:21:03,366847.17,online_payment,M00206,VND,success,desktop,D000716,154.130.214.175,bank_transfer,Da Nang,"17.639168,105.649699",38,F,2015-09-09,active,0.5,0,0,0,auto_approved,0.2477,2022
eba7e5c4-8bc1-4a02-a2cf-01c0dc108351,U001425,2022-04-23 19:42:06,19:42:06,101448.9,transfer,M00273,VND,success,pos,D002846,213.98.12.252,bank_transfer,Singapore,"17.803312,107.392351",67,M,2019-10-01,active,0.7,0,0,0,auto_approved,0.3042,2022
0ba3fd44-d6b6-4203-a622-b251e3284c62,U001413,2022-02-08 21:52:27,21:52:27,621836.03,purchase,M00498,USD,success,desktop,D002183,137.115.247.217,bank_transfer,Singapore,"10.456334,104.212599",37,F,2018-05-01,active,0.89,0,0,0,auto_approved,0.1191,2022
559d5132-9c74-414f-8c40-5bfef5200af7,U000900,2022-12-16 00:40:36,00:40:36,555080.69,online_payment,M00127,VND,pending,atm,D002432,137.86.174.171,debit_card,Da Nang,"12.623784,108.856508",27,M,2020-09-01,active,0.48,1,0,0,auto_approved,0.2817,2022
da5baeb7-3abf-4434-8a28-54cd2ae6eea3,U001263,2022-10-16 17:31:34,17:31:34,1589937.78,transfer,M00178,VND,success,pos,D002667,91.105.99.141,debit_card,Singapore,"9.166113,107.893795",69,M,2015-04-24,active,0.5,0,0,0,auto_approved,0.1441,2022
6b07b16a-c558-47e9-8ac1-ce730ff9eac0,U001073,2022-05-10 05:14:37,05:14:37,116701.22,online_payment,M00049,USD,success,pos,D000920,76.97.13.196,mobile_wallet,Bangkok,"10.413338,103.025939",28,M,2016-03-09,active,0.52,0,0,0,auto_approved,0.0484,2022
2c23f991-b303-40db-a45d-e7046242a507,U000020,2022-11-19 17:39:28,17:39:28,228739.01,bill_payment,M00086,USD,failed,atm,D000897,44.58.142.123,mobile_wallet,Singapore,"20.197689,108.113921",19,M,2022-02-10,active,0.76,0,0,0,auto_approved,0.1925,2022
e7f65841-a3e6-4a79-a610-145542bffe04,U001721,2022-12-04 10:42:49,10:42:49,298402.89,cash_withdrawal,M00366,VND,success,mobile,D000776,117.133.49.242,debit_card,Da Nang,"15.520218,106.775678",41,M,2015-02-02,active,0.96,1,0,0,auto_approved,0.211,2022
31f9ecbd-766c-4b64-b2c0-7fc6cfeb9b28,U000895,2022-07-03 08:56:54,08:56:54,520973.81,cash_withdrawal,M00265,USD,success,desktop,D000090,105.65.142.118,debit_card,Kuala Lumpur,"18.840411,106.568151",25,M,2019-01-05,active,0.76,0,0,0,auto_approved,0.2014,2022
f94fa65e-c3ec-4741-acb6-ebe606d37d5c,U001191,2022-06-01 12:56:56,12:56:56,59954.87,cash_withdrawal,M00094,VND,success,pos,D001399,219.64.250.229,mobile_wallet,Hanoi,"13.199373,102.279213",41,M,2014-06-19,active,0.46,0,0,0,auto_approved,0.3609,2022
14d86a2c-b86b-4636-ba51-7994a7d9a31d,U001542,2022-10-24 20:46:49,20:46:49,655601.09,online_payment,M00025,VND,success,atm,D002958,149.148.129.218,credit_card,Da Nang,"21.887618,106.751952",40,M,2014-10-18,active,0.45,0,0,0,auto_approved,0.0541,2022
6eef06e5-5912-4c62-8799-458c24f7275e,U000216,2022-11-23 13:56:11,13:56:11,1544078.05,purchase,M00403,VND,success,mobile,D001297,39.151.250.68,bank_transfer,Kuala Lumpur,"20.600615,107.718715",58,M,2015-06-18,active,0.68,0,0,0,auto_approved,0.2587,2022
c05e17a7-858c-42e6-8b12-36037f840a70,U001472,2022-05-19 23:33:13,23:33:13,602519.63,transfer,M00267,USD,success,desktop,D001101,153.149.17.140,debit_card,Kuala Lumpur,"11.525694,108.781227",62,M,2018-12-04,active,0.51,0,0,0,auto_approved,0.341,2022
cb772f5f-7c45-4bd8-8aff-c0d60ed91182,U001414,2022-11-21 12:27:32,12:27:32,384725.99,bill_payment,M00166,USD,success,mobile,D002503,220.114.5.37,credit_card,Da Nang,"15.014191,108.625485",23,F,2020-11-15,active,0.49,0,0,0,auto_approved,0.3004,2022
7845201b-2233-4cfa-970c-aa10892983f4,U001389,2022-02-23 10:03:54,10:03:54,745566.48,transfer,M00264,USD,success,desktop,D001419,236.212.149.191,mobile_wallet,Da Nang,"21.597655,103.65404",44,M,2020-09-14,active,0.91,0,1,0,auto_approved,0.5641,2022
71a0a04d-4e38-4bc9-a2ec-853885014167,U001137,2022-03-21 09:36:06,09:36:06,366285.93,transfer,M00106,VND,success,atm,D001147,248.153.30.48,bank_transfer,Ho Chi Minh City,"9.610199,104.423008",66,F,2020-06-29,active,0.5,0,0,0,auto_approved,0.1123,2022
ff91f93e-4329-4f5a-8383-20e3c848d0f8,U000155,2022-08-30 06:49:47,06:49:47,556297.09,bill_payment,M00049,USD,success,desktop,D002122,173.222.1.71,bank_transfer,Da Nang,"10.389391,107.262255",61,F,2020-01-11,active,0.64,0,0,0,auto_approved,0.2244,2022
86d5036b-a8a1-482b-8a37-ba2fc3cf2faa,U000161,2022-02-04 16:18:13,16:18:13,2080314.77,bill_payment,M00172,VND,pending,desktop,D002286,225.107.74.67,credit_card,Singapore,"10.067114,102.517906",50,M,2014-06-05,active,0.85,0,0,0,auto_approved,0.4315,2022
2883d2e8-03ab-4f6b-a179-30824681b2c1,U001192,2022-09-03 06:02:26,06:02:26,137994.56,bill_payment,M00146,VND,success,atm,D000946,143.214.58.76,bank_transfer,Ho Chi Minh City,"13.698229,104.153593",59,F,2018-06-09,active,0.94,0,0,0,auto_approved,0.3683,2022
a4d54b87-de68-4e4e-b7b2-fc39964851a4,U001586,2022-01-09 20:02:22,20:02:22,71647.04,cash_withdrawal,M00438,USD,success,desktop,D000787,76.104.194.104,credit_card,Bangkok,"16.378353,106.027971",36,M,2019-08-22,active,0.58,0,0,0,auto_approved,0.2222,2022
6164203e-74c0-4e40-8b49-ad21991f0342,U001276,2022-10-24 21:07:23,21:07:23,292295.05,bill_payment,M00456,USD,success,atm,D002210,18.57.156.184,mobile_wallet,Kuala Lumpur,"8.779183,108.048962",53,M,2021-04-28,active,0.77,0,0,0,auto_approved,0.1616,2022
ae4e6943-6917-4b3c-9287-605e2a2fd874,U001323,2022-12-06 00:30:39,00:30:39,140355.73,purchase,M00029,USD,failed,pos,D000701,170.173.202.237,bank_transfer,Ho Chi Minh City,"9.382707,105.897647",21,F,2022-01-13,active,0.56,0,0,0,auto_approved,0.1489,2022
e44d8cc1-2a8d-4a57-93f4-800ff5716ffc,U000177,2022-11-04 21:20:53,21:20:53,817059.93,transfer,M00334,VND,success,pos,D002666,171.89.1.117,debit_card,Hanoi,"10.875813,108.477474",48,M,2017-11-03,active,0.69,0,0,0,auto_approved,0.0414,2022
933b2c75-7b8f-4fce-966d-a2e443b6fd2c,U000098,2022-09-04 02:30:51,02:30:51,438283.51,online_payment,M00134,VND,success,mobile,D000823,147.222.68.110,bank_transfer,Ho Chi Minh City,"17.150929,107.005728",18,M,2017-12-21,active,0.66,0,0,0,auto_approved,0.4255,2022
488ff92d-f048-475c-b811-27759155813e,U001509,2022-03-24 23:40:06,23:40:06,33011.46,cash_withdrawal,M00434,VND,success,pos,D000141,177.216.100.130,debit_card,Kuala Lumpur,"8.504582,108.046462",63,M,2016-06-16,active,0.96,0,1,0,auto_approved,0.6017,2022
b9036b17-c100-4772-9730-df99e0e1c5a8,U001799,2022-11-03 17:54:17,17:54:17,173174.16,bill_payment,M00226,USD,success,pos,D002642,46.241.44.255,mobile_wallet,Singapore,"14.969581,102.022965",43,F,2020-05-01,active,0.68,0,0,0,auto_approved,0.0773,2022
6a878d8e-92c2-4cb5-bc08-ee44daf4c1dc,U001256,2022-07-17 03:11:51,03:11:51,2516883.99,purchase,M00184,VND,pending,mobile,D000241,30.222.216.94,debit_card,Ho Chi Minh City,"14.726984,104.973687",20,M,2015-09-26,blocked,0.67,0,0,0,auto_approved,0.1471,2022
fa360f53-69ea-4f24-ab54-a5ac86db8abf,U001177,2022-02-15 11:51:49,11:51:49,529845.74,cash_withdrawal,M00447,VND,success,pos,D002099,42.21.211.97,debit_card,Kuala Lumpur,"20.407257,106.993685",65,F,2021-09-11,active,0.62,0,0,0,auto_approved,0.1696,2022
4bf69f93-4d73-405f-8a7b-85f84b03760b,U000265,2022-05-15 11:16:54,11:16:54,154641.24,online_payment,M00070,USD,success,mobile,D000725,170.143.66.16,bank_transfer,Hanoi,"12.890535,102.178781",33,M,2020-07-16,active,0.47,0,0,0,auto_approved,0.2061,2022
243126ed-e796-4cc4-a3ec-9694e10f5579,U001374,2022-08-25 07:05:46,07:05:46,166193.9,purchase,M00027,VND,success,mobile,D001410,203.115.104.205,mobile_wallet,Ho Chi Minh City,"18.149856,102.853129",65,M,2016-04-06,active,1.0,0,0,0,auto_approved,0.2592,2022
999537db-4479-44ed-8a6d-11454e9e994c,U001825,2022-02-20 21:12:52,21:12:52,238800.39,cash_withdrawal,M00290,USD,success,atm,D002742,230.89.237.51,bank_transfer,Bangkok,"9.309151,105.12474",34,F,2014-01-28,active,0.86,0,0,0,auto_approved,0.1688,2022
b07c7f62-086e-418b-a5f2-798c9c74811d,U000248,2022-07-26 13:46:47,13:46:47,938542.56,cash_withdrawal,M00311,VND,success,atm,D002505,235.215.73.158,mobile_wallet,Da Nang,"20.728072,106.838871",66,M,2021-05-01,active,0.73,0,0,0,auto_approved,0.3546,2022
211e40c3-7972-4144-bed0-95ceeb37c6da,U000970,2022-08-18 08:35:08,08:35:08,419594.82,bill_payment,M00044,USD,success,pos,D000802,63.188.6.49,bank_transfer,Ho Chi Minh City,"9.134936,106.650921",32,M,2019-07-16,active,0.7,0,0,0,auto_approved,0.0668,2022
14530eb1-8fa2-4b3d-84e1-8caf8d1e4b67,U001838,2022-12-31 04:02:29,04:02:29,6933.48,bill_payment,M00375,USD,success,pos,D000112,25.73.156.12,mobile_wallet,Singapore,"17.674787,103.446773",68,M,2015-01-28,active,0.84,0,0,0,auto_approved,0.1352,2022
7d13e61d-d2d6-4ea9-b2bb-e80075a67dfc,U000202,2022-08-07 22:01:33,22:01:33,485469.28,transfer,M00189,VND,success,atm,D000845,157.25.203.75,mobile_wallet,Ho Chi Minh City,"20.635622,105.71399",55,F,2015-11-06,active,0.92,0,0,0,auto_approved,0.4144,2022
1d9fea66-cb55-4bbd-bb5c-7abc37cc4667,U000524,2022-01-30 08:42:18,08:42:18,209320.94,cash_withdrawal,M00097,USD,success,desktop,D002532,213.64.127.14,mobile_wallet,Hanoi,"11.554362,105.374008",56,F,2019-10-21,active,0.45,0,0,0,auto_approved,0.2787,2022
741c8006-7b0e-4a43-a4eb-ba639d2ba78a,U000117,2022-05-23 23:50:59,23:50:59,442182.35,purchase,M00104,USD,success,pos,D002080,116.82.23.250,credit_card,Bangkok,"16.113287,106.672005",42,M,2016-02-16,active,0.68,0,0,0,auto_approved,0.3187,2022
a1e2fdb9-ee44-41ff-9843-cbdc43ac1ee5,U001054,2022-06-04 19:29:53,19:29:53,37318.01,cash_withdrawal,M00458,USD,success,mobile,D000418,195.95.49.76,bank_transfer,Singapore,"14.909444,107.555092",55,M,2020-01-16,active,0.52,0,0,0,auto_approved,0.2921,2022
130ba965-3202-4c31-8f42-f42c311af6dd,U001376,2022-06-18 18:03:47,18:03:47,165079.56,bill_payment,M00160,VND,success,mobile,D000461,254.211.62.185,credit_card,Hanoi,"20.067445,106.248286",31,M,2017-08-20,active,0.87,0,0,0,auto_approved,0.3622,2022
3579f08b-950c-49a9-9c0c-b5ebe353716d,U001682,2022-08-18 20:02:24,20:02:24,129257.22,online_payment,M00013,VND,success,desktop,D002816,140.224.174.2,credit_card,Kuala Lumpur,"10.235751,103.643047",57,M,2017-03-09,active,0.86,0,0,0,auto_approved,0.2523,2022
1954410d-d448-4915-8c13-8cd2e132c246,U000957,2022-02-02 03:20:01,03:20:01,1488609.83,online_payment,M00448,VND,success,atm,D002880,216.173.142.31,bank_transfer,Kuala Lumpur,"13.411088,102.057896",58,M,2018-12-29,active,0.93,0,0,0,auto_approved,0.2437,2022
f5666993-79ad-4ddc-b9d3-4fc73e0c7f3c,U000951,2022-11-15 08:34:35,08:34:35,162566.51,bill_payment,M00193,VND,success,desktop,D000908,217.110.217.11,credit_card,Kuala Lumpur,"11.405402,103.841103",31,M,2019-07-24,active,0.7,0,0,0,auto_approved,0.3677,2022
d5d928b9-bff1-4acb-af14-d91d86297f81,U001807,2022-11-07 11:43:32,11:43:32,96577.71,online_payment,M00144,USD,success,pos,D000010,98.145.215.30,mobile_wallet,Hanoi,"10.388324,105.612725",41,M,2017-06-26,active,0.98,0,0,0,auto_approved,0.0896,2022
7ba1104f-5862-47e1-9189-073f057c428e,U001531,2022-01-14 05:18:59,05:18:59,79269.98,cash_withdrawal,M00323,VND,success,mobile,D002478,172.190.128.63,mobile_wallet,Da Nang,"11.207993,103.254397",34,M,2016-04-25,active,0.78,0,0,0,auto_approved,0.2241,2022
4733b159-1771-4fa1-9f1e-1b7c703819f7,U001359,2022-09-07 12:47:31,12:47:31,1125842.55,online_payment,M00123,USD,success,atm,D001939,38.51.225.70,bank_transfer,Bangkok,"18.274082,104.774544",19,F,2018-03-16,active,0.9,0,0,0,auto_approved,0.1647,2022
2611298d-a027-4572-9fee-aa9e6486a258,U000295,2022-06-15 07:11:38,07:11:38,449398.73,cash_withdrawal,M00450,USD,success,pos,D002807,98.127.69.30,debit_card,Da Nang,"11.496956,106.953115",44,M,2017-08-27,active,0.7,0,0,0,auto_approved,0.0278,2022
c459d42f-e6aa-4856-8139-ba0d1b58efb1,U001106,2022-02-02 13:00:49,13:00:49,354509.37,purchase,M00479,USD,success,atm,D000905,205.66.59.210,mobile_wallet,Kuala Lumpur,"17.806788,104.595143",25,M,2014-02-23,active,0.97,0,0,0,auto_approved,0.0651,2022
dd8cd6e1-ba76-4983-bf4b-e9b7a74193cb,U001693,2022-08-14 17:44:57,17:44:57,1300557.63,online_payment,M00424,VND,pending,pos,D000029,172.229.219.55,debit_card,Hanoi,"16.849215,102.775408",25,M,2015-10-02,active,0.51,0,0,0,auto_approved,0.2731,2022
96cf5908-5a4b-47f0-96be-a0dfd594a853,U001783,2022-01-31 08:40:11,08:40:11,2683715.19,purchase,M00305,USD,success,pos,D000435,160.26.161.236,credit_card,Kuala Lumpur,"19.787445,106.984612",21,F,2017-10-09,active,0.47,0,0,0,auto_approved,0.0907,2022
2be5e34a-906a-4280-a266-22fe8ca6291f,U001150,2022-04-30 19:26:38,19:26:38,217668.09,bill_payment,M00317,VND,success,atm,D000557,82.48.35.5,debit_card,Ho Chi Minh City,"8.968256,108.765251",25,F,2016-06-27,active,0.71,0,0,0,auto_approved,0.1961,2022
c4a3479a-90ef-4ece-a1f8-1af049ecef85,U000870,2022-08-26 21:23:41,21:23:41,122390.53,transfer,M00132,VND,pending,desktop,D000405,242.114.234.237,bank_transfer,Bangkok,"11.238867,103.887602",35,M,2015-04-13,active,0.65,0,0,0,auto_approved,0.0389,2022
74b2352f-8345-47a6-9201-1d7ee2a6a2e2,U001004,2022-12-14 14:16:17,14:16:17,1447148.79,purchase,M00350,VND,failed,pos,D000751,76.183.195.13,debit_card,Hanoi,"9.60756,105.554175",46,M,2017-07-25,active,0.97,0,1,0,auto_approved,0.5141,2022
601d08c3-7fb0-4da7-bc20-e3e9c3ddd753,U000562,2022-11-30 15:03:57,15:03:57,473711.94,purchase,M00164,VND,success,desktop,D001294,46.121.217.28,credit_card,Bangkok,"14.415426,108.383949",62,M,2021-10-21,active,0.72,0,0,0,auto_approved,0.1619,2022
49515d8e-77cc-47fe-8f16-afb10d277ba7,U001441,2022-03-21 22:34:49,22:34:49,91449.27,bill_payment,M00441,VND,success,pos,D001358,157.34.128.218,mobile_wallet,Hanoi,"12.584226,103.565282",30,F,2016-08-29,active,0.61,0,1,0,auto_approved,0.303,2022
e4252833-5163-4669-be37-f54b7ad3de5b,U000389,2022-11-08 12:08:53,12:08:53,1928737.72,cash_withdrawal,M00300,USD,success,mobile,D001487,41.140.85.52,debit_card,Hanoi,"16.651592,103.945043",50,M,2021-10-07,active,0.79,1,0,0,auto_approved,0.3762,2022
5cbd8798-bc1a-42cd-ac56-91610d048b70,U001688,2022-06-08 08:26:41,08:26:41,832964.14,cash_withdrawal,M00417,VND,success,atm,D000753,54.174.205.244,bank_transfer,Bangkok,"9.954992,102.258657",66,M,2014-10-02,active,0.68,0,1,0,auto_approved,0.4818,2022
19d185aa-6939-4df9-9bc5-bdcad6500287,U001483,2022-03-18 10:13:42,10:13:42,799061.36,purchase,M00240,VND,success,desktop,D000875,156.149.165.156,credit_card,Da Nang,"21.218537,104.25749",61,M,2015-01-19,active,0.99,0,0,0,auto_approved,0.1578,2022
4c26d0b2-b7ed-489a-ad0f-d9e5072c92f2,U000885,2022-05-09 12:53:12,12:53:12,243651.34,purchase,M00169,VND,success,mobile,D001151,49.130.73.221,bank_transfer,Kuala Lumpur,"13.538734,105.161151",57,F,2021-06-30,active,0.91,0,0,0,auto_approved,0.0249,2022
5a20109a-a61f-4056-b911-dd8cf8b6c1ff,U001077,2022-06-29 17:23:13,17:23:13,124716.45,transfer,M00155,VND,success,mobile,D000815,87.190.141.150,mobile_wallet,Singapore,"20.21403,107.19433",39,M,2017-08-10,active,0.6,1,0,0,auto_approved,0.3084,2022
805a7ff3-1476-4655-9d4c-153e5f8e04dd,U001580,2022-05-13 20:49:59,20:49:59,2761977.04,purchase,M00394,USD,success,pos,D002490,93.140.218.232,debit_card,Da Nang,"8.011692,102.938727",59,M,2015-10-24,active,0.86,0,0,0,auto_approved,0.4443,2022
c7908e85-b523-4d5d-97b4-55abab6fb246,U000535,2022-07-07 17:02:53,17:02:53,556369.62,purchase,M00355,USD,success,pos,D002782,162.74.24.200,credit_card,Da Nang,"14.527625,104.036838",59,M,2020-09-15,active,0.72,0,0,0,auto_approved,0.0671,2022
485ba86c-78dd-4d58-88fb-c762659a00e2,U001203,2022-03-01 16:53:57,16:53:57,1479986.82,transfer,M00361,VND,success,atm,D001733,214.211.214.135,bank_transfer,Bangkok,"13.931059,107.688494",48,M,2016-04-23,active,0.99,0,0,0,auto_approved,0.2801,2022
f29065a7-0ada-45b0-8c4b-ab55a1087a06,U001138,2022-11-30 04:56:15,04:56:15,1453881.07,cash_withdrawal,M00047,VND,success,pos,D002294,7.148.87.145,bank_transfer,Bangkok,"18.913037,105.486342",31,M,2020-11-19,active,0.84,1,0,0,auto_approved,0.4066,2022
9270a9c1-148f-441c-9768-72554935136d,U001434,2022-03-17 21:56:33,21:56:33,1665340.5,online_payment,M00422,USD,success,atm,D001247,38.154.70.151,bank_transfer,Da Nang,"11.943282,105.832348",18,F,2020-05-27,active,0.54,0,0,0,auto_approved,0.3623,2022
dabde366-888f-4736-9ae0-80769c14a41f,U000773,2022-04-15 22:23:57,22:23:57,765419.99,purchase,M00372,USD,failed,desktop,D002451,108.154.223.43,bank_transfer,Singapore,"8.591187,106.779914",67,M,2018-04-23,active,0.96,0,0,0,auto_approved,0.2638,2022
69e8e3de-adad-488d-9fd8-a5e6cb4fb4b1,U001798,2022-01-05 05:04:40,05:04:40,163577.91,online_payment,M00377,USD,success,desktop,D002625,105.186.141.157,debit_card,Kuala Lumpur,"14.911074,107.838133",65,M,2020-05-19,active,0.98,0,0,0,auto_approved,0.3652,2022
0df5ac76-7016-41e0-83cd-299fde5e9140,U001470,2022-03-26 00:27:02,00:27:02,469321.69,transfer,M00129,VND,success,desktop,D001468,137.122.216.28,mobile_wallet,Ho Chi Minh City,"15.346682,106.862021",70,F,2019-03-11,active,0.7,0,0,0,auto_approved,0.2534,2022
d0477e9e-cefd-435c-98ec-a4bd8c4c70a0,U000839,2022-12-31 21:42:12,21:42:12,1504196.62,cash_withdrawal,M00282,VND,success,desktop,D001321,141.197.75.213,debit_card,Ho Chi Minh City,"11.692316,102.881766",59,M,2019-09-05,active,0.54,1,0,0,auto_approved,0.4229,2022
4fecef2d-c900-47db-bb67-2a43575e6dfc,U001819,2022-07-26 09:38:18,09:38:18,2097534.29,purchase,M00150,USD,success,pos,D002805,68.209.216.140,credit_card,Ho Chi Minh City,"9.504157,107.676106",22,F,2021-01-07,active,0.51,0,0,0,auto_approved,0.2068,2022
135d743a-a445-4a6b-b59f-e27814446294,U000857,2022-07-18 08:33:33,08:33:33,35289.08,cash_withdrawal,M00382,USD,success,atm,D001051,55.20.177.104,debit_card,Da Nang,"9.23099,105.253671",46,M,2020-01-03,active,0.62,0,0,0,auto_approved,0.2321,2022
437a63fe-7eeb-4119-a78e-f7ce590ebdf1,U000299,2022-12-20 06:22:28,06:22:28,1105751.33,purchase,M00190,USD,success,atm,D002400,205.100.76.141,mobile_wallet,Ho Chi Minh City,"9.651553,102.424604",32,F,2016-03-14,active,0.8,0,0,0,auto_approved,0.4218,2022
0f4cd246-32a4-4c58-ad46-9e8bb89c44b3,U000259,2022-11-26 18:29:36,18:29:36,106746.37,bill_payment,M00231,VND,success,mobile,D000479,14.93.159.241,mobile_wallet,Da Nang,"14.348904,103.70654",39,M,2022-06-30,active,0.73,0,0,0,auto_approved,0.2149,2022
838c58de-0264-411c-a2b6-e6b7cb96f4d5,U001157,2022-05-25 05:54:13,05:54:13,39070.06,purchase,M00442,USD,success,pos,D002740,122.205.160.152,debit_card,Ho Chi Minh City,"9.111762,108.14024",22,M,2014-07-13,active,0.68,0,1,0,auto_approved,0.4,2022
305addc0-770f-4768-9b25-b1d46102b1a6,U001951,2022-09-18 09:21:22,09:21:22,466760.65,bill_payment,M00322,USD,success,atm,D002668,66.253.157.81,bank_transfer,Da Nang,"14.225713,108.505846",38,M,2015-09-25,active,0.67,0,0,0,auto_approved,0.2845,2022
028f7a04-e19b-41d5-84bb-fe2e170a2283,U001793,2022-05-05 01:13:23,01:13:23,882692.93,online_payment,M00365,VND,success,atm,D001513,84.34.68.218,credit_card,Kuala Lumpur,"9.682152,106.380714",31,M,2018-09-17,active,0.49,0,0,0,auto_approved,0.2406,2022
930b4b8c-760a-40d1-a9ff-c96fc3c7f95e,U001629,2022-05-20 10:51:10,10:51:10,292578.27,bill_payment,M00313,VND,success,atm,D000164,142.136.105.174,mobile_wallet,Bangkok,"13.248476,107.597491",56,M,2021-04-06,active,0.97,0,0,0,auto_approved,0.3574,2022
0ac0852e-500a-4c09-a5b0-1d675014354c,U000601,2022-04-14 22:59:41,22:59:41,3043041.31,online_payment,M00340,USD,success,atm,D002632,205.102.71.77,bank_transfer,Kuala Lumpur,"11.556924,105.571174",32,F,2019-10-29,active,0.96,0,1,1,pending_review,0.5909,2022
b3ef400f-d3fd-458a-96cf-bc677b963ace,U001766,2022-04-27 21:35:40,21:35:40,2231356.99,online_payment,M00359,VND,success,desktop,D002346,237.209.26.71,bank_transfer,Ho Chi Minh City,"14.469927,107.069401",21,F,2016-02-01,active,0.96,0,0,0,auto_approved,0.1863,2022
751ddf3d-afd7-44e6-aa7c-d7cf4e7b8f8c,U001430,2022-10-11 02:45:05,02:45:05,161282.91,transfer,M00233,USD,success,atm,D002064,224.247.224.95,debit_card,Kuala Lumpur,"13.059144,105.2508",33,M,2018-08-04,under_review,0.47,0,0,0,auto_approved,0.439,2022
58c45729-3d8c-435f-9f18-14debdf2c0fc,U001400,2022-10-06 04:18:06,04:18:06,22522.14,online_payment,M00353,VND,success,pos,D002695,176.191.186.124,mobile_wallet,Hanoi,"19.580658,102.731174",40,M,2016-09-14,active,0.94,0,0,0,auto_approved,0.1424,2022
9f04fcf6-ce73-4627-95b6-b175ad21f812,U000685,2022-05-05 00:41:05,00:41:05,205484.47,online_payment,M00064,VND,success,atm,D002700,80.147.171.127,mobile_wallet,Hanoi,"9.667901,105.818914",69,F,2015-07-19,active,0.73,0,1,0,auto_approved,0.6337,2022
f6bffd45-a1b6-46a2-9390-c26f6d9f171d,U000438,2022-06-16 18:41:13,18:41:13,584512.93,online_payment,M00148,VND,success,mobile,D001112,222.134.211.87,credit_card,Bangkok,"21.30966,106.724763",43,F,2016-06-14,active,0.84,1,0,0,auto_approved,0.1839,2022
12a549d0-2adf-47d1-be7d-c97d910c7553,U001737,2022-02-10 09:12:08,09:12:08,2045232.47,cash_withdrawal,M00359,USD,success,pos,D001114,95.63.12.195,credit_card,Kuala Lumpur,"19.916102,103.90047",33,M,2016-02-18,active,0.81,0,0,0,auto_approved,0.0241,2022
48b818a6-993a-48e3-ba7f-0bf18d51ff40,U001605,2022-05-14 18:33:18,18:33:18,1420225.89,cash_withdrawal,M00305,USD,success,mobile,D002759,85.164.15.31,bank_transfer,Kuala Lumpur,"9.308377,102.48994",52,M,2016-12-01,active,0.66,0,0,0,auto_approved,0.0772,2022
0f2834ea-440a-4f48-aefb-553e91b041d0,U001487,2022-12-29 19:19:49,19:19:49,340369.49,transfer,M00365,USD,success,mobile,D001504,138.17.216.31,debit_card,Singapore,"8.341578,105.075067",70,M,2020-01-26,under_review,0.91,0,0,0,auto_approved,0.1534,2022
0424fd49-26e5-4a40-ba8b-79ed4857c4b9,U000847,2022-09-03 06:31:29,06:31:29,464847.89,transfer,M00325,VND,success,desktop,D001004,134.194.215.62,debit_card,Ho Chi Minh City,"13.397929,102.83227",61,F,2016-06-13,active,0.82,0,0,0,auto_approved,0.3158,2022
cd6d2338-7788-4ae5-b538-50b3340c769a,U000311,2022-11-11 19:33:53,19:33:53,1413113.9,purchase,M00372,USD,success,atm,D000889,33.34.98.203,bank_transfer,Singapore,"16.957582,108.077147",37,F,2018-02-14,active,0.48,0,0,0,auto_approved,0.2865,2022
089fd941-5167-40d9-a73e-d2a4b14f828c,U001350,2022-06-08 18:08:22,18:08:22,1258863.83,purchase,M00193,VND,success,mobile,D000304,88.0.124.105,credit_card,Da Nang,"8.777779,102.036749",62,F,2014-10-16,active,0.67,0,0,0,auto_approved,0.2237,2022
bfa41122-ede7-4ada-9a45-68f167a93c09,U001237,2022-10-15 23:26:05,23:26:05,216618.22,transfer,M00053,USD,success,atm,D002417,51.149.76.62,credit_card,Hanoi,"11.180286,103.727638",25,F,2022-04-27,under_review,0.6,0,0,0,auto_approved,0.1419,2022
b61cc621-102b-497a-bd10-33eefceae704,U000138,2022-08-07 03:40:16,03:40:16,96429.93,cash_withdrawal,M00356,VND,success,mobile,D002514,234.122.170.18,bank_transfer,Da Nang,"17.505064,104.155714",51,F,2016-03-14,active,0.81,0,0,0,auto_approved,0.0363,2022
af684001-9a16-4473-b996-b1f2d13c23a9,U001504,2022-08-04 21:46:34,21:46:34,269787.63,transfer,M00071,VND,success,desktop,D001965,106.132.174.31,credit_card,Da Nang,"16.894882,102.624474",55,F,2018-04-23,active,0.63,0,0,0,auto_approved,0.0865,2022
b4527a0b-5400-4564-9c3a-b8a359144008,U000572,2022-10-09 17:29:37,17:29:37,435998.37,cash_withdrawal,M00037,USD,success,mobile,D001854,159.86.4.182,mobile_wallet,Kuala Lumpur,"10.038028,104.49961",39,F,2015-08-31,active,0.89,0,0,0,auto_approved,0.0496,2022
a3ffd84e-f854-424f-bbb6-f74db5acf150,U001037,2022-01-08 10:25:11,10:25:11,495277.22,cash_withdrawal,M00482,VND,success,pos,D001487,80.57.32.21,mobile_wallet,Ho Chi Minh City,"14.547075,103.655366",55,F,2016-04-11,under_review,1.0,0,1,0,auto_approved,0.4679,2022
2affa6d3-4dd8-4b31-8928-946050f93985,U000673,2022-04-10 04:11:58,04:11:58,1309252.92,purchase,M00366,USD,success,mobile,D000726,31.61.107.82,debit_card,Da Nang,"8.824942,106.551893",35,F,2020-03-23,active,0.8,0,0,0,auto_approved,0.3569,2022
f6e32f90-508b-4039-98aa-a8f94293fcde,U000968,2022-08-20 17:33:30,17:33:30,413562.13,bill_payment,M00038,VND,success,desktop,D000783,15.64.21.21,bank_transfer,Da Nang,"17.901374,103.442888",26,M,2015-06-01,active,0.82,0,0,0,auto_approved,0.2154,2022
c887b881-c06a-486e-b220-2734fca903cd,U000326,2022-12-31 04:07:06,04:07:06,435581.48,bill_payment,M00241,USD,success,pos,D001053,156.20.211.92,debit_card,Ho Chi Minh City,"20.600893,102.540865",30,F,2018-01-12,active,0.8,0,0,0,auto_approved,0.1494,2022
c329e071-5057-4c17-825b-d9d7ac6995bb,U000881,2022-10-29 10:02:37,10:02:37,158860.61,purchase,M00482,VND,success,pos,D002937,67.235.189.50,mobile_wallet,Kuala Lumpur,"16.026152,106.893017",24,M,2022-08-20,active,0.92,0,0,0,auto_approved,0.1287,2022
5393d052-faeb-4d40-8add-ed0ee962b46e,U001405,2022-04-13 13:38:27,13:38:27,364078.31,online_payment,M00419,USD,success,mobile,D002893,253.119.58.43,bank_transfer,Da Nang,"13.875835,104.59666",32,M,2016-12-18,active,0.46,0,0,0,auto_approved,0.186,2022
057f910a-3ca7-4812-ae31-fb0bc0e1b401,U000798,2022-08-22 18:49:02,18:49:02,1687115.42,online_payment,M00476,USD,success,pos,D002355,178.2.71.16,credit_card,Bangkok,"17.213216,105.872914",21,F,2018-12-07,active,0.64,0,0,0,auto_approved,0.4066,2022
d6fb8489-a9a2-4c76-9f78-4c91084e1c67,U000548,2022-04-25 06:19:12,06:19:12,407163.6,online_payment,M00322,VND,success,desktop,D002139,243.219.163.176,debit_card,Ho Chi Minh City,"13.389747,105.198778",26,F,2014-08-20,active,0.87,0,0,0,auto_approved,0.4168,2022
591c0f04-6544-4c1f-ba90-7624a64611ca,U000735,2022-12-21 20:16:33,20:16:33,929678.26,purchase,M00099,USD,success,pos,D001672,128.13.198.124,credit_card,Ho Chi Minh City,"12.71836,105.331347",31,F,2017-05-02,active,0.81,1,0,0,auto_approved,0.3455,2022
d6c25d59-a238-451b-baab-f8832a7de8e4,U000589,2022-05-16 16:45:28,16:45:28,646028.3,online_payment,M00090,VND,success,desktop,D001810,143.46.207.18,credit_card,Singapore,"10.266596,105.743021",46,F,2014-12-23,active,0.47,0,0,0,auto_approved,0.2009,2022
6b7e936d-79b3-493f-b5cf-d0550bfd8df0,U001602,2022-11-18 09:19:48,09:19:48,147973.91,purchase,M00244,VND,success,desktop,D001554,213.131.5.221,bank_transfer,Ho Chi Minh City,"11.809848,103.574322",53,M,2022-06-14,active,0.6,0,0,0,auto_approved,0.2153,2022
e26facfd-89ac-4b7e-a120-51047be4b25c,U000057,2022-08-24 21:42:37,21:42:37,3023442.36,online_payment,M00364,USD,success,atm,D002547,15.163.132.76,credit_card,Da Nang,"14.958793,104.094813",27,F,2019-09-07,active,0.87,0,1,1,pending_review,0.2731,2022
ad3d3dd1-ce42-4dfe-97ce-55e9006d19fa,U001353,2022-03-25 16:53:00,16:53:00,650774.79,online_payment,M00096,USD,success,desktop,D002957,141.196.44.129,credit_card,Ho Chi Minh City,"8.226944,102.663293",33,F,2020-05-28,active,0.78,0,0,0,auto_approved,0.2383,2022
3f94c27d-7052-4616-9f26-48f77c663d53,U000693,2022-05-26 23:49:39,23:49:39,1071944.96,cash_withdrawal,M00008,USD,success,atm,D001482,190.186.217.134,mobile_wallet,Hanoi,"18.53897,108.581062",30,M,2015-07-21,active,0.84,0,1,1,pending_review,0.4618,2022
5145c016-31c2-4355-a486-89b0ab5521db,U001767,2022-10-31 19:00:13,19:00:13,1756617.51,cash_withdrawal,M00461,USD,success,mobile,D002079,201.12.166.161,bank_transfer,Singapore,"19.396192,108.559237",53,F,2022-08-01,active,0.52,0,0,0,auto_approved,0.4305,2022
f940d9d3-1a6e-4b5f-b990-37cc6e8cd7de,U001513,2022-03-25 16:29:50,16:29:50,1165741.59,cash_withdrawal,M00269,USD,success,pos,D000941,248.97.112.29,mobile_wallet,Ho Chi Minh City,"12.681778,102.933164",30,F,2014-08-01,active,0.69,0,0,0,auto_approved,0.4249,2022
94799527-e1f8-4ec4-9639-a15c1bca8c93,U001112,2022-08-24 12:22:51,12:22:51,271118.32,transfer,M00123,USD,failed,desktop,D001023,41.149.206.199,bank_transfer,Bangkok,"16.806549,102.819605",32,F,2019-01-22,active,0.64,0,0,0,auto_approved,0.2829,2022
ba2a115e-1027-4582-b54b-d96288096e1f,U001596,2022-10-19 21:30:40,21:30:40,143341.83,bill_payment,M00312,USD,success,atm,D002035,197.137.250.123,bank_transfer,Da Nang,"16.898736,105.307457",19,M,2019-09-22,active,0.67,2,1,1,pending_review,0.2404,2022
82041a40-cbed-409f-a925-5997d338340b,U001996,2022-11-12 19:34:19,19:34:19,165348.62,bill_payment,M00317,VND,success,mobile,D002317,247.110.184.115,bank_transfer,Kuala Lumpur,"8.504726,104.924503",35,F,2020-05-08,active,0.55,1,0,0,auto_approved,0.2431,2022
ce971502-63ce-4610-8c56-f7438572e680,U001818,2022-01-20 07:33:37,07:33:37,1610869.24,purchase,M00097,VND,success,mobile,D001048,186.214.172.144,debit_card,Ho Chi Minh City,"18.37061,106.833044",21,F,2014-08-21,under_review,0.78,0,0,0,auto_approved,0.4499,2022
a1ea2bad-0bfa-49c3-8208-9e998265f6bc,U001121,2022-12-05 01:24:56,01:24:56,914826.24,transfer,M00053,USD,success,desktop,D000967,169.210.200.242,bank_transfer,Da Nang,"15.579134,108.442253",48,M,2015-03-07,active,0.79,0,0,0,auto_approved,0.0362,2022
bda0cb1d-5c16-45d9-80dd-047dd6a08106,U000928,2022-06-17 11:12:54,11:12:54,650294.53,bill_payment,M00276,VND,failed,desktop,D002046,183.115.150.19,credit_card,Bangkok,"13.590822,105.592195",35,F,2021-10-16,active,0.66,0,0,0,auto_approved,0.2872,2022
9c9c3232-f1cf-4670-a3a1-6120a6a7d0f7,U000558,2022-05-30 15:57:14,15:57:14,238469.42,online_payment,M00326,USD,success,mobile,D001064,180.190.59.120,mobile_wallet,Da Nang,"16.27291,102.646912",30,F,2018-05-10,active,0.48,0,0,0,auto_approved,0.4062,2022
ddf64193-5395-42e7-8196-a7f6b3fea79b,U000226,2022-04-11 13:03:08,13:03:08,334791.72,transfer,M00262,USD,success,pos,D000230,62.211.20.195,mobile_wallet,Hanoi,"18.166923,103.304283",38,M,2020-04-02,active,0.71,0,0,0,auto_approved,0.1453,2022
37ac4bdc-013f-45ae-b7f4-fcd2edb6ac1c,U001066,2022-12-16 02:57:47,02:57:47,175625.63,cash_withdrawal,M00106,VND,success,mobile,D000085,241.126.247.111,credit_card,Ho Chi Minh City,"20.581666,107.842645",69,M,2014-10-19,active,0.74,0,0,0,auto_approved,0.3463,2022
9fb4a249-1d01-4f14-a4a2-81293d5610b7,U001328,2022-02-25 23:29:38,23:29:38,529907.99,bill_payment,M00468,USD,success,pos,D001154,59.192.57.45,debit_card,Ho Chi Minh City,"20.521985,107.884249",19,M,2014-09-12,active,1.0,0,0,0,auto_approved,0.2095,2022
7a562484-2b51-4431-a1a4-035ab4ea97e0,U000611,2022-05-24 08:18:50,08:18:50,121988.58,online_payment,M00174,VND,success,mobile,D000436,217.106.59.207,credit_card,Hanoi,"13.40415,108.255863",39,M,2014-08-19,active,0.71,0,1,1,pending_review,0.2672,2022
a49dd998-fcf0-48dc-82e7-69c740f69c95,U001674,2022-10-23 21:57:31,21:57:31,6004.05,transfer,M00407,VND,success,pos,D002965,176.32.50.190,credit_card,Singapore,"12.171102,103.473499",39,M,2016-11-14,active,0.82,0,0,0,auto_approved,0.0594,2022
ce22dceb-eeac-4c26-bc78-e0060cf4a9da,U001321,2022-09-24 02:44:21,02:44:21,1206180.76,transfer,M00140,VND,failed,desktop,D000102,50.117.14.105,debit_card,Bangkok,"21.226558,103.469792",69,F,2017-05-04,active,0.74,0,0,0,auto_approved,0.4236,2022
b3a51b68-aea5-4c4c-9493-bd462aa086e7,U001101,2022-02-11 08:35:13,08:35:13,829743.36,purchase,M00297,VND,success,pos,D001662,194.187.73.183,mobile_wallet,Ho Chi Minh City,"17.491137,105.235729",34,M,2014-04-02,active,0.92,0,1,0,auto_approved,0.3989,2022
b36a530b-a1bf-4bee-97ac-35dc5436bbdf,U000811,2022-04-16 06:29:41,06:29:41,34574.52,transfer,M00438,USD,success,desktop,D000492,243.198.165.247,credit_card,Da Nang,"16.337845,108.770107",23,F,2016-07-07,active,0.46,1,0,0,auto_approved,0.2447,2022
7050dec7-6a83-486e-818d-02eedf71c368,U001307,2022-11-01 20:07:16,20:07:16,163574.38,transfer,M00039,USD,success,atm,D002274,233.39.147.167,debit_card,Hanoi,"15.84269,104.92318",48,M,2020-03-06,active,0.82,0,0,0,auto_approved,0.286,2022
a5a004c1-0fd4-4b4e-9a21-9381de82513c,U001856,2022-10-10 19:09:40,19:09:40,3071.33,bill_payment,M00276,VND,success,desktop,D000550,154.245.205.31,bank_transfer,Hanoi,"20.593585,108.37087",21,F,2022-03-27,under_review,0.6,0,0,0,auto_approved,0.3454,2022
bed03e0b-7b3d-4340-9c5a-060372be5339,U001675,2022-11-08 03:50:06,03:50:06,1253392.34,online_payment,M00149,VND,success,pos,D001009,182.58.188.42,bank_transfer,Ho Chi Minh City,"17.655475,103.737882",52,F,2020-05-17,active,0.47,0,0,0,auto_approved,0.2684,2022
ee72e859-8c68-4c63-a0b8-3f1ee8cbef7a,U001434,2022-07-22 21:52:29,21:52:29,562908.42,bill_payment,M00296,VND,success,desktop,D002839,91.110.148.112,bank_transfer,Da Nang,"21.92318,103.525398",25,F,2019-02-02,active,0.82,2,1,0,auto_approved,0.4511,2022
6bb9bcdb-f605-475b-843f-08736afaf4d3,U000281,2022-01-18 12:43:15,12:43:15,213057.89,purchase,M00336,VND,success,atm,D002365,189.97.125.238,bank_transfer,Hanoi,"8.158765,106.160605",58,F,2019-02-24,active,0.92,0,0,0,auto_approved,0.1148,2022
921a3578-5351-4496-8373-2e150fbb1be2,U001203,2022-08-28 12:34:06,12:34:06,226060.69,cash_withdrawal,M00322,USD,failed,atm,D000962,61.111.54.213,mobile_wallet,Singapore,"8.263036,107.150652",57,M,2019-12-25,active,0.48,0,0,0,auto_approved,0.347,2022
5e849287-aa50-40be-ae80-ef9165987f2d,U000068,2022-06-14 09:45:48,09:45:48,2180.98,purchase,M00444,VND,success,desktop,D002581,11.89.149.220,mobile_wallet,Singapore,"10.930917,105.576463",25,M,2017-12-16,active,0.64,0,0,0,auto_approved,0.0369,2022
4b13e26d-1ed9-4a33-a252-eed75a2bfd0e,U001256,2022-08-30 03:10:03,03:10:03,336642.01,bill_payment,M00256,VND,success,pos,D002983,210.226.124.106,bank_transfer,Da Nang,"9.030031,102.342032",45,M,2017-08-28,under_review,0.88,0,0,0,auto_approved,0.1884,2022
35049ba0-b08c-45ed-a798-679aaf863054,U000049,2022-04-25 18:07:42,18:07:42,180547.85,bill_payment,M00174,VND,success,mobile,D002164,120.12.43.248,bank_transfer,Ho Chi Minh City,"8.481046,107.663718",31,M,2016-03-02,active,0.92,1,0,0,auto_approved,0.3809,2022
5996c242-3954-48dd-ae31-b6c3e88f221a,U000838,2022-10-29 13:32:32,13:32:32,404684.82,bill_payment,M00257,VND,success,atm,D000181,187.225.44.167,mobile_wallet,Ho Chi Minh City,"19.071263,104.878546",63,F,2020-03-09,active,0.83,0,0,0,auto_approved,0.1403,2022
8e79ea07-ca67-4018-9dfd-251160e39bdb,U000900,2022-05-15 01:18:35,01:18:35,1321925.2,transfer,M00367,USD,success,pos,D000486,176.197.216.214,credit_card,Kuala Lumpur,"11.67517,106.151942",50,M,2017-07-06,active,0.62,0,0,0,auto_approved,0.128,2022
3b30894c-7bd3-475f-b932-8db72fe21e66,U001579,2022-02-27 00:48:45,00:48:45,122533.48,transfer,M00291,USD,success,desktop,D001743,243.6.3.169,credit_card,Kuala Lumpur,"14.973649,107.485614",63,M,2018-02-20,active,0.68,0,0,0,auto_approved,0.0393,2022
3bb1a973-947e-4c0f-a260-654b1dbe0296,U001002,2022-02-10 11:51:42,11:51:42,254836.76,purchase,M00424,USD,success,desktop,D002352,1.253.198.166,debit_card,Ho Chi Minh City,"11.896656,103.901545",67,F,2019-04-22,active,0.48,0,0,0,auto_approved,0.0637,2022
8b9a803c-db06-4c1e-a633-e11b9cbe0c47,U001925,2022-01-02 22:19:05,22:19:05,1972372.47,purchase,M00416,USD,success,atm,D001007,204.111.105.89,credit_card,Kuala Lumpur,"10.430589,104.337925",56,M,2015-07-16,active,0.65,0,0,0,auto_approved,0.1992,2022
ae38c095-c285-4e86-a848-58dfe03dfce2,U000022,2022-01-03 13:33:32,13:33:32,233418.2,bill_payment,M00187,USD,success,mobile,D002463,14.172.193.218,credit_card,Bangkok,"21.736328,104.197557",41,M,2019-10-18,active,0.54,0,0,0,auto_approved,0.0801,2022
3a00d179-11e4-4f11-bdca-11a36da82a9c,U001802,2022-06-13 02:38:59,02:38:59,2121138.97,purchase,M00080,USD,success,pos,D002184,70.161.27.157,mobile_wallet,Da Nang,"14.62443,104.99248",34,M,2021-06-11,active,0.69,0,0,0,auto_approved,0.1123,2022
695938b9-7a2b-49f2-ad71-5e9ec6b1ca3d,U000763,2022-01-28 22:55:14,22:55:14,2334324.15,purchase,M00473,USD,success,mobile,D001512,70.246.247.213,credit_card,Bangkok,"19.807748,106.223758",34,F,2019-08-07,active,0.74,0,0,0,auto_approved,0.0309,2022
269691c4-2078-4e27-8c23-f5a912e27d99,U001071,2022-03-31 07:40:45,07:40:45,94116.02,purchase,M00316,VND,pending,atm,D002402,108.194.181.52,bank_transfer,Bangkok,"16.909814,103.603793",66,F,2021-10-09,active,0.89,0,0,0,auto_approved,0.2016,2022
f1e54a94-f92a-402b-ad8d-13d9b97f46ad,U001523,2022-01-22 06:26:41,06:26:41,1947033.66,cash_withdrawal,M00404,VND,success,mobile,D000530,188.55.247.31,debit_card,Ho Chi Minh City,"16.324229,108.264451",20,F,2020-03-06,active,0.82,0,0,0,auto_approved,0.2216,2022
df60a862-98a4-46fb-adfc-af8a8266e4ba,U000505,2022-03-09 10:16:19,10:16:19,76428.14,cash_withdrawal,M00163,USD,success,desktop,D000481,112.135.107.109,mobile_wallet,Da Nang,"10.612035,105.429685",33,F,2021-06-30,active,0.49,0,0,0,auto_approved,0.2576,2022
5244c1eb-c32e-4b71-aacf-de49813fc37e,U000671,2022-03-16 23:11:14,23:11:14,503748.75,transfer,M00038,USD,success,mobile,D000801,75.19.137.84,debit_card,Da Nang,"18.865489,104.145269",65,F,2016-11-19,active,0.98,0,0,0,auto_approved,0.1217,2022
f85f9e47-e83e-49f7-919a-20326b384233,U000821,2022-03-11 02:01:56,02:01:56,135830.79,cash_withdrawal,M00037,USD,pending,pos,D000963,134.129.74.191,bank_transfer,Da Nang,"15.475972,108.135957",41,F,2018-11-17,active,0.76,0,0,0,auto_approved,0.3203,2022
0db36c7b-1662-40cd-b73f-6081194583cc,U000974,2022-06-23 07:48:07,07:48:07,1233486.65,bill_payment,M00054,VND,success,desktop,D002933,16.1.81.109,credit_card,Kuala Lumpur,"10.80416,102.807806",48,M,2017-09-26,active,0.46,0,0,0,auto_approved,0.4435,2022
56fbf8aa-fa2d-40a2-b0c7-670bd1490495,U000190,2022-08-31 16:19:06,16:19:06,1219511.57,transfer,M00460,VND,success,mobile,D002569,131.202.229.224,debit_card,Hanoi,"8.939064,103.642371",18,M,2019-01-01,active,0.92,1,0,0,auto_approved,0.3627,2022
8a2b4c05-8833-4c33-b9f1-580d56f2be27,U000646,2022-08-07 01:35:18,01:35:18,158032.67,bill_payment,M00173,USD,success,pos,D001219,61.221.140.179,bank_transfer,Ho Chi Minh City,"19.503348,106.530241",26,F,2020-07-02,active,0.86,0,0,0,auto_approved,0.3017,2022
5f0290b8-9180-4c83-9e09-3835c1bba298,U000068,2022-06-13 16:51:46,16:51:46,1214985.36,bill_payment,M00231,USD,success,pos,D001704,254.67.232.51,credit_card,Kuala Lumpur,"16.887992,102.395468",63,F,2014-04-06,active,0.94,0,0,0,auto_approved,0.128,2022
19237ab8-18fd-4d83-b1ed-b1374c87d335,U000745,2022-04-28 09:37:54,09:37:54,99545.7,bill_payment,M00148,USD,success,desktop,D001411,50.252.122.232,debit_card,Singapore,"19.542101,104.86497",64,F,2017-05-13,active,0.49,0,0,0,auto_approved,0.427,2022
185ff21e-6cb3-4f6a-9383-4b122945db81,U000973,2022-03-24 01:46:46,01:46:46,578261.78,transfer,M00398,VND,success,mobile,D000315,120.133.133.238,mobile_wallet,Bangkok,"20.33132,108.5199",29,M,2020-05-21,active,0.84,0,0,0,auto_approved,0.4476,2022
5cd16d24-107c-46bf-887e-4a9da59165c0,U000121,2022-12-28 18:50:44,18:50:44,4717997.65,online_payment,M00245,USD,success,atm,D001632,214.183.2.110,bank_transfer,Ho Chi Minh City,"15.912221,107.413732",34,M,2017-07-27,active,0.5,0,1,0,auto_approved,0.6083,2022
96fe2296-372a-4200-b78a-551dbb369ee0,U001573,2022-04-29 11:37:24,11:37:24,652529.09,cash_withdrawal,M00180,VND,success,pos,D000476,4.187.12.23,credit_card,Ho Chi Minh City,"21.889944,106.712428",59,M,2019-09-08,active,0.57,0,0,0,auto_approved,0.1929,2022
e32ac11b-c8ed-495b-bd3e-1d6ea864d050,U001292,2022-04-23 11:16:50,11:16:50,639885.16,transfer,M00412,USD,success,desktop,D002349,207.1.115.4,credit_card,Da Nang,"16.859299,104.072981",49,F,2014-03-03,active,0.51,0,0,0,auto_approved,0.1652,2022
c5cde494-394f-4cf3-81bb-d5565067432b,U000498,2022-03-25 18:39:50,18:39:50,302158.07,online_payment,M00429,USD,success,pos,D001111,229.82.92.227,credit_card,Ho Chi Minh City,"11.428949,108.04274",19,F,2017-11-01,active,0.61,0,0,0,auto_approved,0.2109,2022
dfe96b11-cf25-4405-b2d7-3cdd30703325,U001883,2022-06-18 10:01:37,10:01:37,975469.45,purchase,M00022,VND,success,atm,D000927,229.138.83.52,debit_card,Hanoi,"20.246574,105.53369",23,F,2015-12-09,active,0.81,1,0,0,auto_approved,0.2848,2022
a1f754a4-fb81-438f-8cab-0617af6e2b1e,U001747,2022-07-12 14:00:26,14:00:26,1711446.1,cash_withdrawal,M00253,VND,success,pos,D001575,160.4.226.136,mobile_wallet,Hanoi,"14.687489,106.110769",59,M,2016-01-31,active,0.47,0,0,0,auto_approved,0.4144,2022
adff268a-6f12-4bee-be7b-bafffccc5afc,U000426,2022-11-18 07:13:30,07:13:30,598027.88,cash_withdrawal,M00293,VND,success,desktop,D000344,19.107.221.190,debit_card,Bangkok,"11.488367,104.803211",51,M,2020-11-29,active,0.98,0,0,0,auto_approved,0.1376,2022
6d6de819-c5be-4e43-aa2a-d7de4e67272b,U001162,2022-09-10 02:36:09,02:36:09,110920.91,online_payment,M00337,VND,success,atm,D002728,234.132.180.195,credit_card,Ho Chi Minh City,"20.105178,107.229953",70,M,2014-09-27,active,0.5,0,0,0,auto_approved,0.1396,2022
2b394d4d-4fcb-4809-8fd5-e2a1ccec793a,U001524,2022-04-15 18:39:46,18:39:46,773445.07,cash_withdrawal,M00151,VND,success,desktop,D000710,230.120.199.247,credit_card,Ho Chi Minh City,"21.643057,102.585791",65,M,2016-01-16,active,0.55,0,0,0,auto_approved,0.403,2022
ce710235-d48d-4738-b0d1-1ff35ab29113,U000807,2022-11-07 00:34:34,00:34:34,184044.62,online_payment,M00363,VND,success,mobile,D002509,115.230.132.184,credit_card,Da Nang,"15.94978,108.401572",21,M,2019-06-22,active,0.8,0,0,0,auto_approved,0.4153,2022
d1cf5ce8-b4db-4dec-8614-68ee724b73ce,U001082,2022-06-30 22:40:11,22:40:11,183600.2,transfer,M00355,VND,success,mobile,D001477,182.42.60.205,mobile_wallet,Kuala Lumpur,"17.697045,102.290339",69,M,2015-09-22,active,0.52,0,0,0,auto_approved,0.4164,2022
a693e41c-4e4b-49ce-ad4c-cfd8ad581c06,U000686,2022-03-26 17:17:30,17:17:30,740015.93,bill_payment,M00307,USD,success,mobile,D002367,107.140.181.236,mobile_wallet,Hanoi,"13.199955,107.783499",40,M,2014-01-11,active,0.71,0,0,0,auto_approved,0.1291,2022
0afe429d-771d-4197-b5cd-5eac96dc6614,U001023,2022-11-30 07:04:50,07:04:50,74234.93,purchase,M00013,USD,success,atm,D002912,2.143.216.157,credit_card,Da Nang,"18.241266,107.938175",25,M,2014-10-15,active,0.78,2,1,1,pending_review,0.2904,2022
acc31dc4-6ce3-4ed1-8359-d5d851e07ed4,U000058,2022-03-11 17:09:59,17:09:59,832703.92,transfer,M00328,VND,success,mobile,D001292,203.82.139.42,mobile_wallet,Kuala Lumpur,"13.214963,102.764053",70,M,2018-06-14,active,0.63,0,0,0,auto_approved,0.1454,2022
de7889e2-a4a5-46b2-92ad-7dcc1d15bb86,U000155,2022-02-18 09:50:09,09:50:09,40652.47,online_payment,M00475,VND,success,pos,D000015,66.216.215.23,mobile_wallet,Singapore,"20.963375,105.91129",70,F,2018-10-20,active,0.98,0,0,0,auto_approved,0.2283,2022
08e705e4-e491-4839-9b43-e9bf4bf0276d,U001335,2022-03-16 23:51:25,23:51:25,389569.2,online_payment,M00181,VND,success,mobile,D001036,158.66.142.2,bank_transfer,Ho Chi Minh City,"10.333709,105.070801",26,F,2020-08-06,active,0.82,0,1,1,pending_review,0.2563,2022
761bc723-0364-47bf-9871-69119b217aad,U001405,2022-08-27 23:28:09,23:28:09,164854.26,cash_withdrawal,M00118,VND,success,mobile,D000317,128.60.152.125,debit_card,Bangkok,"15.30712,107.17315",49,F,2018-08-01,active,0.73,0,0,0,auto_approved,0.4437,2022
fc7635aa-7055-4df3-be80-e297c9f24d12,U001887,2022-07-12 07:25:18,07:25:18,1651741.8,transfer,M00489,USD,success,atm,D000150,200.55.87.174,credit_card,Ho Chi Minh City,"8.326229,106.479795",20,M,2018-06-02,active,0.94,0,0,0,auto_approved,0.1244,2022
68a98177-e22b-4bf3-b63b-5a86774cf3ee,U000758,2022-10-10 09:31:17,09:31:17,476678.84,bill_payment,M00176,USD,success,pos,D002012,254.126.30.219,mobile_wallet,Ho Chi Minh City,"19.933627,106.2394",54,M,2020-09-15,active,0.87,0,0,0,auto_approved,0.2661,2022
d3566958-0cb1-4d14-8904-b7571dcfe1a3,U000736,2022-05-14 12:07:55,12:07:55,143174.23,cash_withdrawal,M00095,VND,success,pos,D002992,81.30.196.237,bank_transfer,Hanoi,"17.304028,106.181743",66,M,2019-08-03,active,0.45,0,0,0,auto_approved,0.3198,2022
340bd860-be3d-484c-9a82-1c8e2e7c3310,U001114,2022-10-24 03:35:16,03:35:16,2825557.26,purchase,M00232,VND,success,desktop,D000734,95.39.44.157,debit_card,Bangkok,"19.370389,104.424739",51,M,2021-11-03,active,0.53,0,0,0,auto_approved,0.2807,2022
753d16fa-1fa8-4481-acbf-45c5ef4bc7c1,U001509,2022-02-22 02:43:08,02:43:08,684750.93,bill_payment,M00105,VND,success,atm,D001662,213.29.94.33,credit_card,Hanoi,"15.85224,108.422248",32,F,2015-05-25,active,0.9,0,1,0,auto_approved,0.2509,2022
9630f2f6-f2ff-4282-b714-6e979aeeb77b,U001257,2022-04-07 05:00:44,05:00:44,64477.73,online_payment,M00354,USD,success,atm,D001153,156.85.235.33,debit_card,Kuala Lumpur,"11.705784,106.98162",22,M,2019-01-21,active,0.92,0,0,0,auto_approved,0.1314,2022
a69bf2ef-a6ec-47ec-a90f-06ef05dce565,U001832,2022-09-02 16:00:46,16:00:46,485393.11,transfer,M00077,USD,success,desktop,D002076,250.201.118.191,debit_card,Kuala Lumpur,"14.087572,106.107749",57,M,2020-11-14,active,0.73,0,0,0,auto_approved,0.4447,2022
ade0925b-37c0-41f3-a72e-a055972213ce,U000835,2022-04-29 01:46:37,01:46:37,45153.08,online_payment,M00379,VND,success,pos,D002876,85.156.83.144,mobile_wallet,Da Nang,"19.88504,108.109703",34,M,2020-11-25,active,0.5,0,0,0,auto_approved,0.4085,2022
0bcf7993-f423-4b2e-92ef-3252c8ee0b03,U001205,2022-04-18 05:24:23,05:24:23,748783.49,cash_withdrawal,M00312,VND,success,pos,D001198,221.17.5.52,mobile_wallet,Hanoi,"10.808106,106.92549",29,M,2014-08-24,active,0.46,0,0,0,auto_approved,0.0953,2022
ac80072f-75ec-4e5f-9b9e-675d53d45483,U001499,2022-06-30 10:30:41,10:30:41,687393.53,transfer,M00432,USD,success,pos,D001077,64.166.215.221,mobile_wallet,Ho Chi Minh City,"9.64591,106.790953",50,M,2014-07-23,active,0.71,0,0,0,auto_approved,0.1394,2022
f095b4bb-36ce-437e-ac97-3a147f51c54b,U000111,2022-10-22 18:17:00,18:17:00,210833.68,online_payment,M00378,VND,success,atm,D002519,202.57.100.226,credit_card,Ho Chi Minh City,"11.007847,106.237776",41,F,2022-06-14,active,0.51,0,1,1,pending_review,0.5795,2022
d49a493f-03af-4da7-bfb5-07175143d7c6,U000520,2022-02-15 15:01:48,15:01:48,553272.67,bill_payment,M00034,VND,success,atm,D002826,131.19.131.95,debit_card,Kuala Lumpur,"9.768152,106.979406",18,M,2015-04-09,active,0.54,0,0,0,auto_approved,0.3922,2022
3c79b6f4-e1e8-4344-a1cd-b3a9fa5047f3,U000001,2022-08-25 09:12:49,09:12:49,1011489.33,transfer,M00210,USD,success,atm,D001469,155.46.203.72,mobile_wallet,Kuala Lumpur,"13.939344,104.356818",56,M,2018-02-23,active,0.68,0,0,0,auto_approved,0.0182,2022
211cefad-f696-43a2-9f64-7709836da744,U000813,2022-12-05 22:21:41,22:21:41,198840.27,purchase,M00073,VND,success,pos,D001787,25.134.72.253,debit_card,Ho Chi Minh City,"14.67744,106.283016",23,F,2018-02-27,active,0.52,1,0,0,auto_approved,0.5689,2022
48173126-993f-4c11-a946-41a089b9907d,U000190,2022-09-09 06:12:30,06:12:30,71117.72,purchase,M00022,VND,success,mobile,D000517,216.79.193.30,credit_card,Bangkok,"11.85149,105.466362",57,M,2016-12-04,active,0.76,0,0,0,auto_approved,0.0999,2022
409c17a1-ab48-4a65-8088-a22b098d468d,U001961,2022-10-04 21:22:05,21:22:05,306814.57,purchase,M00376,USD,success,pos,D000405,100.251.207.233,debit_card,Singapore,"14.7981,107.380993",34,F,2019-03-15,active,0.82,0,0,0,auto_approved,0.4269,2022
cd4016c2-3643-4a69-b02e-51b87599af0c,U001329,2022-07-07 22:26:45,22:26:45,672909.73,online_payment,M00256,USD,success,mobile,D002059,96.140.146.54,credit_card,Da Nang,"20.609073,102.913849",39,F,2017-01-26,active,0.6,1,0,0,auto_approved,0.5155,2022
6059352a-957c-4047-b6b7-7d56cda1a308,U001226,2022-03-05 02:06:53,02:06:53,515250.24,bill_payment,M00486,VND,success,mobile,D000777,10.43.117.136,bank_transfer,Ho Chi Minh City,"10.889279,102.904138",24,M,2016-04-20,active,0.93,0,0,0,auto_approved,0.209,2022
12df6965-9b2b-4c01-9db4-0746ab32607a,U001179,2022-02-01 09:04:24,09:04:24,249750.39,bill_payment,M00216,VND,success,mobile,D000098,223.207.12.150,bank_transfer,Da Nang,"14.324005,102.322977",70,M,2015-06-04,active,0.7,1,0,0,auto_approved,0.2525,2022
54b93158-2130-44ae-ab7d-9c87bcf4cea5,U001799,2022-07-16 17:57:40,17:57:40,289515.93,bill_payment,M00332,USD,success,mobile,D000018,106.152.11.126,debit_card,Hanoi,"9.869766,104.792522",65,F,2016-09-11,active,1.0,0,0,0,auto_approved,0.1728,2022
1da84fa5-d8e3-485e-85b4-63b1ca0ebe41,U000066,2022-03-23 19:56:39,19:56:39,653075.86,bill_payment,M00305,USD,success,desktop,D000809,114.253.220.55,credit_card,Ho Chi Minh City,"9.740461,105.664338",52,M,2018-05-25,active,0.96,0,0,0,auto_approved,0.3018,2022
